[[13, 28, 45, 56, 61, 95, 123, 190, 206, 214, 264, 305, 315, 332, 368, 381, 419, 434, 451, 467, 475, 494, 510, 571, 572, 601, 604, 607, 611, 668, 680, 682, 757, 799, 820, 824, 848, 864, 878, 908, 910, 920],
[24, 30, 64, 65, 81, 83, 87, 124, 148, 192, 193, 200, 202, 205, 253, 266, 300, 316, 360, 388, 391, 407, 430, 433, 440, 446, 465, 478, 527, 557, 583, 605, 638, 669, 674, 689, 698, 723, 737, 758, 765, 769, 784, 793, 797, 851, 887, 893, 935, 947, 955],
[5, 52, 69, 72, 80, 112, 115, 144, 191, 217, 226, 229, 243, 250, 268, 288, 328, 337, 339, 353, 355, 372, 375, 392, 431, 480, 518, 529, 535, 549, 591, 593, 690, 776, 821, 822, 825, 839, 856, 860, 871, 882, 912, 933, 949, 950, 951],
[23, 63, 67, 76, 97, 98, 137, 145, 177, 194, 195, 270, 272, 291, 333, 362, 403, 420, 491, 515, 516, 539, 540, 588, 623, 640, 657, 659, 683, 720, 724, 735, 770, 779, 800, 816, 826, 841, 899, 918, 923, 934, 959, 968, 975],
[3, 9, 31, 40, 100, 101, 120, 125, 128, 189, 213, 216, 257, 290, 293, 308, 310, 326, 344, 367, 390, 396, 401, 418, 428, 429, 447, 458, 466, 496, 512, 525, 531, 541, 552, 553, 558, 566, 584, 602, 615, 653, 655, 706, 722, 741, 753, 794, 813, 814, 819, 844, 855, 880, 915, 953, 986, 988, 990, 992],
[58, 91, 108, 116, 146, 151, 172, 188, 218, 227, 261, 302, 349, 380, 435, 439, 462, 463, 501, 519, 530, 542, 556, 585, 600, 625, 633, 650, 652, 660, 676, 677, 736, 739, 818, 829, 838, 847, 874, 901, 906, 969, 979, 995],
[60, 104, 119, 122, 147, 155, 183, 286, 292, 306, 307, 323, 356, 371, 385, 386, 389, 397, 402, 405, 438, 483, 506, 532, 639, 642, 643, 670, 686, 691, 716, 727, 740, 746, 756, 764, 771, 782, 830, 857, 862, 868, 873, 879, 911, 943, 977, 984, 985, 987, 997],
[29, 39, 51, 57, 121, 129, 130, 131, 132, 154, 159, 165, 166, 175, 185, 204, 223, 240, 252, 254, 262, 277, 309, 334, 412, 445, 468, 499, 509, 511, 522, 523, 559, 574, 620, 663, 738, 744, 751, 755, 766, 772, 808, 812, 845, 870, 898, 919, 937, 952, 993],
[12, 16, 32, 34, 43, 46, 66, 114, 140, 143, 184, 242, 283, 317, 346, 373, 377, 404, 417, 441, 449, 461, 469, 493, 497, 500, 521, 567, 576, 580, 590, 597, 618, 666, 684, 696, 733, 767, 768, 785, 804, 807, 853, 925, 966, 974],
[50, 82, 86, 96, 113, 135, 161, 182, 228, 256, 280, 297, 313, 318, 330, 338, 342, 343, 359, 383, 395, 409, 413, 416, 422, 426, 476, 561, 565, 589, 595, 637, 645, 646, 648, 658, 700, 711, 731, 732, 777, 781, 788, 792, 798, 840, 917, 924, 936, 945, 954, 962, 967],
[37, 62, 85, 136, 156, 180, 207, 212, 221, 222, 285, 287, 301, 303, 311, 319, 327, 424, 427, 452, 477, 507, 526, 551, 575, 610, 617, 634, 661, 695, 704, 709, 721, 725, 754, 762, 780, 846, 863, 877, 883, 888, 896, 926, 940, 944, 973, 978, 982, 998],
[14, 41, 94, 99, 103, 162, 174, 187, 201, 203, 210, 234, 244, 247, 271, 298, 335, 382, 394, 425, 444, 448, 470, 471, 520, 577, 608, 614, 687, 692, 710, 715, 729, 748, 761, 773, 778, 789, 791, 795, 803, 806, 809, 828, 833, 865, 872, 907, 916, 948, 956, 963, 996],
[2, 6, 15, 36, 93, 107, 110, 111, 149, 153, 171, 178, 186, 211, 224, 241, 273, 351, 374, 379, 393, 432, 437, 457, 459, 474, 504, 537, 579, 581, 603, 606, 612, 671, 672, 675, 699, 701, 702, 707, 708, 719, 743, 815, 842, 850, 866, 881, 904, 928, 939, 941, 960, 961, 976],
[10, 20, 47, 75, 84, 88, 92, 158, 208, 225, 249, 279, 296, 322, 324, 384, 387, 399, 414, 415, 443, 450, 460, 484, 486, 489, 490, 492, 514, 547, 548, 586, 596, 598, 599, 629, 630, 641, 649, 651, 718, 726, 796, 801, 802, 805, 869, 889, 905],
[22, 59, 73, 78, 105, 126, 133, 142, 160, 196, 197, 209, 230, 231, 238, 251, 263, 274, 275, 282, 325, 336, 341, 350, 352, 365, 369, 400, 464, 479, 508, 524, 533, 536, 545, 555, 560, 582, 616, 624, 631, 635, 679, 681, 728, 742, 752, 811, 827, 831, 832, 900, 903, 909, 913, 927, 971, 983, 989, 999],
[17, 35, 44, 48, 68, 70, 77, 109, 157, 168, 215, 246, 295, 320, 378, 406, 408, 436, 472, 488, 502, 534, 550, 554, 563, 578, 609, 621, 622, 647, 664, 688, 693, 697, 705, 712, 713, 717, 734, 749, 775, 783, 858, 859, 886, 890, 894, 965, 980],
[7, 18, 54, 74, 173, 235, 245, 255, 258, 267, 294, 299, 304, 321, 357, 361, 370, 398, 423, 455, 543, 544, 573, 613, 626, 694, 774, 790, 843, 854, 875, 884, 885, 902, 932, 970, 991],
[1, 11, 21, 25, 27, 33, 42, 89, 90, 118, 150, 163, 167, 176, 181, 248, 265, 278, 284, 289, 314, 347, 348, 421, 473, 481, 482, 487, 503, 505, 513, 562, 564, 568, 569, 592, 628, 685, 747, 759, 763, 786, 817, 823, 849, 861, 891, 972],
[4, 19, 38, 53, 55, 71, 79, 102, 117, 127, 139, 141, 152, 170, 198, 199, 219, 236, 237, 239, 259, 269, 276, 281, 312, 340, 345, 354, 366, 376, 410, 454, 456, 485, 495, 498, 528, 570, 632, 636, 656, 662, 665, 730, 745, 750, 834, 835, 836, 837, 852, 892, 914, 922, 929, 931, 946, 957, 958, 981, 994],
[8, 26, 49, 106, 134, 138, 164, 169, 179, 220, 232, 233, 260, 329, 331, 358, 363, 364, 411, 442, 453, 517, 538, 546, 587, 594, 619, 627, 644, 654, 667, 673, 678, 703, 714, 760, 787, 810, 867, 876, 895, 897, 921, 930, 938, 942, 964, 1000]]
