k=20, 10 round , p=[0.05-0.2], netsize round0=1000,test 11 round
fitness without totalTimeRatio, vs totalTimeRatio with totalTimeRatio
100                              100
99.2                             99.7
98.4                             98.8
94.4                             93.5
80.1                             82.2
66.7                             71.1
57.3                             63.8
54.5                             60.7
52.6                             59.5
51.4                             59.2
49.9                             59.1

k=20, 10 round , p=[0.05-0.1.5], netsize round0=1000,test 15 round 8/2
Only survivability,              add totalTimeRatio,      ,add 3-opt       ,add 2-op      ,add charge=consume(24)
100                              100                      100              100            100
100                              99.9                     100              100            100 
99.6                             99.7                     99.8             100            100
99.5                             99.3                     99.5             99.8           99.9
98.7                             99.2                     99.3             99.5           99.9
97.8                             98.6                     98.5             99.1           99.9
95.5                             97.4                     96.9             97.8           99.9
90.9                             94.8                     93.6             95             99.9
85.4                             90.6                     90.2             91.1           99.7
80.8                             86.6                     87.6             86.4           98.8
76.4                             84.1                     85.9             82.5           97.6
73.5                             81.7                     84               79.7           96.3
70.9                             78.9                     81.8             77.5           95.7
68.6                             77.4                     80.1             76             94.7
66.7                             76.7                     79               75.7           93.3




P=[0.05->0.15] with 3opt
1/0 100, 100, 99.6, 99.5, 98.7,97.8,95.5, 90.9, 85.4, 80.8,76.4, 73.5, 70.9, 68.6, 66.7 
8/2 100, 100,  99.8, 99.5,99.3,98.5, 96.9, 93.6, 90.2,87.6, 85.9, 84,   81.8,80.1,79
6/4 100, 99.9, 99.3, 99, 98.8, 98.2, 96.6, 94.6, 92, 89.3, 86.4,  84.2, 83, 82.2, 81.2
5/5 100  99.8, 99.4, 99, 98.6, 98,   98,   94.2, 91.8,89.5,87.8,  87.1, 86.6,85.7,83.9
4/6 100  99.8, 99.4, 99.1,98.6,97.7, 95.9  93.2, 91.4,89.9,88.6,  86.5, 84.8,83.8,83.3
2/8 100  99.9, 99.6, 99.1,99,  97.8, 96.3, 91.6, 89.9,87.6,86.4,  85.9, 85.3,84.5,84
0/1 100  99.9, 99.7, 98.8,98.4,96.7, 94.3, 92.3, 91.8,90.7,89.7,  86.8, 85.4,84.2,84.2


P=[0.05->0.15]*0.9+[0.15->0.20]*0.09+[0.20->0.25]*0.01
1/0 100, 99.9, 99.6, 98.9, 97.8, 95, 89.1, 80.5, 72, 66.6, 63.2, 61.2, 59.5, 57.9, 56.8
8/2 100, 99.7, 99.4, 98.9, 98.5, 97, 92.1, 84.2, 78.9,75.8,74.1, 71.8, 70.6, 69.9, 69.6
0/1 100, 99.1, 98.3, 96.7, 95.3, 90.8,89.3,87.1, 83.6,81.9,81,   80.8, 79.1, 79.1, 79.1


P=[0.05->0.15]*0.8+[0.15->0.20]*0.16+[0.20->0.25]*0.04
1/0 100, 99.7, 99.2, 97.6, 93.6, 84.1, 71.8, 62, 56.5, 54.4, 51.4, 50.5, 49.8, 49.4, 49
5/5 99.9,98.7, 97.3, 96.1, 93,   85.6, 82.1, 80.5,78.7,78.1, 77.7, 77.5, 77.5, 77.5, 77.4
0/1 99.6,98.4, 95.4, 91.9, 88,   84,   81.7, 80.5,80.2,79.4, 79.2, 78.7, 78.7, 78.7, 78.7


P=[0.05->0.15] nonVRP
8/2 100, 99.8, 96.2, 94.2, 90.7, 88.1, 82.1, 80.2, 77.5, 74.2, 72.3, 70.3, 69.1, 67.4, 66.5
8/2 100, 99.6, 92.7, 90.2, 83.6, 80.4, 

