0 0
-90.22 -976.44 0.12 10125.078401
503.12 -541.16 0.15 8933.235651
-321.17 95.58 0.23 7086.714533
604.74 -560.80 0.15 10553.870969
238.94 838.08 0.16 6381.994374
255.40 646.85 0.22 8114.253617
62.80 96.93 0.19 9285.701821
-254.81 804.38 0.07 7755.143545
-144.22 633.63 0.11 7085.045919
804.49 -307.60 0.23 6954.205753
135.77 52.69 0.18 9921.291757
-283.06 547.67 0.09 5230.400115
20.69 748.27 0.18 9095.752714
-854.14 275.86 0.30 7790.558023
289.65 916.57 0.19 5240.222579
311.08 260.90 0.18 6748.661837
573.54 28.82 0.15 10394.033214
365.25 781.80 0.23 5209.006258
-167.10 341.64 0.13 9070.571079
-295.78 -791.75 0.13 5479.251746
-365.35 -275.33 0.26 7281.519009
187.13 54.74 0.21 9308.422812
-576.73 -636.22 0.19 9654.552859
914.56 99.38 0.22 5206.247014
231.19 -814.24 0.18 5737.580635
886.88 454.23 0.29 6736.657376
-199.35 -855.67 0.12 9300.911679
638.41 422.14 0.07 8285.692079
810.86 -225.71 0.09 9782.212272
-32.27 -703.02 0.11 9738.057513
10.28 -639.78 0.15 5564.649548
103.81 874.74 0.16 9575.882067
-62.55 -625.26 0.07 7861.029549
-74.39 -568.50 0.27 7186.192247
133.72 721.68 0.11 7692.661026
111.97 -560.76 0.21 8461.300409
-650.21 -690.32 0.13 8387.920098
35.00 -894.75 0.16 5158.162139
791.29 -157.38 0.18 8680.083661
-318.41 525.08 0.15 7145.350460
17.75 -729.13 0.21 5224.687108
339.34 -56.61 0.20 9114.406182
486.37 -622.45 0.20 7358.443572
567.30 -386.54 0.11 10576.101681
728.43 -350.24 0.16 8361.942151
355.19 250.25 0.11 7975.607024
-171.85 500.36 0.21 6969.809542
203.33 275.55 0.19 7812.963061
720.65 -619.49 0.20 9487.573991
559.23 162.57 0.06 9958.726177
640.87 306.57 0.17 7071.962301
-871.39 -157.14 0.06 6129.240589
-365.96 0.09 0.10 10597.524648
36.17 -364.56 0.26 10647.338171
-451.89 83.03 0.24 8582.676795
352.76 905.54 0.26 5517.424397
-554.30 -370.60 0.16 10417.772947
551.41 478.72 0.14 5074.700193
-362.05 423.44 0.07 8574.786360
-206.03 264.56 0.14 8945.913835
-913.23 -107.02 0.21 8730.912773
-884.26 151.42 0.13 10629.146619
284.86 -704.25 0.17 8961.659348
-895.87 285.16 0.22 5959.966734
374.70 -769.70 0.25 6306.216896
277.12 -373.99 0.23 9764.464108
-12.77 7.49 0.19 6959.671064
-261.26 873.64 0.12 9742.459687
170.58 -411.58 0.20 9532.466251
-259.57 -754.45 0.25 7708.634795
-495.69 -514.34 0.30 8691.161821
-835.07 280.42 0.22 5480.819385
-356.44 167.24 0.09 7516.309347
697.09 -246.46 0.25 6015.923824
929.38 70.38 0.18 6849.842176
460.11 598.70 0.24 6898.283072
-34.51 569.35 0.11 6784.495536
817.47 -193.45 0.29 5311.925668
468.36 -393.19 0.06 5105.417802
473.01 301.57 0.23 9884.512753
397.07 -314.48 0.07 10418.779707
-442.55 532.09 0.25 10118.829290
622.75 78.34 0.27 6313.803158
-824.62 361.40 0.13 6075.416390
-40.98 375.83 0.06 8221.575260
-731.32 337.55 0.10 6781.263962
-187.16 477.31 0.25 5455.966112
139.27 -673.10 0.16 7199.161872
887.09 294.89 0.23 5051.871228
324.15 751.54 0.17 5788.560908
217.82 -832.27 0.14 8964.981143
271.77 -74.57 0.13 9549.780429
-89.30 455.54 0.09 5529.833975
-700.23 92.69 0.26 7781.500725
414.67 -90.02 0.12 8430.882880
-794.32 -139.15 0.14 8494.712129
-221.95 -464.49 0.15 9964.038960
703.66 273.84 0.19 10477.958065
233.39 886.02 0.29 8422.973156
-135.29 -792.32 0.18 9387.622432
-156.39 -562.82 0.25 9829.109870
897.13 -359.08 0.23 5927.524636
-774.33 -224.21 0.11 8295.544703
823.53 -3.04 0.06 9020.112945
-230.62 367.40 0.18 8359.499043
-733.37 305.43 0.20 8141.885014
992.15 -81.07 0.05 6109.967399
-365.63 -860.82 0.19 9589.294274
55.62 859.53 0.08 6588.882391
-357.21 641.03 0.28 5652.974697
-549.09 -230.81 0.12 7377.565123
109.20 36.11 0.07 8808.870047
182.13 -484.94 0.17 6538.833185
-279.10 -254.88 0.06 5079.922509
637.22 283.57 0.23 10679.188920
266.47 -172.54 0.15 7176.870600
-444.67 78.72 0.28 9025.255940
-95.19 630.31 0.08 6329.242524
-173.46 -769.26 0.12 10066.022659
301.99 -1.18 0.13 10576.052178
83.82 -134.30 0.11 9961.871185
315.42 835.14 0.25 7540.943746
694.24 -183.33 0.24 6066.299850
499.95 97.77 0.18 7369.329195
-279.87 -420.79 0.23 10449.704406
-478.47 -118.83 0.06 8774.531920
-96.92 -986.60 0.06 5315.105087
-282.24 314.39 0.21 9480.595250
-528.89 -123.31 0.14 7027.305298
423.41 -38.12 0.09 6537.921308
624.35 -192.40 0.18 7467.019738
559.30 258.98 0.27 5104.855097
-98.91 412.45 0.25 8717.414652
-454.82 -9.14 0.11 6468.534372
757.09 -115.01 0.18 9426.755314
-138.94 228.28 0.24 10546.732189
-690.88 -573.27 0.13 9992.386830
-491.68 525.78 0.08 10027.134331
8.98 765.83 0.20 6492.455806
-435.23 -426.72 0.11 6451.605660
480.54 -269.84 0.19 7980.529738
-37.39 -741.14 0.10 7668.333142
-291.31 -201.77 0.08 8696.243060
282.07 530.06 0.29 8030.122327
-416.07 -140.83 0.18 9237.970823
657.14 300.56 0.10 5864.227007
-384.50 -364.30 0.19 5185.946628
382.36 -803.49 0.18 10661.360911
318.64 -565.11 0.30 8351.742526
-241.40 822.55 0.20 9997.383639
55.37 -380.51 0.25 10412.271328
79.08 197.10 0.25 5534.092559
562.14 767.47 0.10 6895.342499
146.06 -458.60 0.19 8186.598245
-10.55 916.83 0.26 7898.429740
-164.03 906.20 0.27 5809.152004
-38.19 -970.71 0.25 6438.430297
242.79 631.00 0.14 10585.566459
-494.15 -696.39 0.21 7931.663801
704.24 -85.41 0.18 7378.135101
-372.32 843.22 0.28 7575.127745
477.90 51.33 0.12 10642.413625
-397.92 348.52 0.08 5332.716124
-880.82 -176.68 0.24 6958.666258
-867.09 184.46 0.21 9280.851550
-375.20 -189.02 0.11 8623.975287
-238.68 -847.68 0.22 5794.231975
396.50 -67.35 0.23 8434.636507
-829.20 -170.73 0.13 10665.404110
-648.68 80.10 0.25 6091.306720
-444.70 -42.39 0.23 7646.062724
-38.97 -684.41 0.19 5739.452655
688.74 -134.18 0.20 9592.046504
-354.27 -166.80 0.11 5592.640858
-65.88 -518.73 0.16 8966.408970
-724.89 304.16 0.22 8077.029894
-201.71 -439.72 0.08 7828.500091
314.60 -607.66 0.19 8063.594211
-149.49 -42.89 0.18 8785.803549
726.20 52.00 0.21 9092.108925
76.00 -748.51 0.13 8654.880644
311.64 -743.41 0.15 10412.712193
-482.82 865.57 0.28 6455.667075
-97.57 -706.66 0.22 10652.576192
821.19 180.13 0.12 6871.991381
446.50 313.78 0.29 5140.608857
-557.28 647.53 0.22 6954.468920
269.19 -222.04 0.13 5566.321217
300.04 -928.88 0.13 9239.317906
-444.49 687.00 0.13 9238.599581
830.50 -373.42 0.26 5334.544232
428.04 -812.26 0.10 9410.902431
-212.08 134.05 0.30 8331.085961
708.62 680.61 0.11 9460.617959
-624.61 747.84 0.27 7937.553605
805.74 -286.31 0.28 9631.905926
56.18 945.21 0.26 7416.290294
-312.85 -331.18 0.15 6315.515302
-109.14 217.47 0.27 5698.796108
595.04 332.28 0.22 9636.790827
-542.29 654.72 0.10 5582.918379
-590.59 -558.17 0.16 5424.780991
515.66 -406.10 0.09 10063.909502
16.82 -23.45 0.09 5607.852735
736.82 308.35 0.20 9193.435442
49.35 304.34 0.30 5366.256679
770.45 -358.36 0.11 5542.780555
3.06 588.58 0.29 8513.920551
644.06 421.99 0.27 7277.685331
937.78 58.77 0.16 5240.531585
39.24 782.85 0.23 10601.626543
-2.78 -205.41 0.25 5710.185396
-265.54 590.88 0.09 10037.915569
159.03 806.58 0.16 6887.154953
-697.18 -9.68 0.15 5906.948690
316.45 -293.65 0.26 10174.709519
351.23 336.68 0.23 7153.210767
128.58 201.10 0.14 10007.448456
197.42 329.83 0.13 9846.907135
252.92 -262.04 0.10 8662.421469
-577.65 -318.97 0.29 9161.186159
149.80 -756.82 0.07 8762.547683
256.87 -280.51 0.14 10084.860191
-179.14 11.31 0.07 8120.587192
-456.12 -239.97 0.25 8601.464128
-594.47 -685.74 0.16 8035.003465
415.79 -686.12 0.14 7901.161438
325.44 461.89 0.22 9149.900814
-145.36 -963.63 0.18 10591.001254
920.05 -369.38 0.26 7893.696315
115.94 832.16 0.20 7089.820387
-182.22 865.35 0.19 5959.348683
232.14 -923.38 0.09 6022.787660
372.50 -822.47 0.27 8313.210866
796.83 -248.61 0.15 7187.550600
-442.96 166.33 0.12 6028.276763
-296.10 -951.15 0.10 7744.270686
408.47 171.43 0.11 8669.243710
160.84 -275.25 0.29 7347.688911
-237.32 -469.75 0.07 9587.778473
42.59 959.86 0.07 8028.439985
51.55 794.87 0.06 7730.018697
-479.22 -38.17 0.06 6640.164680
412.17 521.97 0.15 5392.895761
879.05 -476.15 0.27 6182.781484
319.47 571.03 0.27 8634.473214
-807.68 412.44 0.09 8110.825430
-969.56 31.82 0.12 6270.203154
-220.13 -53.35 0.11 5309.351887
168.14 344.47 0.11 6341.701978
-745.43 626.05 0.21 9866.252941
340.98 -434.75 0.28 8034.414035
-435.86 536.46 0.29 8635.450815
582.48 797.88 0.21 7338.999430
-25.16 -405.60 0.17 8815.999623
548.25 77.85 0.17 10226.544369
658.11 -487.02 0.27 6413.097160
80.11 835.49 0.14 10339.330375
-55.43 -314.90 0.23 9035.407176
-113.90 -157.19 0.13 9902.287839
-857.95 332.04 0.18 6949.427867
-135.28 -231.39 0.05 7059.601971
370.75 -898.89 0.21 6224.925115
-84.44 -729.64 0.06 6251.314627
-510.63 616.33 0.16 9774.773104
-123.67 770.19 0.07 8246.123453
241.25 91.30 0.25 5562.249282
-100.98 -804.46 0.09 7604.777001
145.82 -711.73 0.21 6038.143419
246.25 862.41 0.16 7218.348027
-524.88 -2.76 0.12 9078.517231
-424.09 -562.14 0.07 10795.424163
600.94 318.58 0.08 7926.201633
860.75 254.29 0.15 10683.991079
-222.72 219.70 0.25 5181.392299
635.01 405.26 0.16 5647.907773
553.60 -715.60 0.24 10213.346858
747.46 314.22 0.08 10637.404026
986.26 -64.61 0.18 9186.251615
-204.64 433.22 0.15 8418.718927
44.25 -694.28 0.28 9518.731585
795.11 -292.88 0.17 8160.424903
-749.72 529.12 0.08 5814.947301
-86.70 -829.04 0.22 6762.815024
-20.34 -531.39 0.30 8755.246941
115.17 131.58 0.12 6703.804808
554.64 831.46 0.05 9249.426126
-344.51 -628.66 0.13 7530.764045
112.69 -600.24 0.09 7695.563838
-355.67 284.70 0.15 8282.217701
214.49 -309.57 0.25 8045.505515
453.28 -708.21 0.24 6253.745566
581.35 -593.31 0.22 7811.235915
260.18 -768.38 0.23 8858.879362
76.79 -987.58 0.21 10113.032387
-101.08 -863.62 0.06 8794.966794
-618.66 539.65 0.21 9483.774972
718.23 -39.45 0.24 9515.271338
214.59 -127.77 0.23 5856.261226
212.76 762.20 0.10 9818.556805
-84.66 -320.74 0.11 5764.941289
-199.97 814.75 0.11 8405.024731
-385.46 111.04 0.20 8274.506622
-203.06 482.30 0.11 6985.858593
-625.74 325.85 0.25 8400.257112
-311.32 98.85 0.22 6743.023730
-300.87 333.03 0.06 7027.108867
-594.04 -57.71 0.20 9079.504048
-282.59 -317.64 0.24 7015.066929
-324.50 -781.33 0.15 9788.886036
299.69 613.64 0.25 8373.210325
-618.80 -131.80 0.09 7270.330781
545.05 732.70 0.13 7469.939099
708.17 -74.10 0.27 5137.745624
50.75 -841.77 0.14 8167.135166
215.56 122.80 0.27 6579.887761
791.95 -188.31 0.20 8409.415304
707.20 -456.45 0.20 9714.795128
421.91 -579.99 0.20 9473.072041
969.17 -199.19 0.21 10718.766265
56.91 837.99 0.22 10396.728528
555.68 -622.19 0.26 8110.111316
-65.01 -639.71 0.08 6867.093604
-237.08 49.16 0.15 7121.382781
-825.59 -297.67 0.27 10464.741355
-310.98 568.93 0.08 10184.562076
-24.22 500.23 0.22 6957.665010
-939.97 73.75 0.29 10666.853121
208.21 -190.40 0.05 10136.803145
367.16 -279.45 0.25 6730.213312
125.20 428.43 0.22 5207.595986
543.96 801.23 0.15 8026.107610
-202.18 949.24 0.20 9391.029400
-109.06 239.74 0.16 10488.021230
-743.20 5.55 0.13 8481.381809
-317.36 -210.30 0.10 7020.011507
-692.33 -104.57 0.18 5616.967986
-515.50 159.99 0.05 5112.962065
304.83 368.40 0.17 8512.039399
-502.95 -300.83 0.27 6214.562958
-589.59 -214.37 0.10 8502.467477
-481.06 -249.93 0.30 9392.845269
542.76 -510.37 0.10 5004.676417
-674.64 469.71 0.08 5334.058826
4.43 838.92 0.29 8800.159580
11.84 -426.83 0.11 8162.373452
86.80 388.86 0.16 7874.653447
-45.54 -466.70 0.07 7563.241565
253.49 216.83 0.30 10627.099421
-85.58 -668.79 0.10 7952.765210
421.27 -292.01 0.08 6071.816576
-421.72 -169.79 0.19 5720.651834
-572.19 412.18 0.12 9767.193424
923.55 -244.65 0.06 6503.736571
-174.80 -264.93 0.21 6734.069933
-388.54 -152.00 0.25 6179.239689
-227.23 554.30 0.27 5148.390749
743.65 653.75 0.13 6423.830090
-375.89 879.21 0.30 6043.138676
-231.88 263.46 0.19 5935.758951
657.04 -643.56 0.10 5776.922097
-403.46 -51.08 0.16 7436.905307
-655.27 651.68 0.14 5064.859984
-56.40 315.08 0.16 6269.707011
-532.91 169.88 0.15 5501.345321
559.95 -624.97 0.07 10439.438487
184.56 30.07 0.12 7986.890363
750.67 -305.03 0.13 10598.411650
-692.47 -476.20 0.20 8446.860635
493.37 437.03 0.15 10224.101221
-375.63 612.88 0.09 6967.797717
9.52 19.57 0.05 10196.216852
381.88 -291.59 0.24 8534.224614
612.41 228.74 0.25 7881.914022
-585.30 -238.82 0.24 7843.877426
469.33 121.09 0.07 9854.589374
550.78 435.07 0.09 10728.902382
-310.05 52.69 0.06 10076.885118
564.27 -135.14 0.08 8190.334038
-398.45 859.94 0.11 5566.597629
679.11 346.26 0.10 6989.761600
-366.20 321.62 0.15 9093.924749
273.56 -319.28 0.15 5762.512936
44.70 572.64 0.17 8531.130983
155.31 -178.79 0.11 9211.445719
495.13 -619.85 0.19 8769.192410
358.48 831.73 0.12 7548.668780
-604.83 -311.94 0.26 8051.470640
-371.00 53.98 0.12 6790.537893
175.70 712.81 0.30 7805.974829
41.52 -390.59 0.18 8437.545051
-830.05 -192.04 0.21 6226.051595
607.86 444.67 0.17 6633.538373
-255.38 -955.92 0.22 6789.093946
662.44 441.73 0.24 5178.875199
-314.32 479.64 0.30 9848.006330
-312.13 308.34 0.21 10262.086560
-842.91 -295.04 0.27 9328.306167
515.10 252.67 0.13 9896.796285
-330.54 -528.77 0.28 8248.701631
571.83 -19.83 0.06 9114.579851
821.35 278.22 0.24 6317.594361
-359.80 451.79 0.13 6052.553543
113.74 -307.23 0.08 10201.975422
-6.80 222.77 0.08 5654.265485
-708.26 -205.29 0.08 6034.984310
-132.77 -52.11 0.29 6056.348360
-654.40 625.67 0.24 8667.812702
738.13 434.84 0.15 6567.818906
-0.39 -731.06 0.11 5360.146280
-53.27 401.99 0.29 6308.631709
424.22 -45.99 0.14 10645.668382
-246.14 243.20 0.16 9265.549793
514.42 443.09 0.11 8192.707834
-235.04 -858.63 0.24 9117.420367
655.96 -76.69 0.07 9546.220059
536.83 533.12 0.11 6871.587087
553.29 787.88 0.28 10276.691662
-276.21 492.96 0.16 10632.209107
-793.78 -570.89 0.30 5276.723082
-113.92 644.43 0.19 6216.424198
389.95 801.35 0.08 6719.836122
11.96 590.13 0.24 8885.389834
545.05 801.81 0.16 10059.566175
-840.74 -35.05 0.16 7101.873873
-201.57 725.32 0.11 6111.343378
305.19 -593.20 0.26 7264.427866
-812.45 524.65 0.26 9627.987496
343.66 -308.89 0.21 6562.733755
451.36 -649.79 0.19 9090.302249
-419.84 888.85 0.18 5635.476571
87.34 -492.50 0.11 9935.852933
-613.14 571.51 0.29 8126.550232
900.53 -223.72 0.08 8617.618969
961.28 -94.76 0.19 9462.950528
-204.65 -781.37 0.06 9660.007201
-278.10 779.54 0.27 5506.069214
-168.35 794.25 0.27 5013.729688
-264.04 103.56 0.11 8204.407420
594.04 -195.14 0.19 10196.785316
218.87 -566.68 0.12 6522.302486
-391.20 275.67 0.21 5637.391303
270.28 958.77 0.29 6933.217682
428.74 327.03 0.18 6762.350414
742.61 361.33 0.09 6740.716352
-720.81 405.65 0.05 9722.185151
-372.85 -66.71 0.09 5261.936211
675.93 -325.97 0.27 6819.496436
791.83 80.06 0.20 7854.031286
-157.45 -429.56 0.07 5932.050769
-618.56 -162.63 0.10 5416.346553
-166.48 407.92 0.18 8957.518618
-368.92 611.97 0.11 7008.993593
-240.71 506.39 0.27 7010.301497
-339.88 -709.79 0.25 5749.397603
370.78 563.94 0.16 9739.546210
66.92 862.61 0.09 9334.150670
-613.83 -69.35 0.18 8097.410403
565.03 -619.83 0.18 5163.907601
-12.02 743.21 0.12 10717.757097
606.89 253.83 0.11 8648.218655
-313.41 -855.12 0.11 6114.077921
-482.79 541.97 0.29 5393.656764
-238.19 133.75 0.28 6936.451810
-115.45 903.24 0.06 5660.356536
90.43 -395.16 0.10 9075.184982
-132.45 -109.76 0.25 10285.674987
184.23 -830.46 0.11 7633.433273
862.46 -49.61 0.15 8918.009542
-514.47 -591.68 0.06 9344.225618
-753.57 -45.47 0.10 8525.873531
-315.96 758.53 0.20 8077.033510
-621.33 -331.17 0.20 8964.209158
595.19 199.24 0.07 5856.565755
81.02 -843.90 0.09 10510.982346
33.63 -780.42 0.13 10208.699746
145.45 -940.50 0.14 5253.407468
-72.55 385.59 0.24 9796.584912
-551.02 155.05 0.13 6512.527359
163.18 182.39 0.27 10799.879265
289.50 -122.87 0.27 7600.833434
-417.80 -153.15 0.28 9733.712330
-714.96 680.97 0.20 6993.041642
-601.95 -99.96 0.14 7865.485647
508.11 -423.07 0.15 8961.590943
-725.51 351.41 0.11 8806.086956
342.61 -431.63 0.28 9753.477098
-670.60 109.16 0.19 7101.076131
133.27 875.04 0.23 6616.254524
424.76 -882.86 0.21 7285.432509
314.24 -28.06 0.28 7598.093734
428.66 290.59 0.18 8231.312413
-766.64 18.07 0.15 6129.610912
519.35 117.00 0.13 6742.377555
-542.49 179.09 0.22 5710.973913
-338.22 -630.65 0.26 7391.518618
191.60 773.06 0.13 9041.040259
-74.40 756.96 0.23 9336.125550
386.40 -878.44 0.28 9095.871430
384.69 304.30 0.11 9785.675910
-394.14 601.00 0.06 8293.574726
638.06 250.32 0.21 9633.008079
-322.16 126.71 0.28 8606.612950
965.29 -224.17 0.26 5829.856044
398.76 481.08 0.16 9517.679019
-8.68 -369.95 0.08 5713.253167
-83.67 -202.27 0.21 8822.964990
-190.89 -797.80 0.06 7965.477093
-418.09 -217.99 0.27 9108.524097
372.41 -709.63 0.07 5935.568068
8.61 -560.70 0.13 10751.416334
-481.18 -168.38 0.11 8181.087798
-3.48 -111.09 0.29 5203.661890
468.50 575.37 0.27 7955.263412
139.10 -289.89 0.23 9585.739067
99.53 634.83 0.14 5686.213331
388.36 894.07 0.10 7370.719355
34.49 694.61 0.24 7865.306533
-831.24 136.50 0.09 6228.754161
-435.08 -845.39 0.25 10479.681094
-739.53 465.93 0.17 8276.217756
-264.81 40.89 0.19 7115.324217
415.73 -77.31 0.12 7979.561200
-359.32 571.83 0.20 6211.079901
740.65 86.75 0.21 5387.069155
685.60 206.47 0.08 7350.562749
789.02 504.07 0.19 5976.439365
576.80 -393.00 0.12 9850.401182
-463.56 -741.21 0.21 6083.971698
827.42 35.83 0.12 10133.945849
-650.56 208.17 0.21 7692.205570
943.42 -116.47 0.15 7983.940069
835.03 114.44 0.15 7452.121866
-310.42 574.67 0.26 10302.250664
123.18 201.54 0.28 5699.439954
236.37 835.74 0.27 7114.296228
-595.45 -149.67 0.30 7821.054038
-187.58 751.84 0.23 9884.861084
-150.67 63.07 0.21 7885.488812
-401.74 -862.60 0.10 8225.775751
-60.41 -27.85 0.27 7511.004503
559.16 126.60 0.17 5471.237623
-131.34 55.50 0.10 10245.367848
-294.65 695.97 0.17 9922.069552
-432.31 -889.63 0.05 8997.499569
-784.33 76.14 0.22 6189.450927
-232.15 -706.13 0.25 7131.006095
-700.39 599.60 0.25 8621.539641
-493.68 -663.74 0.22 7102.943710
-706.42 466.70 0.08 10005.302784
-258.44 780.90 0.25 8388.018540
328.28 -619.83 0.13 5241.721752
579.00 -805.56 0.17 9043.438285
-455.10 419.36 0.25 7656.764788
-152.98 -918.46 0.24 5588.961634
-683.02 470.50 0.29 6459.838038
-54.51 -54.69 0.19 8217.535183
812.72 143.13 0.24 10102.026955
797.08 481.40 0.25 5485.745592
24.69 -580.13 0.19 10362.484457
405.43 -15.13 0.09 8691.591038
-559.77 -2.48 0.22 10570.286596
-254.57 335.46 0.22 10790.641605
346.10 -691.57 0.16 5821.200194
203.77 -852.04 0.14 7095.625564
771.56 -472.11 0.29 6284.558503
-58.71 -725.95 0.10 9803.428591
-404.86 -257.60 0.23 10415.960707
496.79 548.00 0.15 7290.764092
-27.26 397.85 0.23 10706.587008
463.27 -291.38 0.21 6560.556162
243.92 -646.68 0.19 8786.976800
-199.71 -272.76 0.10 6934.973823
-247.36 500.71 0.27 8850.612655
531.50 246.73 0.12 7279.405739
224.35 229.86 0.07 10550.805587
464.12 89.91 0.12 10419.358045
-138.85 776.66 0.27 10724.083434
241.85 779.09 0.16 8600.925934
-516.51 -656.03 0.26 10329.688691
-759.70 -150.62 0.12 7788.558844
-474.28 317.28 0.23 6151.597355
382.89 -910.20 0.19 7276.288942
222.97 260.46 0.08 10634.760816
-916.15 370.93 0.11 8995.918855
-954.01 -99.59 0.21 5807.347205
-102.13 549.42 0.19 9254.214204
419.18 291.58 0.19 9259.536996
-89.37 -301.56 0.21 8845.498125
345.34 885.37 0.13 9703.995447
-66.35 900.63 0.27 10645.042776
586.82 -598.00 0.12 8453.441289
98.88 128.20 0.27 7765.787920
-312.73 477.24 0.24 10013.980865
-86.17 -334.12 0.11 8794.857188
-569.42 -187.14 0.10 10355.740118
-239.44 486.95 0.28 7050.492231
-574.66 -790.05 0.08 8572.048229
858.66 -394.42 0.15 5411.553680
-345.02 501.23 0.11 8612.202869
162.42 248.13 0.16 7268.546573
-217.13 -296.38 0.07 6542.755721
193.93 530.45 0.10 10167.564626
-518.90 -565.59 0.20 6070.294157
-94.29 360.79 0.24 6246.119093
886.74 357.88 0.15 5427.284207
-70.67 -54.20 0.16 10354.618221
-276.30 -131.11 0.15 6181.420736
298.36 -771.25 0.17 10310.233660
-329.70 181.01 0.23 9675.597746
684.21 188.91 0.20 6300.817625
-680.08 -285.64 0.15 6871.257081
12.16 2.87 0.29 5301.454119
-491.80 149.47 0.18 7632.072094
667.29 -5.20 0.22 7641.998297
-707.80 115.29 0.19 8933.751311
765.36 253.25 0.23 5495.353733
-713.13 -39.90 0.18 7219.283126
327.56 -845.71 0.18 7609.521016
953.85 -254.82 0.25 7141.177035
836.25 -315.56 0.16 9058.580473
-355.74 -900.99 0.23 8971.880779
150.92 239.08 0.24 8722.715750
-670.01 -486.61 0.13 6115.089801
773.42 407.41 0.30 6834.730665
403.75 -876.31 0.29 9301.715694
953.58 -213.89 0.26 6836.942683
-475.81 222.86 0.25 6795.080148
-848.20 -30.52 0.06 8719.597054
154.50 -464.63 0.20 9886.876006
675.55 -208.86 0.17 5898.711638
499.35 -663.48 0.11 5900.406084
-31.28 711.34 0.25 9974.693121
753.78 241.39 0.06 9221.556440
158.89 713.00 0.28 8162.191357
138.63 -616.35 0.19 10694.503172
-283.76 715.99 0.22 8518.198181
594.41 -138.17 0.15 7322.181284
67.22 -615.78 0.18 7678.671653
823.37 -543.55 0.10 8151.144093
488.75 -393.43 0.08 10218.008563
-13.71 -599.95 0.14 5295.343599
-466.14 87.28 0.23 7599.681750
-527.49 -231.09 0.11 5117.492814
731.07 -529.20 0.16 6715.097636
-464.95 -350.43 0.28 7281.822377
666.55 386.41 0.09 7938.184608
139.15 673.56 0.30 6983.725249
-488.18 -420.64 0.11 5546.353713
-569.53 392.11 0.07 7818.525568
-311.94 480.99 0.16 10171.044528
831.38 504.05 0.24 7070.715816
-31.72 16.64 0.22 10726.106560
-214.15 -74.65 0.20 10067.221077
-244.25 905.00 0.26 7924.054331
581.61 120.44 0.13 9803.093488
620.72 -503.47 0.15 9372.913043
-20.34 -395.84 0.25 6991.937682
765.46 296.67 0.26 5936.373319
-450.32 621.97 0.27 5873.815508
219.33 -266.32 0.26 9518.920005
-218.80 964.48 0.12 7638.995436
-389.72 747.99 0.14 9765.887891
483.52 258.39 0.20 10699.305018
-334.26 244.38 0.27 9287.810960
-441.49 -886.97 0.19 6388.400699
-230.96 -938.74 0.18 6768.132752
-933.13 157.02 0.17 7748.149584
110.92 -564.89 0.10 8096.554522
504.90 -288.95 0.12 6223.198889
663.64 -448.87 0.29 9720.756847
-664.13 492.15 0.22 7079.939793
-795.70 245.83 0.23 10535.076706
-298.48 -672.69 0.13 8017.137837
-755.95 -28.29 0.17 8815.774237
-722.60 330.76 0.08 7324.882600
-681.61 -159.94 0.23 5280.176345
488.85 -175.77 0.18 9905.354962
558.16 38.39 0.18 5390.507387
-849.39 -65.60 0.14 8281.968135
-601.18 580.41 0.25 9925.999521
258.79 627.38 0.16 6070.882668
481.24 488.22 0.27 7274.022195
4.21 -689.06 0.19 10795.043511
281.87 92.00 0.19 9682.780429
654.67 752.71 0.23 9590.971120
-979.04 36.59 0.27 8332.835829
-436.10 730.18 0.08 8767.085121
-748.50 -607.56 0.06 8064.941755
209.48 771.75 0.19 6936.666391
-124.18 26.27 0.13 5131.069062
813.94 -297.31 0.18 6059.982908
297.74 329.25 0.18 5668.791240
-728.02 -213.61 0.28 10346.011079
687.99 90.71 0.30 5956.593856
16.00 -364.07 0.14 9859.172719
132.31 972.57 0.14 7713.831969
-496.45 211.38 0.18 8625.095767
677.69 -542.93 0.15 7613.268989
-249.20 709.08 0.07 8888.469701
-471.89 188.45 0.12 10390.981902
520.12 -397.65 0.26 5366.863867
-756.43 -485.33 0.12 6655.818618
839.89 -52.41 0.20 7595.504021
222.86 139.27 0.12 6432.440015
301.01 554.37 0.27 10535.743134
477.86 293.82 0.15 9098.232792
691.75 -226.93 0.17 8060.860579
-778.88 77.58 0.15 6719.976917
461.43 258.17 0.26 6217.657542
931.40 321.33 0.14 10067.661227
-806.80 -60.62 0.25 7588.579845
-536.28 758.43 0.25 5476.083724
726.87 62.38 0.05 8007.994531
354.19 511.47 0.24 5274.034978
-894.07 364.65 0.30 8204.604341
345.23 168.18 0.07 9145.476060
-481.01 -669.97 0.15 6284.858261
112.23 -346.80 0.12 8935.142930
-426.38 192.42 0.11 7787.212286
631.74 437.40 0.17 7816.047503
720.97 -31.77 0.19 6593.857724
-25.15 345.08 0.12 9594.357186
684.10 -351.50 0.29 9511.800368
-269.85 -942.41 0.10 10195.810489
59.15 287.21 0.10 8400.818853
-51.86 770.63 0.29 10392.056745
814.72 -15.28 0.26 9813.778186
522.22 -772.09 0.15 8299.415043
-714.00 695.29 0.27 6900.103898
666.88 -498.58 0.24 5987.899793
696.01 610.82 0.15 10664.152010
740.73 -114.49 0.26 10288.179347
-212.26 682.94 0.27 6013.980831
650.41 -744.57 0.21 10572.383908
-285.74 518.47 0.19 6019.941912
-352.51 399.41 0.06 6486.711010
449.19 -519.19 0.17 5108.190808
546.56 583.67 0.27 10547.695381
-461.45 -670.20 0.06 8875.292009
22.07 -67.79 0.28 9501.655252
23.04 614.14 0.19 9590.863142
-628.58 -44.69 0.27 5373.715536
866.95 -231.78 0.19 6709.842377
476.41 -528.08 0.08 8870.852742
-116.95 730.90 0.24 5533.321138
-657.69 -284.28 0.29 5162.445299
-667.70 -478.11 0.17 8002.078048
597.13 -628.19 0.05 5062.379528
-253.45 -160.56 0.17 10422.071030
-791.40 -313.27 0.29 10319.606040
224.07 -911.76 0.15 7925.305952
-135.68 616.73 0.13 5667.798761
-421.43 250.75 0.26 6926.954093
-520.94 60.99 0.15 6916.981737
482.49 573.55 0.09 8915.016823
477.30 -454.23 0.07 8810.712704
-434.62 -677.51 0.14 10600.142497
-572.77 713.80 0.12 5980.059507
-204.45 868.45 0.24 9518.220945
855.14 190.61 0.28 7240.465433
-619.67 -278.87 0.22 9786.537913
94.01 991.86 0.25 7657.305844
-556.08 -488.58 0.17 8454.307205
-924.64 107.30 0.25 5936.621062
60.42 555.89 0.15 8212.806888
-422.86 -108.03 0.16 8446.581587
683.76 333.04 0.27 5640.888757
601.05 -618.48 0.17 7641.802502
-726.70 -612.95 0.06 6198.312452
-13.54 -793.03 0.25 7247.757530
292.70 48.28 0.27 5021.413242
-17.82 810.37 0.25 8438.586909
657.04 546.15 0.10 10340.413842
568.52 753.16 0.26 8231.157506
-5.34 98.07 0.29 7962.310762
797.63 -444.38 0.08 6908.371577
411.43 -201.36 0.07 6807.420800
895.35 175.64 0.21 10476.974976
-568.90 716.71 0.11 8635.924509
-831.87 243.02 0.21 8661.167081
-252.47 291.79 0.09 5336.906392
-349.01 325.60 0.11 5816.699576
-445.17 -406.45 0.12 9023.925139
293.13 316.02 0.09 9436.219463
720.78 11.94 0.22 6941.128121
460.48 402.50 0.19 7381.256843
267.78 675.04 0.28 5682.175028
-877.41 -228.19 0.10 10211.752587
25.19 927.13 0.25 9573.990076
982.77 18.58 0.13 10720.990112
-95.40 -394.26 0.24 9013.139733
581.91 -55.41 0.19 8045.803599
690.82 -165.43 0.21 8174.019959
-115.78 484.26 0.24 8161.317264
-463.20 583.17 0.23 10051.404720
172.34 160.00 0.14 5312.667287
-869.59 0.48 0.22 8117.924234
-839.39 -239.18 0.13 6091.927349
-86.96 -327.09 0.23 7593.993609
-72.19 -17.59 0.18 6896.365161
134.20 -191.41 0.12 9701.278206
-46.79 149.57 0.26 5974.288653
-60.80 717.06 0.17 10418.344553
-212.26 -533.24 0.24 7347.299248
672.48 559.24 0.14 9525.018312
-407.48 22.97 0.12 10708.481243
927.80 3.39 0.22 6586.062155
173.29 -971.88 0.24 6795.513259
676.05 -312.35 0.12 6806.846356
-280.12 455.21 0.13 8505.779102
869.18 -260.52 0.19 5598.012919
89.41 -806.77 0.23 5734.872739
-470.20 131.89 0.11 10279.201407
526.60 839.49 0.18 8646.178775
-113.36 -24.45 0.26 7405.703857
195.50 -175.39 0.24 9208.178433
458.25 -367.31 0.25 10448.773083
-810.88 382.90 0.30 10676.522197
-72.01 -2.54 0.27 10258.306186
758.08 79.72 0.10 7007.682954
675.31 -636.88 0.14 9347.883524
569.29 -707.80 0.10 6792.342064
-435.16 -130.54 0.09 6067.224619
-422.07 326.88 0.07 5914.409709
435.70 -535.43 0.20 5860.477606
-230.40 800.12 0.30 10149.809959
-296.13 -766.67 0.20 8077.684054
141.16 -844.58 0.14 5645.282756
244.10 610.51 0.19 8929.963968
5.17 889.58 0.21 10434.381854
-524.81 -627.73 0.16 5900.318453
478.95 -272.09 0.29 5474.326732
613.04 -568.41 0.29 7111.558184
-289.71 -685.22 0.27 9026.386107
319.33 -936.18 0.15 7223.297641
474.05 290.98 0.28 10573.302880
464.26 635.23 0.20 7954.754086
289.80 752.83 0.05 10673.262938
-244.06 48.26 0.15 8943.445912
30.47 824.72 0.09 9265.032439
-631.68 -136.31 0.11 7218.868819
873.41 -144.03 0.15 7785.730406
-238.64 958.76 0.25 8703.790024
-672.89 -278.19 0.15 6693.201043
357.29 519.58 0.12 6457.756726
140.25 304.40 0.18 5589.111873
67.50 -796.69 0.17 6278.182772
-235.71 -282.41 0.22 9054.912010
695.97 -303.60 0.11 10621.551977
77.56 822.23 0.17 10715.327834
-612.12 -677.96 0.21 5124.250125
11.78 742.67 0.18 6516.038422
-606.53 -670.52 0.11 6674.960691
-775.80 -14.49 0.16 5082.119415
-688.52 -582.06 0.28 7675.434683
191.78 18.64 0.22 8044.898992
-757.09 271.50 0.14 10382.283096
786.50 -206.46 0.23 8250.143310
159.04 73.84 0.21 10717.430924
-513.81 91.98 0.21 5209.629450
-128.53 -695.52 0.29 6656.901693
-472.09 622.71 0.28 6656.499997
4.95 341.70 0.23 5361.657653
543.22 162.32 0.18 7354.172341
-63.89 -675.54 0.23 8985.939591
102.86 -572.47 0.10 5975.428266
260.76 77.77 0.06 9480.169593
619.00 -333.83 0.18 10774.794009
-0.98 736.24 0.15 5180.638753
-360.04 -105.99 0.23 6541.348520
220.77 512.61 0.05 10559.367012
-172.13 -300.67 0.07 6006.042996
332.80 69.98 0.29 9254.574110
107.59 436.16 0.07 9024.411444
-131.66 71.36 0.13 6820.295967
-530.69 -511.87 0.20 7374.482337
-832.16 -32.58 0.12 7703.516027
711.38 68.75 0.17 5425.733564
-313.70 -865.56 0.25 8528.887068
543.66 567.32 0.10 7840.013427
83.68 -815.84 0.28 8148.045233
-342.74 436.66 0.15 9170.100263
-733.30 288.09 0.22 7498.806806
619.85 -189.79 0.19 5872.760323
746.16 116.06 0.21 6041.322941
942.10 96.67 0.17 7671.169062
-414.92 -646.86 0.29 10222.927704
-749.55 283.11 0.23 10788.920335
-712.48 -460.39 0.20 5866.851922
-158.51 46.54 0.23 7757.170401
-475.32 238.72 0.27 5145.125866
-498.72 336.11 0.14 10347.588691
508.45 183.55 0.18 6177.962922
432.31 -346.35 0.26 6384.743854
158.70 777.42 0.14 6188.897239
-823.88 -294.32 0.18 10537.149503
347.39 633.60 0.17 7258.824425
392.35 -784.75 0.11 10031.551864
-36.53 606.33 0.26 10620.145684
474.27 535.37 0.11 10618.525899
447.94 578.70 0.05 10457.751630
-192.27 356.94 0.10 10372.590313
205.42 948.31 0.29 6053.106862
368.30 -547.15 0.05 10609.044792
75.65 -224.80 0.10 10499.538380
-200.99 978.94 0.11 10422.777085
-493.20 -442.64 0.18 7456.011857
114.07 -219.99 0.26 5200.188879
-370.77 -71.49 0.27 9653.567093
50.91 591.73 0.30 8130.799750
657.13 -112.55 0.27 10276.285851
338.77 -646.12 0.09 9909.835352
-666.69 -594.29 0.17 6038.825935
54.97 -71.00 0.08 9240.435939
413.29 38.65 0.20 7432.542244
36.60 -596.49 0.17 7445.539880
-72.91 -445.21 0.11 7106.697756
-76.30 -520.09 0.10 5153.483599
795.84 -377.24 0.05 10609.518341
29.78 -782.57 0.20 9745.126878
214.22 490.14 0.11 10167.087600
-905.50 -120.03 0.24 7459.721131
-538.31 -456.93 0.14 8393.771950
483.63 -396.79 0.13 5730.870051
919.96 234.02 0.06 5159.458866
-911.59 -373.50 0.07 7721.614311
-596.21 -320.04 0.19 5133.142405
858.77 -408.16 0.11 7368.038696
-866.94 249.91 0.23 9037.725834
-269.27 -599.91 0.06 6379.843519
-557.23 -80.01 0.11 8277.547629
894.02 186.84 0.15 10616.634897
360.37 -310.97 0.10 5883.920997
494.00 -816.67 0.27 5552.735880
-247.32 965.86 0.28 7386.429216
13.13 -51.87 0.29 9131.038465
-420.05 -367.68 0.30 7098.308817
-427.34 -472.45 0.18 8471.773952
617.14 -769.38 0.12 5935.666904
-437.24 -190.73 0.10 6384.999675
676.72 124.06 0.11 6136.851035
921.14 126.91 0.21 5776.333681
184.18 289.04 0.30 8048.116045
-389.46 607.56 0.07 7291.118625
-318.07 520.89 0.29 6454.758822
-643.60 31.85 0.09 6242.572769
-860.20 -310.39 0.05 9039.753183
-120.43 -86.18 0.30 5307.854019
-839.23 -3.11 0.29 7222.989358
-897.80 -10.18 0.21 8871.130432
837.08 -138.58 0.13 8152.228410
702.46 -7.97 0.07 6581.499225
-773.69 -279.28 0.24 9871.237778
128.97 -102.89 0.07 7359.234168
942.38 268.89 0.26 5624.336690
-201.70 -28.47 0.20 8981.127203
48.96 -589.17 0.23 6282.101169
522.67 595.33 0.25 6823.650656
819.32 331.70 0.06 5905.940404
387.18 542.15 0.07 8699.698315
-917.79 65.03 0.09 7909.006041
70.20 784.04 0.25 7856.688376
-500.34 434.94 0.26 10595.544710
-756.49 266.73 0.06 7839.217760
623.77 -453.39 0.28 5748.466737
546.27 -239.34 0.26 10675.713445
-378.43 623.28 0.29 8160.973492
-228.73 487.75 0.24 7047.533737
-104.76 -278.76 0.29 5845.571267
119.58 735.75 0.23 7775.847179
-824.68 288.08 0.08 9099.627434
-169.78 -913.28 0.19 7361.109465
80.51 -850.52 0.08 5766.613058
596.00 166.41 0.28 8856.421021
58.00 -102.15 0.23 7356.451812
211.63 53.79 0.29 9606.253314
-9.63 591.42 0.11 8360.908105
711.94 270.50 0.23 8415.512091
606.91 634.50 0.16 9594.674279
-551.25 170.97 0.21 6526.821378
867.34 -225.59 0.28 7989.854532
15.23 -114.39 0.10 10643.895554
-72.10 -193.62 0.21 9154.550019
234.86 50.72 0.07 8726.355681
-79.94 926.89 0.14 10202.467394
633.15 82.89 0.11 5770.405878
-736.64 485.94 0.20 8913.315143
113.52 -89.21 0.14 10729.929022
280.06 -22.57 0.29 7070.259648
-199.15 54.39 0.14 8972.473228
168.96 -739.09 0.28 5457.893813
909.12 -53.28 0.06 6234.229822
-200.62 63.15 0.06 9396.325093
-737.07 -565.25 0.26 5602.122497
704.13 -521.44 0.17 10415.222974
299.79 -432.70 0.23 6320.782152
-68.03 584.77 0.26 7246.833998
716.28 -455.68 0.22 6197.030040
-180.36 -644.46 0.11 8172.548674
