0.0 0.0
687.99 90.71 0.3 2481.551660436996
260.76 77.77 0.06 8505.219062351005
895.35 175.64 0.21 6907.059411153136
292.7 48.28 0.27 2525.0981636198253
758.08 79.72 0.1 5661.051070382362
860.75 254.29 0.15 8113.3083021833745
234.86 50.72 0.07 7636.607050563571
187.13 54.74 0.21 5926.656642925939
740.65 86.75 0.21 3233.234348560746
581.61 120.44 0.13 7656.92439898647
919.96 234.02 0.06 4580.817046161968
791.83 80.06 0.2 4930.803704168808
685.6 206.47 0.08 6233.438798160053
469.33 121.09 0.07 8696.169786590639
499.95 97.77 0.18 4851.137434300283
543.22 162.32 0.18 4839.744733143132
937.78 58.77 0.16 3661.6141480657875
711.38 68.75 0.17 3665.338012238371
726.2 52.0 0.21 5750.476566995118
519.35 117.0 0.13 5046.338096205647
559.16 126.6 0.17 3691.3569794403757
827.42 35.83 0.12 8122.983896100779
413.29 38.65 0.2 4617.292271630269
548.25 77.85 0.17 7366.323836356528
12.16 2.87 0.29 2392.115988293414
633.15 82.89 0.11 4540.777812160619
720.78 11.94 0.22 4001.046407426188
835.03 114.44 0.15 5336.71954673163
573.54 28.82 0.15 7852.636161717806
746.16 116.06 0.21 3571.821722194906
726.87 62.38 0.05 7268.0355914644
332.8 69.98 0.29 4598.070711607781
894.02 186.84 0.15 8052.612450361974
942.1 96.67 0.17 5225.005968525689
477.9 51.33 0.12 8589.148454120601
982.77 18.58 0.13 8489.925160921917
821.19 180.13 0.12 5281.315882262026
921.14 126.91 0.21 3426.0693631426834
914.56 99.38 0.22 3055.906882747997
676.72 124.06 0.11 4822.109720717826
559.23 162.57 0.06 8961.034513997469
855.14 190.61 0.28 3373.842297465115
596.0 166.41 0.28 4462.19136871001
753.78 241.39 0.06 8259.877682871695
929.38 70.38 0.18 4470.162007018329
942.38 268.89 0.26 2805.441805516971
812.72 143.13 0.24 6085.698298114823
622.75 78.34 0.27 2994.510960262905
464.12 89.91 0.12 8384.142187257761
684.21 188.91 0.2 3846.964118445228
927.8 3.39 0.22 3773.748789181963
558.16 38.39 0.18 3542.769690666236
191.78 18.64 0.22 4779.656323237497
184.56 30.07 0.12 6213.949615100097
211.63 53.79 0.29 2606.659767564325
109.2 36.11 0.07 7677.684597285846
606.89 253.83 0.11 6886.941076993849
638.06 250.32 0.21 6096.13970976929
747.46 314.22 0.08 9234.926709142848
515.1 252.67 0.13 7682.0315457576935
135.77 52.69 0.18 6851.539123545761
446.5 313.78 0.29 2104.972286769044
408.47 171.43 0.11 6905.798590367432
600.94 318.58 0.08 6704.481950817124
789.02 504.07 0.19 3624.3619858146526
345.23 168.18 0.07 7993.739329929876
666.55 386.41 0.09 6562.545577747399
819.32 331.7 0.06 5171.5998203151175
428.66 290.59 0.18 5423.294952935485
773.42 407.41 0.3 2677.9917879515883
531.5 246.73 0.12 5541.348226507468
887.09 294.89 0.23 2699.519674555575
765.36 253.25 0.23 2884.8344844026215
886.88 454.23 0.29 2761.8803228656634
222.86 139.27 0.12 4846.900433063621
241.25 91.3 0.25 2686.283646559893
215.56 122.8 0.27 2946.3310515384046
477.86 293.82 0.15 6636.209812812578
683.76 333.04 0.27 2487.2957219382065
159.04 73.84 0.21 7025.570002603209
508.45 183.55 0.18 3880.6462071449605
419.18 291.58 0.19 6115.412341729898
736.82 308.35 0.2 5894.742937258994
281.87 92.0 0.19 6475.632644665051
831.38 504.05 0.24 3662.9760376067643
742.61 361.33 0.09 5506.5995853055265
797.08 481.4 0.25 2653.8234515770737
635.01 405.26 0.16 3776.635011179682
473.01 301.57 0.23 5968.112131779424
644.06 421.99 0.27 3367.672028321008
631.74 437.4 0.17 5241.132610160717
638.41 422.14 0.07 7189.763518294912
637.22 283.57 0.23 6641.122087777043
355.19 250.25 0.11 6289.701811222452
612.41 228.74 0.25 4076.4929279969538
640.87 306.57 0.17 4657.848856549676
662.44 441.73 0.24 2642.3847431036656
483.52 258.39 0.2 7185.468408794295
765.46 296.67 0.26 2738.372653970298
738.13 434.84 0.15 4552.119783720861
595.19 199.24 0.07 5006.8563407642905
679.11 346.26 0.1 5581.379598874289
703.66 273.84 0.19 7166.172983549816
657.14 300.56 0.1 4648.788973360779
821.35 278.22 0.24 3194.1740756959944
461.43 258.17 0.26 2880.432201789869
886.74 357.88 0.15 3748.826980421072
595.04 332.28 0.22 5930.870240519289
931.4 321.33 0.14 7665.660428226862
474.05 290.98 0.28 5675.845301198541
559.3 258.98 0.27 -1412.0078600263187
711.94 270.5 0.23 2864.110312792396
172.34 160.0 0.14 4612.681632515138
447.94 578.7 0.05 9737.007452555546
654.67 752.71 0.23 6477.623649166308
582.48 797.88 0.21 5179.441054876044
550.78 435.07 0.09 9409.450363505362
551.41 478.72 0.14 4500.346475878952
297.74 329.25 0.18 4552.413932404343
460.11 598.7 0.24 4642.624259385204
398.76 481.08 0.16 7364.932637967642
606.91 634.5 0.16 7428.212740289119
672.48 559.24 0.14 7640.212934039218
384.69 304.3 0.11 8273.483318305656
203.33 275.55 0.19 5699.406621230506
428.74 327.03 0.18 5123.931904887184
696.01 610.82 0.15 8473.695694698832
493.37 437.03 0.15 8095.1938655691965
546.56 583.67 0.27 6633.293890557981
657.04 546.15 0.1 8909.957119360894
536.83 533.12 0.11 5844.041697080857
253.49 216.83 0.3 6256.15866631243
293.13 316.02 0.09 8233.59877308053
468.5 575.37 0.27 4888.942488429822
607.86 444.67 0.17 5135.7726930633
545.05 732.7 0.13 6101.502229768937
514.42 443.09 0.11 6902.723187939927
412.17 521.97 0.15 4600.207651117638
474.27 535.37 0.11 9016.697293876652
496.79 548.0 0.15 5761.969929650486
708.62 680.61 0.11 7987.691783703372
304.83 368.4 0.17 6439.284622120639
543.66 567.32 0.1 6723.125586662681
115.17 131.58 0.12 5627.281390884129
222.97 260.46 0.08 9468.625256987818
163.18 182.39 0.27 6824.708684043195
311.08 260.9 0.18 5115.732332458009
351.23 336.68 0.23 4870.733841236184
522.67 595.33 0.25 4514.304462528624
224.35 229.86 0.07 9535.761861945051
464.26 635.23 0.2 5683.568906224966
562.14 767.47 0.1 5956.113171917231
482.49 573.55 0.09 7769.086209024256
460.48 402.5 0.19 5412.302283058683
743.65 653.75 0.13 5343.522445417559
481.24 488.22 0.27 4530.858307683726
568.52 753.16 0.26 5167.031413986273
98.88 128.2 0.27 4783.655897310311
315.42 835.14 0.25 4718.0526868154875
352.76 905.54 0.26 3806.451747088666
267.78 675.04 0.28 3697.063537980799
258.79 627.38 0.16 4761.89665335407
387.18 542.15 0.07 7789.527038996317
197.42 329.83 0.13 7987.956880839742
123.18 201.54 0.28 3699.869585854979
388.36 894.07 0.1 6271.227965076864
554.64 831.46 0.05 8566.216787893265
325.44 461.89 0.22 6168.839877609936
543.96 801.23 0.15 6215.904694934128
319.47 571.03 0.27 5146.521531404809
193.93 530.45 0.1 8706.57993147839
301.01 554.37 0.27 6501.1970799227865
299.69 613.64 0.25 5231.133587398583
347.39 633.6 0.17 5424.127369440073
357.29 519.58 0.12 5361.313900042815
553.29 787.88 0.28 6157.608940869528
354.19 511.47 0.24 3889.118546242814
365.25 781.8 0.23 3934.5290510707455
282.07 530.06 0.29 4528.646907251714
220.77 512.61 0.05 9811.200419020603
128.58 201.1 0.14 7983.409251997631
358.48 831.73 0.12 6192.103662974609
545.05 801.81 0.16 7738.3550586189995
244.1 610.51 0.19 6404.949987448235
62.8 96.93 0.19 6681.733161016507
150.92 239.08 0.24 5595.077190446839
79.08 197.1 0.25 3875.707398996833
140.25 304.4 0.18 4364.060607307731
9.52 19.57 0.05 9464.385965824686
168.14 344.47 0.11 5366.823809705176
242.79 631.0 0.14 8487.521465059308
214.22 490.14 0.11 8560.05360372283
184.18 289.04 0.3 4417.809425023616
289.8 752.83 0.05 9920.201919378034
255.4 646.85 0.22 5430.447007513849
162.42 248.13 0.16 5538.917079000736
324.15 751.54 0.17 4530.05401226296
389.95 801.35 0.08 5942.074746128336
370.78 563.94 0.16 7468.9569090265395
526.6 839.49 0.18 6318.143874829779
345.34 885.37 0.13 7863.878184286336
191.6 773.06 0.13 6908.822396730058
107.59 436.16 0.07 7877.291816502069
238.94 838.08 0.16 4273.360175912065
236.37 835.74 0.27 3251.4418427682394
289.65 916.57 0.19 3189.844762017
159.03 806.58 0.16 4649.9258785059155
246.25 862.41 0.16 4906.578150908921
34.49 694.61 0.24 4206.400284871777
59.15 287.21 0.1 6819.598125724929
205.42 948.31 0.29 2403.863159187862
99.53 634.83 0.14 4028.8702028227317
103.81 874.74 0.16 6882.491555613426
56.91 837.99 0.22 6566.469744483419
42.59 959.86 0.07 6948.612658994716
94.01 991.86 0.25 3906.323852041081
23.04 614.14 0.19 6390.294552003026
30.47 824.72 0.09 7772.051750618387
270.28 958.77 0.29 2858.676623269883
4.43 838.92 0.29 4105.07261031191
158.89 713.0 0.28 3802.916222580483
4.95 341.7 0.23 2810.103925164841
86.8 388.86 0.16 5433.6940738461
3.06 588.58 0.29 3896.311368531202
80.11 835.49 0.14 7907.120627357736
50.91 591.73 0.3 3470.07132925692
133.72 721.68 0.11 6037.611909142242
8.98 765.83 0.2 3819.377062514115
241.85 779.09 0.16 6039.985300795404
11.78 742.67 0.18 4103.250700361001
132.31 972.57 0.14 5603.91287348116
125.2 428.43 0.22 2851.8683755176753
70.2 784.04 0.25 4047.7659031348985
56.18 945.21 0.26 3592.435059636886
49.35 304.34 0.3 2034.789707528846
25.19 927.13 0.25 5365.928194719014
11.96 590.13 0.24 4981.506625413487
233.39 886.02 0.29 3831.083546515856
158.7 777.42 0.14 4391.705840545291
66.92 862.61 0.09 7836.139797586129
209.48 771.75 0.19 4266.186705238808
60.42 555.89 0.15 5869.560522048587
5.17 889.58 0.21 6773.128565510462
175.7 712.81 0.3 3252.6158477987465
77.56 822.23 0.17 7721.583728364802
115.94 832.16 0.2 4235.233660383656
139.15 673.56 0.3 2746.7987987548313
55.62 859.53 0.08 5507.040271341019
51.55 794.87 0.06 6824.628639335723
44.7 572.64 0.17 5821.439711554038
212.76 762.2 0.1 8117.138092025342
39.24 782.85 0.23 6567.3653839115
133.27 875.04 0.23 3495.85932191071
20.69 748.27 0.18 6135.076302575116
119.58 735.75 0.23 4292.9220422257
-94.29 360.79 0.24 3176.811318425492
-123.67 770.19 0.07 7158.249909072629
-31.28 711.34 0.25 5717.040962264324
-200.99 978.94 0.11 8515.80628788149
-24.22 500.23 0.22 3888.820579637657
-261.26 873.64 0.12 7719.112923026218
-0.98 736.24 0.15 3612.397957505883
-168.35 794.25 0.27 2313.8719752840234
-247.32 965.86 0.28 3315.0508248790097
-66.35 900.63 0.27 5925.958645733979
-144.22 633.63 0.11 5530.47668683147
-241.4 822.55 0.2 6588.036327589629
-187.58 751.84 0.23 5982.673916605547
-12.02 743.21 0.12 8614.965492531079
-254.81 804.38 0.07 6705.362721999354
-9.63 591.42 0.11 6638.411984828912
-98.91 412.45 0.25 4715.977254910269
-238.64 958.76 0.25 4705.534541080365
-74.4 756.96 0.23 5530.871811285195
-6.8 222.77 0.08 4726.187862750629
-201.57 725.32 0.11 4732.105481447321
-164.03 906.2 0.27 2586.6481030756768
-244.25 905.0 0.26 3974.2144627939597
-53.27 401.99 0.29 2567.2756147294244
-34.51 569.35 0.11 5278.675745782923
-113.92 644.43 0.19 3796.854764669008
-212.26 682.94 0.27 2679.275092367791
-135.68 616.73 0.13 4155.781496271345
-56.4 315.08 0.16 4216.671021290855
-46.79 149.57 0.26 2783.4492297193624
-182.22 865.35 0.19 3633.232580363383
-102.13 549.42 0.19 6123.511385114488
-95.19 630.31 0.08 5294.217321925362
-40.98 375.83 0.06 7290.652098589862
-17.82 810.37 0.25 4504.313808130893
-5.34 98.07 0.29 3544.2567611292407
-72.55 385.59 0.24 5740.244489309351
-36.53 606.33 0.26 6079.900932911928
-89.3 455.54 0.09 4511.1332476402995
-115.78 484.26 0.24 4452.901353049352
-27.26 397.85 0.23 6677.823332243721
-60.8 717.06 0.17 7471.699723189367
-79.94 926.89 0.14 7795.972221128494
-25.15 345.08 0.12 7584.486981941901
-115.45 903.24 0.06 4963.4889561938635
-116.95 730.9 0.24 2814.8471881694086
-199.97 814.75 0.11 6677.633951861074
-68.03 584.77 0.26 3514.328036740038
-138.85 776.66 0.27 5991.7489758826405
-230.4 800.12 0.3 5003.847377773851
-51.86 770.63 0.29 5370.418151136143
-202.18 949.24 0.2 6073.235970567294
-10.55 916.83 0.26 3956.1349195745797
-204.45 868.45 0.24 5512.662975622133
-218.8 964.48 0.12 5856.046988285281
-283.06 547.67 0.09 4338.746828776515
-109.06 239.74 0.16 7761.563679259121
-228.73 487.75 0.24 3789.262800669002
-312.73 477.24 0.24 6004.914726776168
-394.14 601.0 0.06 7383.810222822558
-171.85 500.36 0.21 4143.55309295393
-227.23 554.3 0.27 2534.6290496555057
-203.06 482.3 0.11 5502.740070169389
-278.1 779.54 0.27 2638.7590734122446
-536.28 758.43 0.25 2839.6705585523505
-192.27 356.94 0.1 8676.451285245003
-482.82 865.57 0.28 2925.4457756455286
-239.44 486.95 0.28 3247.9353732040836
-167.1 341.64 0.13 6999.482904927809
-345.02 501.23 0.11 6907.780641541931
-368.92 611.97 0.11 5522.006911404867
-436.1 730.18 0.08 7515.291830866344
-109.14 217.47 0.27 2708.0621836039827
-285.74 518.47 0.19 3782.9788062843813
-283.76 715.99 0.22 5130.334802090523
-389.72 747.99 0.14 7453.698679331646
-444.49 687.0 0.13 7148.11134626044
-398.45 859.94 0.11 4382.266917977825
-294.65 695.97 0.17 7094.018158119907
-311.94 480.99 0.16 7479.9708828075
-280.12 455.21 0.13 6505.518229469599
-359.32 571.83 0.2 3780.2905699892526
-276.21 492.96 0.16 7890.354091519698
-187.16 477.31 0.25 2832.0812495496602
-318.41 525.08 0.15 5087.246034964049
-357.21 641.03 0.28 2581.113237497407
-419.84 888.85 0.18 3668.066729229319
-310.98 568.93 0.08 8838.24829539521
-372.32 843.22 0.28 3567.8680448004366
-204.64 433.22 0.15 6124.298374748778
-389.46 607.56 0.07 6316.093147415317
-375.63 612.88 0.09 5756.822434487098
-138.94 228.28 0.24 6447.565248219864
-230.62 367.4 0.18 5617.467168577603
-258.44 780.9 0.25 4572.0733083549185
-450.32 621.97 0.27 2778.015126073438
-249.2 709.08 0.07 7785.035415703083
-247.36 500.71 0.27 4604.179010695579
-375.89 879.21 0.3 2496.8549007716965
-166.48 407.92 0.18 6108.498147521725
-314.32 479.64 0.3 4874.2509245489455
-310.42 574.67 0.26 5905.026327157455
-240.71 506.39 0.27 3359.8902062905613
-378.43 623.28 0.29 3806.062717093305
-315.96 758.53 0.2 5092.6017155308255
-265.54 590.88 0.09 8532.920851109931
-318.07 520.89 0.29 -544.8347244356746
-252.47 291.79 0.09 4767.324562199481
-714.0 695.29 0.27 4102.09405185092
-472.09 622.71 0.28 3895.9973881216447
-206.03 264.56 0.14 7054.119016053324
-542.29 654.72 0.1 4871.579201713559
-568.9 716.71 0.11 7191.4618602631335
-282.24 314.39 0.21 6517.081492876897
-624.61 747.84 0.27 4653.484292389448
-613.14 571.51 0.29 4518.463269050291
-482.79 541.97 0.29 3504.0006531117924
-500.34 434.94 0.26 6652.167352916681
-246.14 243.2 0.16 7044.860375678404
-231.88 263.46 0.19 4391.951620482394
-355.67 284.7 0.15 6382.994441845194
-222.72 219.7 0.25 3732.841510418287
-435.86 536.46 0.29 4827.497080232619
-664.13 492.15 0.22 4723.111110941376
-334.26 244.38 0.27 5533.759709302108
-655.27 651.68 0.14 4312.754384897305
-654.4 625.67 0.24 5506.541022566226
-491.68 525.78 0.08 8854.46481157478
-618.66 539.65 0.21 6519.555397265373
-397.92 348.52 0.08 4827.5405882115565
-300.87 333.03 0.06 6390.392686689824
-745.43 626.05 0.21 6820.4515961628695
-700.39 599.6 0.25 5343.260412079926
-714.96 680.97 0.2 4883.831626226327
-362.05 423.44 0.07 7661.075470150665
-342.74 436.66 0.15 7104.218702777089
-463.2 583.17 0.23 6674.716021462869
-312.13 308.34 0.21 7138.258209015583
-557.28 647.53 0.22 4650.921310192918
-572.77 713.8 0.12 4990.789868837674
-254.57 335.46 0.22 7418.2594515931905
-359.8 451.79 0.13 4956.09891830098
-442.55 532.09 0.25 6432.764707608961
-601.18 580.41 0.25 6285.55023081843
-366.2 321.62 0.15 7041.065321062522
-422.07 326.88 0.07 5349.684287725482
-455.1 419.36 0.25 4725.731149142041
-510.63 616.33 0.16 7468.5866090688005
-352.51 399.41 0.06 5917.597605278657
-349.01 325.6 0.11 4958.966302919881
-12.77 7.49 0.19 4702.952157194939
-442.96 166.33 0.12 4830.269845112011
-31.72 16.64 0.22 7166.023592868909
-810.88 382.9 0.3 5832.946163580912
-471.89 188.45 0.12 8479.9031616735
-391.2 275.67 0.21 3746.9627746686365
-894.07 364.65 0.3 4083.321927574209
-625.74 325.85 0.25 4905.304043706517
-426.38 192.42 0.11 6337.387071116214
-356.44 167.24 0.09 6365.628559663724
-264.04 103.56 0.11 6693.297990352056
-542.49 179.09 0.22 3687.625160450294
-238.19 133.75 0.28 3622.2509512769357
-572.19 412.18 0.12 7919.0418473389145
-475.32 238.72 0.27 3105.5371846984754
-724.89 304.16 0.22 5090.890701702396
-329.7 181.01 0.23 6152.326814641101
-475.81 222.86 0.25 3899.948131109326
-857.95 332.04 0.18 4814.736131254107
-674.64 469.71 0.08 4682.747941041009
-733.3 288.09 0.22 4691.860264303878
-706.42 466.7 0.08 8756.57096242574
-131.66 71.36 0.13 5308.792494825713
-739.53 465.93 0.17 5925.527619918037
-212.08 134.05 0.3 4162.440967197498
-683.02 470.5 0.29 3290.452038113168
-569.53 392.11 0.07 6892.837914847489
-916.15 370.93 0.11 7384.16190729736
-725.51 351.41 0.11 7216.819483315267
-720.81 405.65 0.05 8954.143963634038
-733.37 305.43 0.2 5410.384593072278
-824.62 361.4 0.13 4763.299573379721
-812.45 524.65 0.26 5656.496702789134
-322.16 126.71 0.28 4624.07940915053
-150.67 63.07 0.21 5088.96561048617
-749.55 283.11 0.23 7056.363968663946
-722.6 330.76 0.08 6325.7871728981245
-421.43 250.75 0.26 3853.866758316234
-131.34 55.5 0.1 8664.472076068172
-749.72 529.12 0.08 5057.814234370848
-835.07 280.42 0.22 3595.4875985760495
-824.68 288.08 0.08 7918.793244169122
-807.68 412.44 0.09 6885.261794180424
-474.28 317.28 0.23 3790.1602506689437
-757.09 271.5 0.14 8153.654360632248
-756.49 266.73 0.06 7044.042952008592
-498.72 336.11 0.14 8122.817415304882
-731.32 337.55 0.1 5625.769322154367
-736.64 485.94 0.2 6000.426825359913
-496.45 211.38 0.18 6061.071875502824
-895.87 285.16 0.22 3743.4362503731218
-778.88 77.58 0.15 4970.160664258244
-520.94 60.99 0.15 5113.886514518112
-743.2 5.55 0.13 6628.176594865868
-795.7 245.83 0.23 6813.300625742828
-407.48 22.97 0.12 8751.227207508822
-831.24 136.5 0.09 5267.380888872016
-670.6 109.16 0.19 4757.475973466152
-515.5 159.99 0.05 4725.67445156586
-766.64 18.07 0.15 4559.9653025415655
-854.14 275.86 0.3 3776.791193054832
-933.13 157.02 0.17 5483.691084146314
-650.56 208.17 0.21 4911.4527773042
-831.87 243.02 0.21 5624.455149610831
-385.46 111.04 0.2 5472.830191439029
-979.04 36.59 0.27 4531.430660590142
-884.26 151.42 0.13 8516.38175474039
-470.2 131.89 0.11 8521.003458998945
-451.89 83.03 0.24 5133.386212240523
-969.56 31.82 0.12 4977.699172772583
-491.8 149.47 0.18 5264.02109136032
-532.91 169.88 0.15 4165.909389574773
-551.25 170.97 0.21 4154.583508110441
-707.8 115.29 0.19 6130.156070791529
-924.64 107.3 0.25 3431.660472965472
-917.79 65.03 0.09 6690.376527907436
-466.14 87.28 0.23 4584.60290020668
-311.32 98.85 0.22 4167.249142782979
-371.0 53.98 0.12 5375.134332548134
-648.68 80.1 0.25 3496.724595905905
-643.6 31.85 0.09 5278.519007310912
-869.59 0.48 0.22 5079.058596545483
-124.18 26.27 0.13 4116.601896837774
-199.15 54.39 0.14 6900.998455149147
-200.62 63.15 0.06 8483.270761285443
-244.06 48.26 0.15 6728.555951128126
-939.97 73.75 0.29 5945.679659513785
-784.33 76.14 0.22 3858.2235605162928
-365.96 0.09 0.1 8974.673561125439
-237.08 49.16 0.15 5266.124202206265
-551.02 155.05 0.13 5047.662842292193
-700.23 92.69 0.26 4306.1582644417595
-158.51 46.54 0.23 4690.5982803556435
-321.17 95.58 0.23 4255.22576686865
-310.05 52.69 0.06 9127.689345462473
-867.09 184.46 0.21 6108.465258701779
-264.81 40.89 0.19 4767.233883265819
-866.94 249.91 0.23 5619.078182794452
-444.67 78.72 0.28 4867.011370682588
-179.14 11.31 0.07 7153.438423529114
-513.81 91.98 0.21 140.95826120175298
-759.7 -150.62 0.12 6210.104270005864
-829.2 -170.73 0.13 8570.294116963441
-692.33 -104.57 0.18 4013.578130992087
-897.8 -10.18 0.21 5827.380742361554
-697.18 -9.68 0.15 4458.6498263992435
-905.5 -120.03 0.24 4419.005266460748
-849.39 -65.6 0.14 6348.834194906497
-681.61 -159.94 0.23 3454.8124856387312
-806.8 -60.62 0.25 4372.488831960538
-794.32 -139.15 0.14 6525.364648612906
-618.8 -131.8 0.09 6156.946181236952
-528.89 -123.31 0.14 5352.33825477418
-444.7 -42.39 0.23 4667.767914678602
-454.82 -9.14 0.11 5268.153218372872
-220.13 -53.35 0.11 4426.55937139737
-360.04 -105.99 0.23 3997.60444715885
-601.95 -99.96 0.14 6008.917281163025
-877.41 -228.19 0.1 8635.759253953158
-755.95 -28.29 0.17 6362.079431307321
-524.88 -2.76 0.12 7312.7993104328225
-72.19 -17.59 0.18 4784.43713572524
-149.49 -42.89 0.18 6193.731681098561
-435.16 -130.54 0.09 5163.816222117084
-832.16 -32.58 0.12 6139.610704436096
-372.85 -66.71 0.09 4552.717502969046
-72.01 -2.54 0.27 5992.860368705875
-848.2 -30.52 0.06 7860.008590074756
-479.22 -38.17 0.06 5964.903085270818
-478.47 -118.83 0.06 7911.2583770364845
-954.01 -99.59 0.21 3831.885720994594
-728.02 -213.61 0.28 5902.793265777553
-775.8 -14.49 0.16 3913.3157817719975
-913.23 -107.02 0.21 5719.683137066477
-839.39 -239.18 0.13 4779.57201193617
-631.68 -136.31 0.11 5867.291634184337
-370.77 -71.49 0.27 5529.159292630578
-713.13 -39.9 0.18 5007.488963957012
-559.77 -2.48 0.22 7040.593515272727
-753.57 -45.47 0.1 7115.516340005325
-594.04 -57.71 0.2 6136.436034096278
-403.46 -51.08 0.16 5415.390110991797
-201.7 -28.47 0.2 6058.698622620908
-708.26 -205.29 0.08 5237.980092446594
-613.83 -69.35 0.18 5654.3258401974535
-618.56 -162.63 0.1 4581.98190417916
-839.23 -3.11 0.29 3657.780065552457
-774.33 -224.21 0.11 6774.794353255129
-880.82 -176.68 0.24 4116.110301922454
-840.74 -35.05 0.16 5167.176360450878
-557.23 -80.01 0.11 6759.263408609281
-871.39 -157.14 0.06 5518.409267575822
-422.86 -108.03 0.16 6205.079518924264
-830.05 -192.04 0.21 4042.5705559322064
-595.45 -149.67 0.3 580.0951968596464
-628.58 -44.69 0.27 -1143.1474210263186
-113.36 -24.45 0.26 1130.2061946783606
-825.59 -297.67 0.27 5989.609634383855
-437.24 -190.73 0.1 5210.720862528327
-388.54 -152.0 0.25 3346.7161942968737
-680.08 -285.64 0.15 4978.278906529428
-712.48 -460.39 0.2 3737.2120169835257
-667.7 -478.11 0.17 5580.0295785972485
-481.18 -168.38 0.11 6590.077669355458
-253.45 -160.56 0.17 7609.65877223952
-842.91 -295.04 0.27 5101.911481806599
-860.2 -310.39 0.05 8270.626903622799
-276.3 -131.11 0.15 4481.2288474801635
-317.36 -210.3 0.1 5733.622160386726
-619.67 -278.87 0.22 6255.423427959686
-375.2 -189.02 0.11 6978.322622192361
-585.3 -238.82 0.24 4472.383307782813
-773.69 -279.28 0.24 6002.4612621630395
-481.06 -249.93 0.3 4679.3644879686835
-291.31 -201.77 0.08 7493.304351565266
-604.83 -311.94 0.26 4331.3879919980645
-657.69 -284.28 0.29 2608.200548646537
-554.3 -370.6 0.16 7771.297925301629
-132.77 -52.11 0.29 2845.9803717107075
-214.15 -74.65 0.2 6812.027960790049
-502.95 -300.83 0.27 3135.783974031217
-911.59 -373.5 0.07 6749.443818986054
-670.01 -486.61 0.13 4659.642426593395
-120.43 -86.18 0.3 2539.5521602137187
-527.49 -231.09 0.11 4163.452787068565
-621.33 -331.17 0.2 5902.458553165444
-569.42 -187.14 0.1 8706.243412447793
-549.09 -230.81 0.12 5768.33852483424
-823.88 -294.32 0.18 7544.374910603536
-596.21 -320.04 0.19 3476.2977398363037
-791.4 -313.27 0.29 5543.82509898719
-793.78 -570.89 0.3 2534.808433718519
-404.86 -257.6 0.23 6611.9568346465185
-417.8 -153.15 0.28 5251.853966642659
-418.09 -217.99 0.27 4937.396747402556
-589.59 -214.37 0.1 7019.5329911378085
-577.65 -318.97 0.29 4666.60338261672
-354.27 -166.8 0.11 4494.086550216392
-416.07 -140.83 0.18 6435.306234051535
-60.41 -27.85 0.27 3838.792923418985
-456.12 -239.97 0.25 4867.348167097248
-756.43 -485.33 0.12 5186.169294233696
-672.89 -278.19 0.15 4846.178761015618
-692.47 -476.2 0.2 5493.245757821259
-421.72 -169.79 0.19 3762.9897917718454
-312.85 -331.18 0.15 5135.6144392812885
-594.47 -685.74 0.16 6219.340648046656
-514.47 -591.68 0.06 8555.842885125383
-606.53 -670.52 0.11 5713.321944700253
-427.34 -472.45 0.18 6310.473788769046
-650.21 -690.32 0.13 6842.744424593744
-420.05 -367.68 0.3 4200.218573216143
-282.59 -317.64 0.24 4737.821263674054
-518.9 -565.59 0.2 4628.548792966265
-279.1 -254.88 0.06 4845.411555826584
-666.69 -594.29 0.17 4828.3381604765245
-493.68 -663.74 0.22 4975.599368959687
-524.81 -627.73 0.16 4824.94683642276
-590.59 -558.17 0.16 4593.672202264897
-516.51 -656.03 0.26 6640.595478427875
-217.13 -296.38 0.07 5952.57821815693
-199.71 -272.76 0.1 6003.0386753508865
-70.67 -54.2 0.16 8080.57503467865
-530.69 -511.87 0.2 5333.995552999045
-612.12 -677.96 0.21 4266.7152376292
-737.07 -565.25 0.26 4095.6659988508263
-726.7 -612.95 0.06 5744.811503068757
-574.66 -790.05 0.08 7600.1194633148425
-132.45 -109.76 0.25 6749.111851563566
-54.51 -54.69 0.19 6007.462828019991
-464.95 -350.43 0.28 4474.78740295541
-690.88 -573.27 0.13 8191.493409336215
-488.18 -420.64 0.11 4929.294489367441
-445.17 -406.45 0.12 7493.998969192811
-576.73 -636.22 0.19 7090.847900529716
-495.69 -514.34 0.3 4997.142168266233
-748.5 -607.56 0.06 7381.219796775858
-538.31 -456.93 0.14 6728.540914877088
-424.09 -562.14 0.07 9772.165320287282
-493.2 -442.64 0.18 5592.14793370232
-688.52 -582.06 0.28 4665.774273170452
-235.71 -282.41 0.22 6241.474401141604
-384.5 -364.3 0.19 4364.753776532288
-556.08 -488.58 0.17 6417.33936420637
-365.35 -275.33 0.26 4675.139392227315
-435.23 -426.72 0.11 5548.591828122159
-72.1 -193.62 0.21 6660.156115461083
-289.71 -685.22 0.27 5866.303229777022
-463.56 -741.21 0.21 4888.814611581469
-441.49 -886.97 0.19 5140.061617319594
-269.27 -599.91 0.06 5987.044862821886
-494.15 -696.39 0.21 5834.166222423468
-344.51 -628.66 0.13 6330.228075061309
-401.74 -862.6 0.1 7176.379726284746
-434.62 -677.51 0.14 8703.168834645672
-104.76 -278.76 0.29 4413.270614978531
-432.31 -889.63 0.05 8414.294770798113
-313.41 -855.12 0.11 5478.052374522278
-113.9 -157.19 0.13 8237.803893691706
-174.8 -264.93 0.21 5164.968900905389
-135.28 -231.39 0.05 6647.58457849474
-298.48 -672.69 0.13 6699.077435726804
-212.26 -533.24 0.24 5220.229013414812
-461.45 -670.2 0.06 8185.750536343197
-481.01 -669.97 0.15 5342.737932349033
-295.78 -791.75 0.13 5004.036713081488
-201.71 -439.72 0.08 7044.369213661589
-296.13 -766.67 0.2 6028.915036275476
-232.15 -706.13 0.25 5031.126257933078
-414.92 -646.86 0.29 6406.767350173837
-330.54 -528.77 0.28 5299.775937805937
-339.88 -709.79 0.25 4594.93797883402
-279.87 -420.79 0.23 7368.302110058305
-355.74 -900.99 0.23 6297.330032191036
-338.22 -630.65 0.26 5063.435206188791
-435.08 -845.39 0.25 7122.6510659460355
-365.63 -860.82 0.19 7226.868279489148
-313.7 -865.56 0.25 5784.1849098511975
-324.5 -781.33 0.15 7888.020798582716
-157.45 -429.56 0.07 5566.7322135907225
-83.67 -202.27 0.21 6425.317680066999
-172.13 -300.67 0.07 5624.41031225097
-259.57 -754.45 0.25 5313.950853817606
-237.32 -469.75 0.07 8717.540512924668
-221.95 -464.49 0.15 8032.945473421886
-204.65 -781.37 0.06 8748.293878863898
-2.78 -205.41 0.25 3457.5893628979607
-86.17 -334.12 0.11 7220.133959537821
-97.57 -706.66 0.22 7126.341146110451
-128.53 -695.52 0.29 3420.0492046779136
-89.37 -301.56 0.21 5827.401084450074
-145.36 -963.63 0.18 7714.385076543473
-190.89 -797.8 0.06 7167.891131796841
-0.39 -731.06 0.11 4477.6618211862315
-199.35 -855.67 0.12 7518.910437804382
-101.08 -863.62 0.06 7936.019507736907
-90.22 -976.44 0.12 8252.368054455726
-296.1 -951.15 0.1 6445.933792707718
-173.46 -769.26 0.12 8199.318039031525
-156.39 -562.82 0.25 5991.847192251556
-3.48 -111.09 0.29 3017.6396034904683
-63.89 -675.54 0.23 5645.30402888672
-20.34 -531.39 0.3 4473.876611384712
-95.4 -394.26 0.24 5520.297350461855
-20.34 -395.84 0.25 4046.1156703777815
-84.66 -320.74 0.11 4757.9954015874455
-38.19 -970.71 0.25 3758.108183701069
-100.98 -804.46 0.09 6454.686117560175
-96.92 -986.6 0.06 4841.943081608622
-135.29 -792.32 0.18 6699.18072982337
-269.85 -942.41 0.1 8629.300535640157
-152.98 -918.46 0.24 3505.209574469156
-25.16 -405.6 0.17 6378.332562558489
-45.54 -466.7 0.07 6673.092605396994
-32.27 -703.02 0.11 8058.700007499501
-235.04 -858.63 0.24 5598.272560865006
-13.54 -793.03 0.25 4192.929238493663
-62.55 -625.26 0.07 6940.597771351347
-86.96 -327.09 0.23 4658.581873778912
-76.3 -520.09 0.1 4415.844411343505
-255.38 -955.92 0.22 4277.970082754932
-84.44 -729.64 0.06 5632.130189493457
-38.97 -684.41 0.19 4012.824412698715
-180.36 -644.46 0.11 6680.085804113651
-238.68 -847.68 0.22 3763.677708909611
-86.7 -829.04 0.22 4262.567165225193
-58.71 -725.95 0.1 8270.82550732914
-230.96 -938.74 0.18 4720.669151085919
-65.88 -518.73 0.16 6645.83848383784
-8.68 -369.95 0.08 4991.772669297037
-55.43 -314.9 0.23 5682.667979420719
-169.78 -913.28 0.19 5004.573003314796
-65.01 -639.71 0.08 5942.397160124407
-85.58 -668.79 0.1 6625.18851349503
-13.71 -599.95 0.14 4199.789163441704
-37.39 -741.14 0.1 6381.04093864718
-72.91 -445.21 0.11 5788.593041317608
-74.39 -568.5 0.27 669.3292899736816
224.07 -911.76 0.15 6097.436619941569
184.23 -830.46 0.11 6343.260196423282
231.19 -814.24 0.18 4364.358792595603
76.0 -748.51 0.13 6939.764828437557
112.23 -346.8 0.12 7310.768897176713
81.02 -843.9 0.09 9149.67408282054
232.14 -923.38 0.09 5265.823031425003
139.27 -673.1 0.16 5442.300472904872
24.69 -580.13 0.19 7513.14596172336
80.51 -850.52 0.08 5149.6435769140835
111.97 -560.76 0.21 5743.305334310673
173.29 -971.88 0.24 4347.772908896415
35.0 -894.75 0.16 4234.207940283259
44.25 -694.28 0.28 5546.557558824215
33.63 -780.42 0.13 8277.051520848496
89.41 -806.77 0.23 3981.9931270252455
149.8 -756.82 0.07 7829.611391608539
87.34 -492.5 0.11 8329.406420982501
67.5 -796.69 0.17 4739.607855122059
102.86 -572.47 0.1 5146.820247580305
11.84 -426.83 0.11 6783.755335482367
8.61 -560.7 0.13 8758.885822706518
55.37 -380.51 0.25 6652.21585749784
36.17 -364.56 0.26 6684.6662595789385
29.78 -782.57 0.2 6861.627850244956
50.75 -841.77 0.14 6411.583146998934
76.79 -987.58 0.21 7011.108263236771
17.75 -729.13 0.21 3962.8997295798463
36.6 -596.49 0.17 5504.865846924942
10.28 -639.78 0.15 4497.247959474707
90.43 -395.16 0.1 7705.1826369171395
48.96 -589.17 0.23 4198.3355579895615
145.45 -940.5 0.14 4398.341068857983
16.0 -364.07 0.14 7824.98392866534
110.92 -564.89 0.1 6852.698214210412
67.22 -615.78 0.18 5554.321519456709
83.68 -815.84 0.28 4644.548833628998
112.69 -600.24 0.09 6630.95201317384
300.04 -928.88 0.13 7434.212791127142
145.82 -711.73 0.21 4263.494148122735
4.21 -689.06 0.19 7876.119102284127
203.77 -852.04 0.14 5585.247472407795
141.16 -844.58 0.14 4615.006013534746
138.63 -616.35 0.19 7791.250587419685
217.82 -832.27 0.14 7064.9388596348135
13.13 -51.87 0.29 5139.518390879388
15.23 -114.39 0.1 9120.078684482078
41.52 -390.59 0.18 6113.507708705254
146.06 -458.6 0.19 5798.824915251773
168.96 -739.09 0.28 -1300.334438730998
311.64 -743.41 0.15 8039.838230262623
243.92 -646.68 0.19 6073.718013797415
424.76 -882.86 0.21 4713.1593261530725
319.33 -936.18 0.15 5401.298251086633
382.36 -803.49 0.18 7778.995544196272
182.13 -484.94 0.17 4687.260996017954
305.19 -593.2 0.26 4088.6454816876794
218.87 -566.68 0.12 5219.338646433266
370.75 -898.89 0.21 4077.9499871126027
113.74 -307.23 0.08 8950.18723987736
372.5 -822.47 0.27 4609.186677292264
214.49 -309.57 0.25 4702.514708471332
16.82 -23.45 0.09 4825.504210169125
22.07 -67.79 0.28 5295.591327515356
114.07 -219.99 0.26 3254.8527869955897
338.77 -646.12 0.09 8524.096987393968
451.36 -649.79 0.19 6314.555765880477
522.22 -772.09 0.15 6244.221428178983
382.89 -910.2 0.19 4951.832428443335
327.56 -845.71 0.18 5313.582917602036
260.18 -768.38 0.23 5556.008793633138
298.36 -771.25 0.17 7635.03048187916
372.41 -709.63 0.07 5267.386941882948
368.3 -547.15 0.05 9810.39067887061
386.4 -878.44 0.28 5003.6643253980965
154.5 -464.63 0.2 6811.516369409163
299.79 -432.7 0.23 3920.804715061331
318.64 -565.11 0.3 4221.74083479249
494.0 -816.67 0.27 3247.080212215774
160.84 -275.25 0.29 3766.292522748643
346.1 -691.57 0.16 4339.795915727612
415.79 -686.12 0.14 6056.618259344868
328.28 -619.83 0.13 4251.898650933985
83.82 -134.3 0.11 8263.169412563322
139.1 -289.89 0.23 6112.368684227108
314.6 -607.66 0.19 5518.333141813971
284.86 -704.25 0.17 6501.346432499432
374.7 -769.7 0.25 3705.457440931458
579.0 -805.56 0.17 6568.268810107666
75.65 -224.8 0.1 8910.744335802678
453.28 -708.21 0.24 3784.671515319365
428.04 -812.26 0.1 7917.5265532408575
403.75 -876.31 0.29 5002.252981599966
170.58 -411.58 0.2 6522.242627225319
392.35 -784.75 0.11 8326.207372488134
134.2 -191.41 0.12 7876.17260112977
58.0 -102.15 0.23 4512.804701222963
559.95 -624.97 0.07 9254.214722864577
477.3 -454.23 0.07 7718.718701698001
581.35 -593.31 0.22 4619.558954235755
553.6 -715.6 0.24 6188.0003483200035
601.05 -618.48 0.17 5211.800194413476
155.31 -178.79 0.11 7454.603859635937
503.12 -541.16 0.15 6575.686032790432
613.04 -568.41 0.29 3179.0790266039794
617.14 -769.38 0.12 4559.860545155396
381.88 -291.59 0.24 4856.620906560987
620.72 -503.47 0.15 6956.120190671697
397.07 -314.48 0.07 9234.55595543414
657.04 -643.56 0.1 4665.236915915995
54.97 -71.0 0.08 7960.683409835931
269.19 -222.04 0.13 4185.16814857411
542.76 -510.37 0.1 4093.8911341289368
508.11 -423.07 0.15 6600.0452995813785
113.52 -89.21 0.14 8332.173941277397
316.45 -293.65 0.26 5821.188350561544
675.31 -636.88 0.14 7095.2182752997105
499.35 -663.48 0.11 4647.57997524162
586.82 -598.0 0.12 6624.7459660849045
520.12 -397.65 0.26 2735.1240886544183
435.7 -535.43 0.2 3599.9817442736494
666.88 -498.58 0.24 3209.758862855744
343.66 -308.89 0.21 3900.8140723386077
704.13 -521.44 0.17 7539.670099967691
256.87 -280.51 0.14 7749.876841372543
449.19 -519.19 0.17 3508.082832989044
515.66 -406.1 0.09 8564.246113593263
468.36 -393.19 0.06 4541.153655189202
252.92 -262.04 0.1 7117.04379390675
432.31 -346.35 0.26 3172.102427540674
486.37 -622.45 0.2 4575.419538106339
569.29 -707.8 0.1 5486.019443650983
128.97 -102.89 0.07 6385.098890751687
360.37 -310.97 0.1 4748.5595770840155
195.5 -175.39 0.24 5375.764255896231
219.33 -266.32 0.26 5297.8100796627605
658.11 -487.02 0.27 3062.83041329598
458.25 -367.31 0.25 6214.221943012832
650.41 -744.57 0.21 6997.686971997249
495.13 -619.85 0.19 5812.888316427841
720.65 -619.49 0.2 6245.787506590496
340.98 -434.75 0.28 3897.388239007507
597.13 -628.19 0.05 4598.421730676354
555.68 -622.19 0.26 4245.86940167622
483.63 -396.79 0.13 4299.2803504405765
208.21 -190.4 0.05 9300.96968816955
476.41 -528.08 0.08 7618.229670848201
677.69 -542.93 0.15 5474.6825044943425
604.74 -560.8 0.15 8002.387897570063
623.77 -453.39 0.28 -1009.761514730998
488.75 -393.43 0.08 8875.957612967957
277.12 -373.99 0.23 5984.7051387820575
565.03 -619.83 0.18 3441.079331364992
342.61 -431.63 0.28 5154.460949538341
273.56 -319.28 0.15 4099.868519092219
421.91 -579.99 0.2 6233.712765325293
367.16 -279.45 0.25 696.0809443830385
619.0 -333.83 0.18 7945.2150156971375
795.11 -292.88 0.17 5946.442117709414
797.63 -444.38 0.08 6027.6258378535185
858.77 -408.16 0.11 6066.927454042562
823.37 -543.55 0.1 6850.066604569395
684.1 -351.5 0.29 5277.131581052981
480.54 -269.84 0.19 5553.675068112156
478.95 -272.09 0.29 3278.869590332448
546.27 -239.34 0.26 6608.853510078666
750.67 -305.03 0.13 8573.036269701588
805.74 -286.31 0.28 5509.971700823109
675.93 -325.97 0.27 3893.171284673519
728.43 -350.24 0.16 6235.342710328056
716.28 -455.68 0.22 4106.483893280285
691.75 -226.93 0.17 5870.21272546578
576.8 -393.0 0.12 8058.796552712153
567.3 -386.54 0.11 8864.308028625255
707.2 -456.45 0.2 6754.489568556419
858.66 -394.42 0.15 4304.796772531468
836.25 -315.56 0.16 6798.534256648261
920.05 -369.38 0.26 4605.238252458263
488.85 -175.77 0.18 7208.754236939829
731.07 -529.2 0.16 5014.05852483679
795.84 -377.24 0.05 9830.079925352442
421.27 -292.01 0.08 5335.760731736778
695.97 -303.6 0.11 8905.722206657327
813.94 -297.31 0.18 4409.107144609753
804.49 -307.6 0.23 4402.162256547118
266.47 -172.54 0.15 5451.805639915436
214.59 -127.77 0.23 3866.5439105146343
771.56 -472.11 0.29 3469.7318470693954
697.09 -246.46 0.25 3750.4407706151283
289.5 -122.87 0.27 4305.41454385248
411.43 -201.36 0.07 6050.395190721654
463.27 -291.38 0.21 4394.748933591652
594.04 -195.14 0.19 7300.656645890769
770.45 -358.36 0.11 4687.51589654147
830.5 -373.42 0.26 3479.0649360274683
897.13 -359.08 0.23 3894.987122245683
504.9 -288.95 0.12 5075.516566682291
676.05 -312.35 0.12 5509.2230800023135
879.05 -476.15 0.27 3626.216951341109
663.64 -448.87 0.29 5426.653496311067
414.67 -90.02 0.12 6716.968870265044
675.55 -208.86 0.17 4189.7738283606905
965.29 -224.17 0.26 3259.4357791955313
594.41 -138.17 0.15 5403.596029642902
923.55 -244.65 0.06 5821.970532052544
396.5 -67.35 0.23 5148.626049604702
986.26 -64.61 0.18 6469.532127917735
704.24 -85.41 0.18 5060.344739763929
839.89 -52.41 0.2 4955.733907150552
757.09 -115.01 0.18 6668.504533006828
271.77 -74.57 0.13 7542.95120483925
619.85 -189.79 0.19 3974.595846937727
564.27 -135.14 0.08 7070.877329398929
810.86 -225.71 0.09 8374.265686771932
837.08 -138.58 0.13 6339.274884678953
571.83 -19.83 0.06 8213.273526310042
702.46 -7.97 0.07 5775.540668488704
791.95 -188.31 0.2 5557.92297295193
867.34 -225.59 0.28 4143.019904236903
657.13 -112.55 0.27 5942.199825774073
862.46 -49.61 0.15 6694.879782529142
900.53 -223.72 0.08 7457.927591738751
688.74 -134.18 0.2 6496.950395169331
339.34 -56.61 0.2 6110.086501505222
992.15 -81.07 0.05 5582.99057646022
909.12 -53.28 0.06 5585.596489504823
961.28 -94.76 0.19 6545.058908416503
301.99 -1.18 0.13 8459.481547166855
969.17 -199.19 0.21 7277.727233144945
823.53 -3.04 0.06 8124.534106883935
405.43 -15.13 0.09 7379.5540042186385
873.41 -144.03 0.15 5765.817272902453
423.41 -38.12 0.09 5509.261150465379
655.96 -76.69 0.07 8465.84682477454
869.18 -260.52 0.19 3831.7630210393236
718.23 -39.45 0.24 5817.927870958483
866.95 -231.78 0.19 4476.366125847663
415.73 -77.31 0.12 6332.527325647503
814.72 -15.28 0.26 5739.2746209585675
314.24 -28.06 0.28 3901.3717436098723
791.29 -157.38 0.18 6058.290499605667
690.82 -165.43 0.21 5239.697443581579
424.22 -45.99 0.14 8359.093057184664
624.35 -192.4 0.18 5125.10327956632
581.91 -55.41 0.19 5421.713643857654
953.85 -254.82 0.25 4015.4302061903663
953.58 -213.89 0.26 3720.7618178063594
943.42 -116.47 0.15 5924.291203706653
667.29 -5.2 0.22 4723.611194470255
694.24 -183.33 0.24 3560.3014286423727
740.73 -114.49 0.26 6112.185117781106
796.83 -248.61 0.15 5300.843684794056
280.06 -22.57 0.29 3478.2330907706187
720.97 -31.77 0.19 4401.760855379984
817.47 -193.45 0.29 -1687.6678784356745
708.17 -74.1 0.27 -1379.1173330263182
786.5 -206.46 0.23 2698.741531792395
