0.0 0.0
633.15 82.89 0.11 -20779.776539514627
519.35 117.0 0.13 -24297.67926657691
747.46 314.22 0.08 -12995.762442669995
821.35 278.22 0.24 -51610.076368122835
536.83 533.12 0.11 -19678.59533051463
352.76 905.54 0.26 -57237.55222621641
214.22 490.14 0.11 -16401.438135815715
159.04 73.84 0.21 -39969.28096398247
635.01 405.26 0.16 -32474.760853790358
388.36 894.07 0.1 -16528.37472622847
408.47 171.43 0.11 -17951.534623331554
187.13 54.74 0.21 -40983.469644787074
224.35 229.86 0.07 -6320.172167730047
191.78 18.64 0.22 -45055.465843029255
812.72 143.13 0.24 -47409.86908807432
797.08 481.4 0.25 23369557.120314244
184.18 289.04 0.3 -63709.11983722404
550.78 435.07 0.09 -10978.464858292351
447.94 578.7 0.05 -1585.453187600524
354.19 511.47 0.24 -52653.635751122834
299.69 613.64 0.25 -51445.59285093705
654.67 752.71 0.23 -45923.04666207604
640.87 306.57 0.17 -33539.44574392849
638.06 250.32 0.21 -40672.187861957376
522.67 595.33 0.25 -53517.67302016963
234.86 50.72 0.07 3939441.9427366666
743.65 653.75 0.13 -24599.494043405724
982.77 18.58 0.13 -20656.4981996082
753.78 241.39 0.06 -5235.275802187519
559.3 258.98 0.27 -59138.148205408055
123.18 201.54 0.28 -61023.07476632825
9.52 19.57 0.05 -1846.7739751009312
469.33 121.09 0.07 -9687.17424552235
289.8 752.83 0.05 -3855.9853859231343
773.42 407.41 0.3 -65574.85774640353
573.54 28.82 0.15 -25558.202203934274
703.66 273.84 0.19 -35064.102482808004
347.39 633.6 0.17 -33773.275674795346
687.99 90.71 0.3 -66452.99455540354
765.36 253.25 0.23 210795294.87334487
860.75 254.29 0.15 -25275.098650805798
559.16 126.6 0.17 -35017.08818707307
163.18 182.39 0.27 -54368.75030526318
543.96 801.23 0.15 -27851.615921335004
738.13 434.84 0.15 -29237.283337101402
109.2 36.11 0.07 -8067.3964849862605
135.77 52.69 0.18 -33524.46128984212
345.34 885.37 0.13 25662488.326993596
483.52 258.39 0.2 -37573.75392293569
887.09 294.89 0.23 -49665.380377326255
942.1 96.67 0.17 -33360.931037795344
193.93 530.45 0.1 -13969.687990306982
919.96 234.02 0.06 -9350.708315129428
554.64 831.46 0.05 -3634.2680801998704
428.74 327.03 0.18 -36217.569731351265
324.15 751.54 0.17 -34729.574080322316
281.87 92.0 0.19 -36176.625564888906
358.48 831.73 0.12 -21699.050678951604
657.14 300.56 0.1 -17973.871039012483
493.37 437.03 0.15 -26165.058012510195
474.27 535.37 0.11 -15941.27555236322
292.7 48.28 0.27 -59206.20873863583
461.43 258.17 0.26 -55805.503123399794
496.79 548.0 0.15 -28553.971223382796
657.04 546.15 0.1 -13794.545747448905
140.25 304.4 0.18 -37293.022948651604
672.48 559.24 0.14 -24450.000545265983
942.38 268.89 0.26 -56321.62346420513
720.78 11.94 0.22 -45604.54976765025
638.41 422.14 0.07 -8593.981998646565
526.6 839.49 0.18 -34435.23698525258
683.76 333.04 0.27 -59527.74081326317
345.23 168.18 0.07 -7729.180440440617
304.83 368.4 0.17 -32170.541835469354
301.01 554.37 0.27 -54184.39524667365
355.19 250.25 0.11 -18333.20485267196
477.9 51.33 0.12 -18124.09023029729
596.0 166.41 0.28 -58172.56858920213
765.46 296.67 0.26 -56818.603304216405
758.08 79.72 0.1 -17271.188240641073
726.2 52.0 0.21 -41594.60296298247
515.1 252.67 0.13 -21250.810513518412
168.14 344.47 0.11 -21224.383404199805
446.5 313.78 0.29 -64855.326607356736
531.5 246.73 0.12 -22453.51449894796
460.48 402.5 0.19 -38027.66594093155
548.25 77.85 0.17 -31215.50680538073
482.49 573.55 0.09 -12811.823271390156
644.06 421.99 0.27 -57241.67352248049
595.19 199.24 0.07 -11039.004874327493
311.08 260.9 0.18 -36230.31344110273
895.35 175.64 0.21 -39858.95377005659
172.34 160.0 0.14 -28478.47397165498
746.16 116.06 0.21 -44037.0542766045
332.8 69.98 0.29 -60741.36135435674
595.04 332.28 0.22 -43064.04752343692
606.91 634.5 0.16 -29436.783255869497
370.78 563.94 0.16 -28591.40177902255
684.21 188.91 0.2 -41972.24131593569
827.42 35.83 0.12 -18874.030726537036
260.76 77.77 0.06 -6283.392731752815
545.05 732.7 0.13 -23907.549212608203
258.79 627.38 0.16 -32086.328196126913
387.18 542.15 0.07 -8177.178852956642
215.56 122.8 0.27 -58588.74180926317
921.14 126.91 0.21 -44274.13618861558
736.82 308.35 0.2 -39079.62349893569
791.83 80.06 0.2 -40419.027654935686
676.72 124.06 0.11 -20099.6401148022
464.12 89.91 0.12 -18579.730928376994
886.88 454.23 0.29 -62505.90714904433
184.56 30.07 0.12 -21179.335886497625
742.61 361.33 0.09 -15074.571110859724
473.01 301.57 0.23 -45222.286158065515
389.95 801.35 0.08 -12629.622017460637
937.78 58.77 0.16 -32843.59737024726
267.78 675.04 0.28 -61037.72734277567
726.87 62.38 0.05 -5398.175674541872
428.66 290.59 0.18 -35214.44063384212
637.22 283.57 0.23 -44457.91258557611
831.38 504.05 0.24 -50262.93201714329
315.42 835.14 0.25 -52220.190739673104
325.44 461.89 0.22 -43529.67769338164
927.8 3.39 0.22 -45929.711604018834
708.62 680.61 0.11 -17126.792462144935
685.6 206.47 0.08 -12177.146299540449
62.8 96.93 0.19 -36215.61252400196
241.25 91.3 0.25 -54779.07439416963
600.94 318.58 0.08 -11386.115659588524
508.45 183.55 0.18 -37267.79012484212
559.23 162.57 0.06 -12459.512588585032
282.07 530.06 0.29 -61333.79264146486
365.25 781.8 0.23 -49532.280618332945
477.86 293.82 0.15 -27484.07167312713
545.05 801.81 0.16 -28863.670339129632
666.55 386.41 0.09 -13812.411952303635
696.01 610.82 0.15 -25294.48062316592
293.13 316.02 0.09 -12282.810348693363
543.22 162.32 0.18 -36091.58070584211
197.42 329.83 0.13 -21625.27988474551
220.77 512.61 0.05 -5214.991066956121
468.5 575.37 0.27 -57213.366158263176
582.48 797.88 0.21 -42846.94307722233
162.42 248.13 0.16 -31349.900579748555
740.65 86.75 0.21 -44617.42646765961
115.17 131.58 0.12 -22880.640883988755
253.49 216.83 0.3 -61782.48899040353
203.33 275.55 0.19 -37620.85122713102
886.74 357.88 0.15 -30777.509998701767
297.74 329.25 0.18 -37221.26568382675
357.29 519.58 0.12 -22506.078638561416
150.92 239.08 0.24 -48723.43440616725
255.4 646.85 0.22 -44511.61863453438
819.32 331.7 0.06 -8577.540715538746
474.05 290.98 0.28 -57008.97963730997
679.11 346.26 0.1 -17291.277401423493
662.44 441.73 0.24 -51937.77635621424
128.58 201.1 0.14 -23538.86541459374
711.94 270.5 0.23 -46620.20323244485
612.41 228.74 0.25 -51904.31935055053
384.69 304.3 0.11 -16792.095623262026
211.63 53.79 0.29 -59861.35942876179
855.14 190.61 0.28 -60341.817084309965
551.41 478.72 0.14 -28233.634717800247
929.38 70.38 0.18 -36136.027966490146
914.56 99.38 0.22 -47154.59217971612
413.29 38.65 0.2 -40369.5958298686
553.29 787.88 0.28 -56828.764742933796
351.23 336.68 0.23 -48360.80701507605
499.95 97.77 0.18 -35648.95952898505
242.79 631.0 0.14 -2893037.305715362
821.19 180.13 0.12 -22091.843983561415
606.89 253.83 0.11 -17973.70346479121
514.42 443.09 0.11 -18458.674376983487
546.56 583.67 0.27 -54620.93418926318
562.14 767.47 0.1 -16987.382375208497
12.16 2.87 0.29 -64694.48134535674
98.88 128.2 0.27 -56794.37950578354
481.24 488.22 0.27 -9918701.682282768
222.97 260.46 0.08 -8653.209440697556
412.17 521.97 0.15 -30325.12759933758
931.4 321.33 0.14 -23855.57044703384
558.16 38.39 0.18 -37470.86183692992
79.08 197.1 0.25 -54807.23111716963
607.86 444.67 0.17 -2966195.5585871483
835.03 114.44 0.15 -1870469.0055305874
464.26 635.23 0.2 -2920378.8483709795
894.02 186.84 0.15 -1089346.7825212895
244.1 610.51 0.19 -2106418.0267166346
568.52 753.16 0.26 -5379498.408828271
319.47 571.03 0.27 -5261771.7065928085
543.66 567.32 0.1 -925525.6525427118
711.38 68.75 0.17 -4703848.557912661
398.76 481.08 0.16 -1410452.6250185396
419.18 291.58 0.19 -1976004.936930379
631.74 437.4 0.17 -33216.05259679534
222.86 139.27 0.12 -22204.912158433774
460.11 598.7 0.24 -50420.51628408262
581.61 120.44 0.13 -21342.315989766397
789.02 504.07 0.19 -39326.593164175545
622.75 78.34 0.27 -58854.826412263166
-200.99 978.94 0.11 -15935.646858591504
-201.57 725.32 0.11 -20111.79869760627
-167.1 341.64 0.13 1342715.8906713515
49.35 304.34 0.3 -67043.33173240353
270.28 958.77 0.29 651804616.9013251
-536.28 758.43 0.25 -54865.23995216962
-203.06 482.3 0.11 116935.71356272192
-46.79 149.57 0.26 -56780.68797021641
-12.02 743.21 0.12 -18042.64467670109
-95.19 630.31 0.08 -12750.321994549298
246.25 862.41 0.16 -30997.35659536055
60.42 555.89 0.15 -27991.98731770177
115.94 832.16 0.2 -40670.684005490104
-315.96 758.53 0.2 -39746.117716362016
-239.44 486.95 0.28 -59810.211225566134
-280.12 455.21 0.13 -22594.010039639514
-138.85 776.66 0.27 -54444.546136263176
-115.45 903.24 0.06 -8628.962694368329
99.53 634.83 0.14 -28104.927927654986
-500.34 434.94 0.26 -52159.4319132164
-254.57 335.46 0.22 -41939.28078535861
159.03 806.58 0.16 -31309.182377992776
205.42 948.31 0.29 -63072.336197992234
-312.73 477.24 0.24 -47478.228314594206
39.24 782.85 0.23 833942763.8762146
-89.3 455.54 0.09 -15897.325919937906
-5.34 98.07 0.29 -61371.859078823836
44.7 572.64 0.17 -32500.96911679535
-366.2 321.62 0.15 43457.735728285945
-168.35 794.25 0.27 -59176.42838843346
-241.4 822.55 0.2 -37912.188231894375
158.7 777.42 0.14 -27191.226728095564
51.55 794.87 0.06 -6730.731358008365
-359.8 451.79 0.13 -25324.9347686082
107.59 436.16 0.07 -7730.2223609873
-482.82 865.57 0.28 -61126.615442309965
209.48 771.75 0.19 -38922.739602888905
-109.14 217.47 0.27 -58608.986454490965
8.98 765.83 0.2 -41780.603134935685
-258.44 780.9 0.25 -51411.770852821
125.2 428.43 0.22 -47125.17634253158
-204.45 868.45 0.24 -48409.44978412283
-378.43 623.28 0.29 -61834.96197235674
-654.4 625.67 0.24 -49259.858027122835
4.95 341.7 0.23 -49372.93557224451
-34.51 569.35 0.11 -19471.095217734295
-94.29 360.79 0.24 -51681.55163612283
-613.14 571.51 0.29 -61220.99404596757
-349.01 325.6 0.11 -20733.48284151463
-206.03 264.56 0.14 -24845.227423654986
-230.62 367.4 0.18 -34695.019110280424
-435.86 536.46 0.29 -60750.304166708986
86.8 388.86 0.16 -30374.61736431568
-398.45 859.94 0.11 -20624.540366577574
30.47 824.72 0.09 -12777.991426954071
-60.8 717.06 0.17 -30317.27545648419
-450.32 621.97 0.27 -58459.6173199082
-187.58 751.84 0.23 -45629.15669807604
-342.74 436.66 0.15 -26737.484567984127
-240.71 506.39 0.27 -57458.53055676904
119.58 735.75 0.23 -47200.7362189027
103.81 874.74 0.16 -28738.97574230481
-247.32 965.86 0.28 -59507.091869628406
-568.9 716.71 0.11 -17682.822834507486
-368.92 611.97 0.11 -19256.032931398022
-25.15 345.08 0.12 -19142.224620043395
-27.26 397.85 0.23 -44417.10959731361
-557.28 647.53 0.22 -45571.112750174594
-187.16 477.31 0.25 -54885.35756416962
-247.36 500.71 0.27 -56318.01691526317
-700.39 599.6 0.25 -51192.91762871337
-355.67 284.7 0.15 -27593.50525064197
-419.84 888.85 0.18 -37810.27647584212
-116.95 730.9 0.24 -51606.26888594275
-135.68 616.73 0.13 -25292.94084512917
56.18 945.21 0.26 -55338.686329216405
-72.55 385.59 0.24 -47685.96094313931
-282.24 314.39 0.21 -41206.116637982464
-397.92 348.52 0.08 -13703.931931568695
-230.4 800.12 0.3 -61722.73593115956
34.49 694.61 0.24 -49507.94160545495
-362.05 423.44 0.07 -8320.369026756238
-17.82 810.37 0.25 -51902.73676716962
-389.72 747.99 0.14 -23764.78101641516
4.43 838.92 0.29 -61195.77588435674
-31.28 711.34 0.25 -49911.238138212895
-542.29 654.72 0.1 -18228.16126036446
-510.63 616.33 0.16 -28843.674048748555
-123.67 770.19 0.07 -8672.191231933904
-249.2 709.08 0.07 -7991.851455611013
-204.64 433.22 0.15 -27462.339590541014
-311.94 480.99 0.16 -28161.57792487509
-285.74 518.47 0.19 -39839.4640818889
-218.8 964.48 0.12 -21039.416036051127
70.2 784.04 0.25 -52484.63530016962
59.15 287.21 0.1 -15519.426958064729
133.27 875.04 0.23 -48897.76325807604
-113.92 644.43 0.19 -39642.9817958889
-246.14 243.2 0.16 -29039.13985862201
175.7 712.81 0.3 -63905.31777054951
-6.8 222.77 0.08 -13654.958091374278
-98.91 412.45 0.25 -51623.909024169625
80.11 835.49 0.14 -23205.784914017342
-278.1 779.54 0.27 -59662.56035626317
42.59 959.86 0.07 -8708.709843669709
-314.32 479.64 0.3 -62008.081266327536
-202.18 949.24 0.2 -38495.073060209616
238.94 838.08 0.16 -31780.931263176743
-192.27 356.94 0.1 -13763.939157467847
-375.89 879.21 0.3 -65464.45495706484
-436.1 730.18 0.08 -10376.340147870013
-222.72 219.7 0.25 -36355.3470714825
-318.07 520.89 0.29 -62724.85124717412
-442.55 532.09 0.25 -49773.58873922261
56.91 837.99 0.22 -42319.158473934396
-265.54 590.88 0.09 -32622.889865914178
11.96 590.13 0.24 -48551.508547944926
-56.4 315.08 0.16 -31885.06046030335
139.15 673.56 0.3 -64645.35142458723
-318.41 525.08 0.15 -28678.01532164875
11.78 742.67 0.18 -16846.07108529985
191.6 773.06 0.13 -22075.189643299484
-68.03 584.77 0.26 -55508.1426252164
-300.87 333.03 0.06 -7299.67020468862
-182.22 865.35 0.19 -39900.05731088891
-276.21 492.96 0.16 -27712.810790851803
-109.06 239.74 0.16 -28130.425922748556
-312.13 308.34 0.21 -40052.8085781372
-310.98 568.93 0.08 -8981.938832088621
-227.23 554.3 0.27 -60020.23882126318
-9.63 591.42 0.11 -17950.226615451047
236.37 835.74 0.27 -57364.76526409293
-228.73 487.75 0.24 -50261.38101490361
241.85 779.09 0.16 -29679.518569740365
-79.94 926.89 0.14 -23339.34753184952
-166.48 407.92 0.18 -34123.11905953157
-714.0 695.29 0.27 -57557.55209128598
-40.98 375.83 0.06 -6127.743027197665
212.76 762.2 0.1 -14132.919008439121
-138.94 228.28 0.24 -46967.473634948605
-252.47 291.79 0.09 -16079.563434535792
-261.26 873.64 0.12 -18997.576772330038
-375.63 612.88 0.09 -14520.390038811047
-357.21 641.03 0.28 -61029.34137175561
-444.49 687.0 0.13 -21883.217102473114
-115.78 484.26 0.24 -49766.35346512283
-294.65 695.97 0.17 -30798.72132769987
-463.2 583.17 0.23 -15704.560663287572
-572.77 713.8 0.12 -22619.172159277274
158.89 713.0 0.28 -59420.09116030997
-51.86 770.63 0.29 -59603.87871935674
-389.46 607.56 0.07 -9840.892274927304
-714.96 680.97 0.2 -40760.3693584467
3.06 588.58 0.29 -61482.01491335674
-655.27 651.68 0.14 -28224.047493474638
-36.53 606.33 0.26 -51690.006947748756
132.31 972.57 0.14 -25747.545329131084
-238.64 958.76 0.25 -51115.64610706013
-24.22 500.23 0.22 -46142.69982502925
-0.98 736.24 0.15 -30498.073651748928
-74.4 756.96 0.23 -45730.275325288414
-283.76 715.99 0.22 -44112.89937815898
-102.13 549.42 0.19 -36605.19178988891
233.39 886.02 0.29 -60947.389431821546
289.65 916.57 0.19 -39960.39008108992
20.69 748.27 0.18 -33990.43386031882
50.91 591.73 0.3 -64278.78866140353
77.56 822.23 0.17 -30028.509341709603
66.92 862.61 0.09 -39980.74964928713
-310.42 574.67 0.26 -51994.176099850956
-352.51 399.41 0.06 -30259.462479039248
-254.81 804.38 0.07 -30187.02065598899
-394.14 601.0 0.06 -18757.2445715596
55.62 859.53 0.08 -80460.60531010131
-491.68 525.78 0.08 -24915.218141690082
-422.07 326.88 0.07 -67761.9329749453
-199.97 814.75 0.11 -158087.69835765398
-601.18 580.41 0.25 -49957.697736876566
-745.43 626.05 0.21 -40820.458946982464
-664.13 492.15 0.22 -45455.82819903447
-244.25 905.0 0.26 -54234.75076236666
-624.61 747.84 0.27 -57231.07596526317
-334.26 244.38 0.27 -55352.6218587785
-231.88 263.46 0.19 -39923.6470428889
-144.22 633.63 0.11 -20764362.894112475
-53.27 401.99 0.29 -63687.30375535674
-372.32 843.22 0.28 -60007.154772309965
-66.35 900.63 0.27 -54062.73457593896
23.04 614.14 0.19 -35908.59363234992
-164.03 906.2 0.27 -59359.47756626317
5.17 889.58 0.21 -39886.65282140209
-345.02 501.23 0.11 -17705.907004676308
-283.06 547.67 0.09 -16179.83037308833
-455.1 419.36 0.25 -52091.3057669698
-482.79 541.97 0.29 -63625.35640501402
94.01 991.86 0.25 -16881413.029541753
-472.09 622.71 0.28 -63112950.186004356
-618.66 539.65 0.21 -40800.60602109775
133.72 721.68 0.11 -18597.708067996882
-359.32 571.83 0.2 -41476.90852966355
-212.26 682.94 0.27 -58338.91757627242
-171.85 500.36 0.21 -43169.45328752869
-10.55 916.83 0.26 -54856.546883216404
25.19 927.13 0.25 -50767.33360016962
-572.19 412.18 0.12 -19196.641940561418
-871.39 -157.14 0.06 1825.7551721169061
-618.8 -131.8 0.09 -14231.645671717228
-372.85 -66.71 0.09 -16155.72631529852
-444.67 78.72 0.28 -58003.41390737919
-451.89 83.03 0.24 -48845.999157575185
-596.21 -320.04 0.19 -40726.263588888905
-680.08 -285.64 0.15 -29333.53712470177
-712.48 -460.39 0.2 -42406.20701893569
-498.72 336.11 0.14 -23202.119699237162
-894.07 364.65 0.3 3795298.237983969
-238.19 133.75 0.28 -60645.83070730997
-743.2 5.55 0.13 -22622.589546992338
-421.43 250.75 0.26 2183372.768590481
-979.04 36.59 0.27 2270283.9143596543
-426.38 192.42 0.11 -18510.901857837638
-839.23 -3.11 0.29 -62772.94610635674
-212.08 134.05 0.3 -64078.50245040353
-388.54 -152.0 0.25 -54162.08398716962
-403.46 -51.08 0.16 -31181.541845748558
-470.2 131.89 0.11 -3062.258946701772
-454.82 -9.14 0.11 -19778.193036264773
-466.14 87.28 0.23 -47914.33603207604
-237.08 49.16 0.15 21059.44666785055
-585.3 -238.82 0.24 2532099.5185676333
-291.31 -201.77 0.08 -10448.821087221826
-435.16 -130.54 0.09 47040051.84831102
-471.89 188.45 0.12 -5350.951453038768
-481.18 -168.38 0.11 -18129.162081671908
-905.5 -120.03 0.24 -50467.94959812283
-532.91 169.88 0.15 -30216.896205356054
-329.7 181.01 0.23 -45838.420036076044
-753.57 -45.47 0.1 1433.609581944252
-749.55 283.11 0.23 -44344.682681279264
-559.77 -2.48 0.22 -42158.67692651781
-724.89 304.16 0.22 -44537.287672801016
-736.64 485.94 0.2 -38959.33994325383
-317.36 -210.3 0.1 -16862.321390022582
-806.8 -60.62 0.25 2383026.5657845554
-854.14 275.86 0.3 -64619.03038840353
-527.49 -231.09 0.11 -21049.121080991583
-421.72 -169.79 0.19 -39546.0805358732
-880.82 -176.68 0.24 -50353.55450834037
-31.72 16.64 0.22 -42374.25827502926
-670.01 -486.61 0.13 20325.449237620727
-791.4 -313.27 0.29 6313210.42956818
-595.45 -149.67 0.3 -63904.05008447435
-697.18 -9.68 0.15 -30297.845515701767
-824.62 361.4 0.13 52549185.69564971
-479.22 -38.17 0.06 926.4244639249027
-778.88 77.58 0.15 -29086.49831543757
-416.07 -140.83 0.18 5013687.496033342
-835.07 280.42 0.22 -46903.26234715584
-200.62 63.15 0.06 -5057.156505541567
-310.05 52.69 0.06 -3904.5570663653634
-807.68 412.44 0.09 -13414.04207480467
-917.79 65.03 0.09 -13610.808735440767
-496.45 211.38 0.18 -34448.25177225162
-939.97 73.75 0.29 -59329.08234335674
-631.68 -136.31 0.11 -19059.399922438133
-442.96 166.33 0.12 -22935.558601561417
-321.17 95.58 0.23 -47848.154112571785
-832.16 -32.58 0.12 -20982.348156967306
-766.64 18.07 0.15 -29638.500713948073
-733.3 288.09 0.22 -45078.03229794423
-385.46 111.04 0.2 -39567.23648292409
-474.28 317.28 0.23 -48695.23361922959
-244.06 48.26 0.15 8933066.147691544
-391.2 275.67 0.21 -44384.585457172594
-707.8 115.29 0.19 -36546.141157589154
-756.43 -485.33 0.12 -21986.289913597586
-706.42 466.7 0.08 -7267.888545431686
-830.05 -192.04 0.21 -44460.660292982466
-731.32 337.55 0.1 -17092.11945182925
-628.58 -44.69 0.27 -59794.91403426317
-621.33 -331.17 0.2 -38910.71920852061
-515.5 159.99 0.05 -6780.798845646512
-756.49 266.73 0.06 -6506.120258957843
-551.25 170.97 0.21 -44159.89050998247
-860.2 -310.39 0.05 663.2360693791818
-648.68 80.1 0.25 -54250.016956169624
-720.81 405.65 0.05 -2498.978072186833
-733.37 305.43 0.2 -39692.83246975291
-913.23 -107.02 0.21 -41955.79911498247
-569.53 392.11 0.07 -8917.280410233885
-840.74 -35.05 0.16 -31114.546906982934
-795.7 245.83 0.23 -44589.3601819852
-557.23 -80.01 0.11 1352.7558229796969
-674.64 469.71 0.08 -13707.531725867291
-322.16 126.71 0.28 -58975.66956730996
-681.61 -159.94 0.23 -49456.544556390305
-276.3 -131.11 0.15 -29590.350962375942
-407.48 22.97 0.12 -18055.38594716221
-478.47 -118.83 0.06 -857.5776682412477
-444.7 -42.39 0.23 -47331.17361243653
-650.56 208.17 0.21 -42507.34148675006
-589.59 -214.37 0.1 -15424.186110325352
-201.7 -28.47 0.2 -38894.55113519138
-365.96 0.09 0.1 -9584.756661084808
-132.77 -52.11 0.29 -63085.12134096156
-619.67 -278.87 0.22 -42912.68217091542
-124.18 26.27 0.13 -25794.310399818292
-513.81 91.98 0.21 -44757.76601360338
-72.19 -17.59 0.18 -36083.63047710007
-911.59 -373.5 0.07 -1991.5044987979672
-866.94 249.91 0.23 -46022.166133925006
-823.88 -294.32 0.18 -32603.77412425271
-969.56 31.82 0.12 -22693.632210561416
-625.74 325.85 0.25 -51941.066564169625
-613.83 -69.35 0.18 -34951.66852121938
-683.02 470.5 0.29 -62735.002678412144
-895.87 285.16 0.22 -47140.398101029255
-670.6 109.16 0.19 -38280.869912926166
-672.89 -278.19 0.15 -29111.68073085603
-370.77 -71.49 0.27 -55015.967199396095
-657.69 -284.28 0.29 -63831.06940831415
-199.15 54.39 0.14 -24540.23331645826
-825.59 -297.67 0.27 -54243.480300031966
-755.95 -28.29 0.17 -31872.216905543282
-877.41 -228.19 0.1 -13750.030888064726
-131.34 55.5 0.1 -13716.988972241916
-601.95 -99.96 0.14 -25925.655611654984
-692.33 -104.57 0.18 -37256.940397469974
-456.12 -239.97 0.25 -51221.20864058262
-113.36 -24.45 0.26 -54722.78221876609
-775.8 -14.49 0.16 -32974.52657570303
-774.33 -224.21 0.11 -18018.01562061181
-831.87 243.02 0.21 -41592.88117247822
-757.09 271.5 0.14 -2725.7473242870333
-722.6 330.76 0.08 -11789.447709893726
-848.2 -30.52 0.06 953.3356175974707
-475.81 222.86 0.25 -52889.715999516804
-667.7 -478.11 0.17 -32650.92216525751
-759.7 -150.62 0.12 5300.106652895418
-179.14 11.31 0.07 1886.8492318887456
-857.95 332.04 0.18 -36496.32517984212
-594.04 -57.71 0.2 -38800.47992734463
-264.04 103.56 0.11 -18106.5244267905
-784.33 76.14 0.22 -46910.91390802925
-933.13 157.02 0.17 -32892.42646903093
-220.13 -53.35 0.11 -20871.12266419398
-253.45 -160.56 0.17 -30318.955743646304
-437.24 -190.73 0.1 -17751.529795467846
-618.56 -162.63 0.1 -18390.72414795146
-749.72 529.12 0.08 -13248.776149129786
-524.88 -2.76 0.12 -19649.447518320543
-725.51 351.41 0.11 -17521.1917850581
-520.94 60.99 0.15 -28900.838148440012
-869.59 0.48 0.22 -44498.84181367741
-713.13 -39.9 0.18 -35781.545804269066
-150.67 63.07 0.21 -42325.99926707777
-549.09 -230.81 0.12 -21586.270241561415
-773.69 -279.28 0.24 -47622.5754161492
-643.6 31.85 0.09 -15223.035374380946
-131.66 71.36 0.13 -24557.1923446082
-916.15 370.93 0.11 -17336.06359991745
-491.8 149.47 0.18 -35392.82104382063
-72.01 -2.54 0.27 -54910.323384263174
-867.09 184.46 0.21 -41405.86033798247
-417.8 -153.15 0.28 -57848.57018730996
-739.53 465.93 0.17 -32389.339682703034
-60.41 -27.85 0.27 -57016.15963494117
-475.32 238.72 0.27 -60023.503704263174
-481.06 -249.93 0.3 -62446.79990810526
-12.77 7.49 0.19 -38412.57405360459
-311.32 98.85 0.22 -46357.341105029256
-120.43 -86.18 0.3 -66093.15567250768
-849.39 -65.6 0.14 -25207.52404964826
-356.44 167.24 0.09 -13992.896276326432
-422.86 -108.03 0.16 -30171.865565748554
-264.81 40.89 0.19 -38744.08177688891
-924.64 107.3 0.25 -53653.23858606786
-794.32 -139.15 0.14 -25002.334641114612
-569.42 -187.14 0.1 -18056.77470792218
-577.65 -318.97 0.29 -60269.872417691855
-829.2 -170.73 0.13 -20494.577044083962
-604.83 -311.94 0.26 -54703.505983216404
-371.0 53.98 0.12 -21857.953462221853
-708.26 -205.29 0.08 -13037.69013498133
-158.51 46.54 0.23 -47227.754375473116
-884.26 151.42 0.13 -10358620.839896448
-375.2 -189.02 0.11 -16159480.367182694
-824.68 288.08 0.08 -437204.2892160817
-728.02 -213.61 0.28 -57236.27143830997
-542.49 179.09 0.22 -47389.390922029255
-354.27 -166.8 0.11 -20606.56083188925
-404.86 -257.6 0.23 -44704.02096857644
-418.09 -217.99 0.27 -55531.14494141628
-700.23 92.69 0.26 -54973.475898216406
-812.45 524.65 0.26 -53126.9891272164
-528.89 -123.31 0.14 -26408.33012834299
-551.02 155.05 0.13 -17756445.221149903
-502.95 -300.83 0.27 -58178.78285003382
-839.39 -239.18 0.13 -24904.761652486057
-793.78 -570.89 0.3 -67132.86532940353
-149.49 -42.89 0.18 -34294.35594123546
-554.3 -370.6 0.16 -27926.609815256794
-954.01 -99.59 0.21 -44879.364682982465
-214.15 -74.65 0.2 -37851.328341004366
-692.47 -476.2 0.2 -39403.683256206634
-831.24 136.5 0.09 -15236.283227651724
-897.8 -10.18 0.21 -41393.15817441325
-360.04 -105.99 0.23 -48345.23524141648
-842.91 -295.04 0.27 -55323.825588500855
-810.88 382.9 0.3 -61733.06621440353
-32.27 -703.02 0.11 -16559.709152160347
-0.39 -731.06 0.11 -20731.459265688445
-481.01 -669.97 0.15 -29386.6110264036
-62.55 -625.26 0.07 -11396.188426425626
-269.27 -599.91 0.06 -7891.920324329576
-365.63 -860.82 0.19 22362013.755785137
-25.16 -405.6 0.17 -31785.203484566824
-255.38 -955.92 0.22 10524218.848515423
-157.45 -429.56 0.07 -10699.832516848033
-173.46 -769.26 0.12 -18631.421767880267
-8.68 -369.95 0.08 -13283.072528316583
36.17 -364.56 0.26 -52107.63845221641
29.78 -782.57 0.2 20494308.748122275
-2.78 -205.41 0.25 -54631.13828016962
-259.57 -754.45 0.25 -51907.98824616711
80.51 -850.52 0.08 -13232.607958479879
50.75 -841.77 0.14 -25240.957036438864
-55.43 -314.9 0.23 14282860.682469327
-86.7 -829.04 0.22 11402398.76649522
-152.98 -918.46 0.24 9681926.752416458
-89.37 -301.56 0.21 -41310.7043377726
-58.71 -725.95 0.1 -14105.162154598975
-435.23 -426.72 0.11 -19717.580267159832
-135.28 -231.39 0.05 -5846.393591857373
-365.35 -275.33 0.26 -55473.45761421641
138.63 -616.35 0.19 -35164.9028218889
-135.29 -792.32 0.18 -33629.667939504296
-199.35 -855.67 0.12 -19662.923685561414
-690.88 -573.27 0.13 -21094.384622312205
-20.34 -531.39 0.3 -63654.34147040353
-235.04 -858.63 0.24 -48222.03634830896
-45.54 -466.7 0.07 -12419.9244086025
-488.18 -420.64 0.11 -20560.647609184954
-76.3 -520.09 0.1 -18549.439948513285
184.23 -830.46 0.11 5026375384.69768
-86.96 -327.09 0.23 -47243.23451626454
-594.47 -685.74 0.16 -30138.474418553484
-104.76 -278.76 0.29 3262161741.508294
-221.95 -464.49 0.15 -25904.358375715685
-518.9 -565.59 0.2 -41466.529947672025
-20.34 -395.84 0.25 -52550.401108288745
-128.53 -695.52 0.29 -62365.56514665052
-54.51 -54.69 0.19 -37125.20689294221
-432.31 -889.63 0.05 -2733.6820951034933
-344.51 -628.66 0.13 -23460.97916840439
231.19 -814.24 0.18 -37007.137240721415
141.16 -844.58 0.14 -27591.69433541273
76.79 -987.58 0.21 18069328.29452922
149.8 -756.82 0.07 -7954.512453118128
-74.39 -568.5 0.27 10232446.570745314
-95.4 -394.26 0.24 -48319.51143705999
-590.59 -558.17 0.16 -32534.592620211562
-145.36 -963.63 0.18 43519036.43094061
-445.17 -406.45 0.12 -19642.7560300704
-355.74 -900.99 0.23 -46542.137003076044
-339.88 -709.79 0.25 -54591.92607316963
146.06 -458.6 0.19 -37154.19137167671
173.29 -971.88 0.24 9909331.687004525
-238.68 -847.68 0.22 -46457.68939962978
-427.34 -472.45 0.18 -34499.19708990837
-199.71 -272.76 0.1 -16879.336549110973
-13.71 -599.95 0.14 -27905.011932753972
-279.87 -420.79 0.23 -45064.31337607604
-330.54 -528.77 0.28 -59333.58088630997
76.0 -748.51 0.13 -22386.96406539375
145.82 -711.73 0.21 10015846.366754677
203.77 -852.04 0.14 -26695.515694654983
-132.45 -109.76 0.25 15046414.51350732
-401.74 -862.6 0.1 -15639.097758982427
-441.49 -886.97 0.19 -39471.005294888906
-38.97 -684.41 0.19 -39380.21312693422
-666.69 -594.29 0.17 13200039.502548922
-435.08 -845.39 0.25 -49328.56791311911
-748.5 -607.56 0.06 -6416.975927280709
-338.22 -630.65 0.26 -54577.43405906438
112.69 -600.24 0.09 -13765.977329952068
-97.57 -706.66 0.22 20021268.028056532
139.27 -673.1 0.16 -31419.285280748558
90.43 -395.16 0.1 -14815.114685239843
-420.05 -367.68 0.3 -64366.865479724314
-212.26 -533.24 0.24 -49850.44416379446
-289.71 -685.22 0.27 11976613.230390146
-313.41 -855.12 0.11 -20034.075090711583
111.97 -560.76 0.21 -41670.81349768431
-650.21 -690.32 0.13 -22643.24215397145
89.41 -806.77 0.23 9201463.847403454
232.14 -923.38 0.09 -15700.088863421057
217.82 -832.27 0.14 -24826.160115654988
-190.89 -797.8 0.06 -15153.728206363041
11.84 -426.83 0.11 -18086.666273616494
13.13 -51.87 0.29 -60155.198429941156
112.23 -346.8 0.12 -19728.585627556964
48.96 -589.17 0.23 9690104.804664504
-414.92 -646.86 0.29 -59139.110590825396
-100.98 -804.46 0.09 -13853.644310798998
-295.78 -791.75 0.13 -25898.236565608204
-424.09 -562.14 0.07 -6752.313151677558
-576.73 -636.22 0.19 -35765.09129552462
102.86 -572.47 0.1 -17787.139554707897
-3.48 -111.09 0.29 -64792.27357435674
-180.36 -644.46 0.11 -18377.633743514627
83.68 -815.84 0.28 10081689.670347713
-493.2 -442.64 0.18 -35450.27774753283
33.63 -780.42 0.13 -21168.7885656082
67.5 -796.69 0.17 -34753.917327795345
-516.51 -656.03 0.26 -51862.84013674329
-296.13 -766.67 0.2 -40195.374886935686
-204.65 -781.37 0.06 -9658.450774419709
110.92 -564.89 0.1 -15763.983351510922
-495.69 -514.34 0.3 -63718.426590403535
15.23 -114.39 0.1 -13282.693768047673
-279.1 -254.88 0.06 -9138.064256017704
36.6 -596.49 0.17 -33076.35037843211
-688.52 -582.06 0.28 -59091.67226536016
-13.54 -793.03 0.25 -52322.782561341424
81.02 -843.9 0.09 -13149.434294880388
-726.7 -612.95 0.06 -8067.296578884354
224.07 -911.76 0.15 -27856.555493898657
-101.08 -863.62 0.06 -16258.554629997903
-169.78 -913.28 0.19 -37921.521527280696
-63.89 -675.54 0.23 -45956.12505513337
-737.07 -565.25 0.26 -57152.85412621641
-494.15 -696.39 0.21 -42163.41684242605
-461.45 -670.2 0.06 -5455.56037806949
-313.7 -865.56 0.25 -51157.432914674944
44.25 -694.28 0.28 -57406.23364388979
-235.71 -282.41 0.22 -43502.53443755105
-84.66 -320.74 0.11 -20358.863999869227
-90.22 -976.44 0.12 -18573.919783181078
-70.67 -54.2 0.16 -27918.54052579363
-72.1 -193.62 0.21 -41019.56211080218
67.22 -615.78 0.18 -35767.08139384211
-324.5 -781.33 0.15 -26073.49213725064
145.45 -940.5 0.14 -27942.232026060883
-612.12 -677.96 0.21 -44646.69457529298
-298.48 -672.69 0.13 -23360.3504746082
17.75 -729.13 0.21 -44563.86187970018
8.61 -560.7 0.13 -20355.879174553807
-463.56 -741.21 0.21 -43831.431518784775
-574.66 -790.05 0.08 -10528.629529368654
41.52 -390.59 0.18 -34531.49992519314
168.96 -739.09 0.28 -60978.007508738025
-530.69 -511.87 0.2 -40292.54599452897
-156.39 -562.82 0.25 -49943.85587703611
-538.31 -456.93 0.14 -25024.662802454775
-96.92 -986.6 0.06 -8914.560083716142
-172.13 -300.67 0.07 -10629.088820334535
-384.5 -364.3 0.19 -39854.765262754445
-38.19 -970.71 0.25 -53902.893379169625
-464.95 -350.43 0.28 -59441.220995118216
-282.59 -317.64 0.24 -50148.107255188814
24.69 -580.13 0.19 -35087.202811506824
-514.47 -591.68 0.06 -11103.130298380705
-556.08 -488.58 0.17 -32577.792894795348
-312.85 -331.18 0.15 -29889.27890370177
-65.01 -639.71 0.08 -12181.806622644608
4.21 -689.06 0.19 -34671.061249856604
-524.81 -627.73 0.16 -32718.128699748555
-493.68 -663.74 0.22 -45997.42112502926
-84.44 -729.64 0.06 -8016.128390762219
-232.15 -706.13 0.25 -52426.91444611186
-606.53 -670.52 0.11 -19506.973997816036
-72.91 -445.21 0.11 -19443.484661514627
-174.8 -264.93 0.21 -43255.79440622257
55.37 -380.51 0.25 -49929.05234816962
-237.32 -469.75 0.07 -6573315.6348596085
-296.1 -951.15 0.1 -55481437.07968853
-85.58 -668.79 0.1 -61719310.460100286
-113.9 -157.19 0.13 -72997454.0754492
-37.39 -741.14 0.1 -61120823.32299056
16.0 -364.07 0.14 -1571012927.3942578
87.34 -492.5 0.11 -24530918.344395507
-201.71 -439.72 0.08 -15530334.228796262
-434.62 -677.51 0.14 -132886056.42793553
300.04 -928.88 0.13 -406452403.5197822
-269.85 -942.41 0.1 -13851284.942312308
-217.13 -296.38 0.07 -17956184.48745274
10.28 -639.78 0.15 -30037.793783733778
35.0 -894.75 0.16 -32767.144797630015
-83.67 -202.27 0.21 -41331.88259484771
-230.96 -938.74 0.18 -36083.32849093394
-86.17 -334.12 0.11 -8776925.097023346
-65.88 -518.73 0.16 -29652.038182748554
360.37 -310.97 0.1 -17994.573658381818
771.56 -472.11 0.29 -63711.37696135674
423.41 -38.12 0.09 -14975.95440990119
546.27 -239.34 0.26 -52079.26317821641
576.8 -393.0 0.12 -18928.476460934882
421.91 -579.99 0.2 -38799.98689993569
650.41 -744.57 0.21 -39812.75563761653
256.87 -280.51 0.14 -23495.51373793878
658.11 -487.02 0.27 6719866506.971106
476.41 -528.08 0.08 48181756.04708753
219.33 -266.32 0.26 -52821.35969769655
386.4 -878.44 0.28 -58486.41108730997
318.64 -565.11 0.3 3151437.643666697
795.84 -377.24 0.05 -5609.286556110804
305.19 -593.2 0.26 -55490.548757216406
657.13 -112.55 0.27 -54493.43573647349
796.83 -248.61 0.15 156869816.9773812
415.79 -686.12 0.14 -25889.979820654982
381.88 -291.59 0.24 -48966.481079133206
542.76 -510.37 0.1 -18828.48549482121
343.66 -308.89 0.21 -43638.15336870669
817.47 -193.45 0.29 2027281.1900696026
316.45 -293.65 0.26 -52192.2986019828
301.99 -1.18 0.13 -20801.4361336082
299.79 -432.7 0.23 -49193.235630076044
154.5 -464.63 0.2 -38079.057313956866
480.54 -269.84 0.19 -37517.41061627059
284.86 -704.25 0.17 -31782.43203681034
565.03 -619.83 0.18 -37752.62187122475
597.13 -628.19 0.05 -6855.930382823365
617.14 -769.38 0.12 -22721.22607494637
424.76 -882.86 0.21 -42963.6473543101
619.0 -333.83 0.18 -32670.959037842116
923.55 -244.65 0.06 -7838.114878597341
488.75 -393.43 0.08 -8972.345943568298
836.25 -315.56 0.16 -29291.699900908625
553.6 -715.6 0.24 -47357.5538945303
486.37 -622.45 0.2 -40501.95841190774
139.1 -289.89 0.23 -45563.988611996
953.85 -254.82 0.25 -53200.146641169624
128.97 -102.89 0.07 19598390.76771605
243.92 -646.68 0.19 -36744.137979299696
837.08 -138.58 0.13 -23225.259901608202
520.12 -397.65 0.26 -57388.112756216404
314.6 -607.66 0.19 -37795.81178288891
571.83 -19.83 0.06 -7692.344076061329
134.2 -191.41 0.12 -19074.75636354832
289.5 -122.87 0.27 -57028.474692767835
382.89 -910.2 0.19 -38186.66670347183
740.73 -114.49 0.26 -52466.797276216406
657.04 -643.56 0.1 -18096.793293418174
195.5 -175.39 0.24 -48323.77716679807
483.63 -396.79 0.13 -25302.214463486718
374.7 -769.7 0.25 2850831.055307484
458.25 -367.31 0.25 -49529.28869285334
508.11 -423.07 0.15 -26989.075986178235
862.46 -49.61 0.15 -27031.41549315569
488.85 -175.77 0.18 -33540.39808484212
342.61 -431.63 0.28 -57392.94874344733
54.97 -71.0 0.08 -9937.343062554271
214.49 -309.57 0.25 -51824.04654171978
421.27 -292.01 0.08 -13037.367167492253
667.29 -5.2 0.22 -45021.28658899512
581.35 -593.31 0.22 -45289.12892002925
453.28 -708.21 0.24 -51091.26386342581
340.98 -434.75 0.28 -59018.754835998276
271.77 -74.57 0.13 -21827.7078826082
298.36 -771.25 0.17 -30721.866439795347
280.06 -22.57 0.29 -62302.934365280555
624.35 -192.4 0.18 -35612.7423599114
613.04 -568.41 0.29 -62265.25223929515
900.53 -223.72 0.08 -10550.660202948575
113.74 -307.23 0.08 -8988.192273242264
170.58 -411.58 0.2 -38422.04837486247
260.18 -768.38 0.23 -46260.95878062924
214.59 -127.77 0.23 -49061.47340919173
328.28 -619.83 0.13 -25759.223602969745
702.46 -7.97 0.07 -10152.591551458685
208.21 -190.4 0.05 -2811.2375933435483
716.28 -455.68 0.22 -46364.34043731081
478.95 -272.09 0.29 -64521.60873235674
113.52 -89.21 0.14 -22863.115953943307
515.66 -406.1 0.09 -11523.191672931887
663.64 -448.87 0.29 -59822.236133352555
897.13 -359.08 0.23 -49586.49314607604
750.67 -305.03 0.13 -20592.8474914689
277.12 -373.99 0.23 -45391.93139862982
432.31 -346.35 0.26 -55751.967275249044
397.07 -314.48 0.07 -6374.784779919558
675.31 -636.88 0.14 -24443.257734654988
468.36 -393.19 0.06 -9198.071019961351
411.43 -201.36 0.07 -9932.029096125694
839.89 -52.41 0.2 -40277.77724560518
992.15 -81.07 0.05 -5834.053099947968
499.35 -663.48 0.11 -20366.731049968028
396.5 -67.35 0.23 -46665.375304585454
370.75 -898.89 0.21 -43949.59770715022
690.82 -165.43 0.21 -42122.63433241188
311.64 -743.41 0.15 -25573.370052028014
22.07 -67.79 0.28 -57633.21910396441
720.65 -619.49 0.2 -38465.43338187795
16.82 -23.45 0.09 -16115.023788421056
269.19 -222.04 0.13 -25811.167094608205
909.12 -53.28 0.06 -8101.566542030562
522.22 -772.09 0.15 -27630.976124913777
675.55 -208.86 0.17 -34695.829185914896
986.26 -64.61 0.18 -33962.00668054088
155.31 -178.79 0.11 -17157.43159570747
620.72 -503.47 0.15 -26588.90603968349
75.65 -224.8 0.1 -13636.991090467847
969.17 -199.19 0.21 -39670.49174623003
594.41 -138.17 0.15 -28571.587475686254
813.94 -297.31 0.18 -36934.80159964256
463.27 -291.38 0.21 -43640.16970577354
704.24 -85.41 0.18 -35697.21789187392
791.29 -157.38 0.18 -34450.82660939816
567.3 -386.54 0.11 -15816.16980075971
666.88 -498.58 0.24 -51939.77093612283
695.97 -303.6 0.11 -15771.395215690396
920.05 -369.38 0.26 -54361.20193488866
708.17 -74.1 0.27 -59233.00628563251
503.12 -541.16 0.15 -27016.624644007537
823.53 -3.04 0.06 -5360.813332248472
424.22 -45.99 0.14 -22945.80865861375
435.7 -535.43 0.2 -41894.44729586444
428.04 -812.26 0.1 -14564.297509428254
581.91 -55.41 0.19 -37455.06924767193
392.35 -784.75 0.11 -16352.147626872018
579.0 -805.56 0.17 -31703.2575347405
869.18 -260.52 0.19 -40261.39307488891
477.3 -454.23 0.07 -7964.234366006727
273.56 -319.28 0.15 -30047.074399894136
879.05 -476.15 0.27 -58985.84808626317
327.56 -845.71 0.18 -35836.23203084212
707.2 -456.45 0.2 -38245.69799009795
691.75 -226.93 0.17 -32651.045917686155
314.24 -28.06 0.28 -59984.18878330996
405.43 -15.13 0.09 -12874.072517873064
367.16 -279.45 0.25 -53611.110364169625
252.92 -262.04 0.1 -15298.838710787979
182.13 -484.94 0.17 -34098.54266966982
160.84 -275.25 0.29 -62049.018169301264
319.33 -936.18 0.15 -28981.496564701767
495.13 -619.85 0.19 -37090.21358388891
805.74 -286.31 0.28 -57950.37659130996
559.95 -624.97 0.07 -6354.327861586472
346.1 -691.57 0.16 -32797.246958748554
449.19 -519.19 0.17 -35418.635293629755
415.73 -77.31 0.12 -20984.274164561415
555.68 -622.19 0.26 -54644.8653072164
718.23 -39.45 0.24 -48029.45544869334
814.72 -15.28 0.26 -52538.96122154551
623.77 -453.39 0.28 -61094.29369546003
83.82 -134.3 0.11 -16420.66380141749
704.13 -521.44 0.17 -30369.06332484322
728.43 -350.24 0.16 -29965.997090734585
564.27 -135.14 0.08 -10970.592146898174
804.49 -307.6 0.23 -48057.67131066123
830.5 -373.42 0.26 -57420.4323912164
795.11 -292.88 0.17 -32555.3882358061
770.45 -358.36 0.11 -20706.094225217075
873.41 -144.03 0.15 -28126.55627877509
586.82 -598.0 0.12 -20294.871462054798
810.86 -225.71 0.09 -11800.97899599998
594.04 -195.14 0.19 -35379.719038122814
372.41 -709.63 0.07 -10960.002561327496
694.24 -183.33 0.24 -51260.70562854838
403.75 -876.31 0.29 -60220.87228291193
655.96 -76.69 0.07 -11853.326200743773
339.34 -56.61 0.2 -38825.49743622469
797.63 -444.38 0.08 -12400.851999374278
58.0 -102.15 0.23 -48157.565970076044
731.07 -529.2 0.16 -31903.349516748556
114.07 -219.99 0.26 -56795.68708372126
867.34 -225.59 0.28 -59060.36346661183
675.93 -325.97 0.27 -58349.133134263175
697.09 -246.46 0.25 -54325.39985216963
504.9 -288.95 0.12 -22740.636475561416
382.36 -803.49 0.18 -32784.392135842114
791.95 -188.31 0.2 -39502.55873113504
218.87 -566.68 0.12 -22162.197818030152
494.0 -816.67 0.27 -59615.89369026317
720.97 -31.77 0.19 -38828.06729790196
943.42 -116.47 0.15 -27935.60842092978
688.74 -134.18 0.2 -38364.446735172554
757.09 -115.01 0.18 -34018.997732842116
786.5 -206.46 0.23 -46840.61032482381
684.1 -351.5 0.29 -60484.13509635674
858.66 -394.42 0.15 -30372.40302979384
823.37 -543.55 0.1 -1607316.6331528823
677.69 -542.93 0.15 -22535582.825299762
569.29 -707.8 0.1 -2569659.863606277
961.28 -94.76 0.19 -17847750.229316786
451.36 -649.79 0.19 -45057802.898905516
953.58 -213.89 0.26 -55340.66083709478
965.29 -224.17 0.26 -56248.00835158069
414.67 -90.02 0.12 -20316.853199864672
338.77 -646.12 0.09 -11675.15484220755
619.85 -189.79 0.19 -39495.44781373447
372.5 -822.47 0.27 -56362.31290850403
601.05 -618.48 0.17 -33390.29759779535
266.47 -172.54 0.15 -28710.600802130175
368.3 -547.15 0.05 -13631578.092815425
676.05 -312.35 0.12 -21889.330879606576
604.74 -560.8 0.15 -25435.136564081655
858.77 -408.16 0.11 -18955.47795848158
866.95 -231.78 0.19 -39149.5636168889
