0.0 0.0
761.65 158.01 0.1 5625.558892873492
948.69 304.28 0.12 5717.200553255564
919.98 36.45 0.14 6774.202776342306
899.4 25.32 0.13 5681.894278102424
680.53 163.29 0.07 5863.979234858446
609.04 130.49 0.11 5650.315780739073
939.25 41.45 0.06 5592.719052712777
750.63 104.51 0.08 5631.452527460734
646.61 6.15 0.14 5701.795348143292
598.67 181.05 0.08 5638.980248954178
713.17 72.58 0.06 6053.779119691537
617.47 78.87 0.1 5651.176945166488
576.61 131.19 0.06 5766.888184019165
187.51 4.8 0.13 5864.74265103013
928.57 36.83 0.12 5661.444745014181
351.24 7.57 0.07 5717.110478751831
435.82 25.32 0.15 5906.804984430195
867.8 26.39 0.1 5646.63399894438
826.42 73.58 0.09 5677.05403023934
958.49 34.02 0.14 5701.4990003945695
842.81 81.29 0.12 5662.634439086738
785.48 195.88 0.07 5600.630500053614
226.78 58.08 0.11 5652.901339351599
622.69 177.26 0.1 5627.916757389763
857.86 223.27 0.08 5641.887179751945
768.13 232.62 0.08 5636.2995709464685
768.88 35.91 0.1 5657.122361666876
701.63 44.37 0.08 5609.096182001113
887.56 249.49 0.07 5691.011840238196
856.25 251.14 0.06 5606.092047597512
320.47 79.45 0.13 5680.821721644725
534.48 141.71 0.14 5734.8422777110245
330.13 6.15 0.05 6158.82035370696
376.12 1.52 0.11 5642.46939270909
520.21 39.65 0.12 5660.974970940867
889.52 64.16 0.14 5700.73519466437
423.32 26.27 0.11 5585.611616267872
264.48 64.87 0.14 5701.1655831772905
324.18 21.06 0.1 5640.813687087142
455.22 125.94 0.1 5627.149267906492
464.37 50.91 0.14 5852.7865621502315
133.42 18.59 0.14 2064.3210347022355
855.87 436.68 0.13 6185.219573247997
892.34 388.87 0.11 5806.634267942755
784.28 454.58 0.13 5808.519808524516
882.87 408.25 0.11 5791.969561989825
174.48 104.13 0.05 5689.974440695076
341.45 234.86 0.16 7164.647523565327
493.33 168.22 0.11 5791.7526591207925
773.22 460.78 0.12 6013.562441662923
226.0 147.26 0.13 6689.178857907302
646.17 357.75 0.1 5774.848519612116
533.22 231.35 0.09 5750.085498664629
429.57 160.25 0.07 5767.09710787263
663.52 447.2 0.14 6343.68257633372
683.78 314.05 0.12 5795.231175823485
808.29 498.66 0.06 6191.8985762946395
558.06 332.24 0.13 5809.791243258713
913.79 389.07 0.11 5782.981870852769
439.22 251.3 0.07 5710.311377987556
366.14 121.7 0.07 5717.871601440429
451.65 278.58 0.1 5794.643064071956
631.46 406.75 0.1 5797.8552659952165
830.26 396.27 0.13 5821.875638419212
522.31 188.7 0.11 5782.9087120921795
799.37 375.28 0.11 5787.005692551671
806.86 531.82 0.05 5710.365774619161
863.44 502.92 0.11 5797.2430471466705
787.79 561.07 0.08 5786.057964640539
765.62 554.82 0.13 6206.633491763312
212.62 147.41 0.08 5861.461357303793
306.32 219.66 0.07 5728.313975183501
898.21 303.07 0.06 5746.528051405114
239.44 95.1 0.14 5837.464963703479
391.31 127.85 0.08 5792.758460872403
55.83 21.01 0.12 5970.2357328902035
664.22 324.09 0.14 5842.733630945506
507.48 331.21 0.1 5784.812675505609
492.3 269.31 0.08 5889.913477853388
827.33 412.4 0.07 5938.740751436858
880.64 336.56 0.07 5836.7506257196055
768.25 422.81 0.14 6633.600873317319
609.87 276.32 0.13 5810.4927889720775
580.9 776.99 0.1 8468.66405306599
269.3 342.0 0.12 8052.30827216266
368.47 351.6 0.07 9047.073581464494
297.39 270.72 0.07 9242.249324298002
666.84 495.47 0.07 9084.058703693947
680.18 605.66 0.06 9063.35652056785
410.47 436.24 0.15 7717.32336570109
703.77 696.38 0.07 9273.64158067738
381.9 472.04 0.15 7903.932987290878
223.88 192.5 0.06 8826.63985432523
229.01 218.77 0.06 8849.539894665942
591.68 594.77 0.1 9017.692932698255
567.08 669.57 0.09 9239.892254662487
415.01 380.4 0.13 8613.730997998755
111.72 90.4 0.11 9011.086444553548
773.74 580.84 0.1 9240.079962483058
599.31 758.83 0.07 9237.46110597596
515.39 465.39 0.1 9343.977038948535
611.14 720.1 0.12 9122.334637531774
468.45 582.58 0.12 9141.717388012716
619.98 586.8 0.1 9355.484898010782
596.34 561.16 0.08 9280.340543651457
603.08 571.26 0.1 9597.892329021963
235.91 306.03 0.06 8914.214674886969
234.91 305.21 0.12 9547.932980656793
652.57 564.27 0.08 9375.07091263245
595.11 443.58 0.08 9355.894240863247
317.51 315.39 0.09 9491.64312398455
329.96 425.38 0.09 9470.538470379577
788.89 612.51 0.06 8795.291445156743
300.75 407.4 0.08 9355.622716494472
395.48 360.34 0.08 9255.24746090114
459.34 497.38 0.06 9244.132803142398
331.07 382.35 0.14 10023.605367993978
641.94 554.47 0.14 10011.310442002645
205.79 248.73 0.12 9819.76551995286
625.95 605.8 0.12 9835.376220418959
694.74 638.71 0.11 9727.212308080034
771.93 590.9 0.15 -2312.955188668431
399.97 809.27 0.05 7316.28434330379
419.12 602.35 0.14 7501.330827410309
477.86 702.97 0.11 7422.259555521075
326.38 577.05 0.12 7449.964952949671
287.75 710.53 0.08 7337.519270665749
132.15 345.97 0.06 7436.1123149193045
479.81 865.95 0.1 7379.429728457702
218.74 544.13 0.14 7501.390098410862
332.22 695.58 0.07 7455.148375728082
314.14 779.93 0.1 7384.807091317892
133.74 379.52 0.1 7383.21410020102
511.6 719.56 0.12 7445.08119009672
115.68 305.14 0.13 7472.172286388797
112.68 188.69 0.07 7210.276374447534
255.6 676.45 0.1 7407.1989901018505
376.28 801.93 0.09 7354.597613958911
82.46 195.39 0.13 7478.098794450993
97.58 135.42 0.15 7524.1385997608295
100.54 200.27 0.17 7586.769378121786
218.64 350.9 0.06 7436.09358884582
187.4 542.33 0.2 8746.69480487813
374.5 732.68 0.14 7501.141282998078
486.28 869.53 0.05 7422.893793337332
204.79 480.1 0.15 7558.783120466725
296.29 806.91 0.14 7501.096370276684
335.93 642.33 0.13 7477.972485705112
193.72 434.69 0.18 7936.445302281229
318.66 465.09 0.1 7427.24685839048
428.71 705.26 0.08 7281.13101016371
369.69 820.81 0.09 7351.661560562693
316.81 687.99 0.11 7410.149582641289
390.09 760.02 0.13 7478.090384660312
368.28 681.49 0.11 7415.109546977799
278.47 640.66 0.18 7620.882644882342
300.39 469.32 0.14 7502.496364769817
42.46 63.92 0.1 7369.769958789286
39.26 968.79 0.06 9392.97889009687
118.5 786.16 0.23 5663.118262430888
0.11 287.55 0.23 5838.6326895858165
184.52 823.8 0.15 7680.949188245593
18.7 551.85 0.06 9570.141125772465
52.31 214.98 0.11 8611.81320741685
216.06 668.99 0.05 9823.340884498406
109.97 918.21 0.12 8537.813995640025
165.83 840.73 0.18 7598.337304077603
32.62 619.97 0.14 8407.452907241543
187.47 718.59 0.11 8987.422937217383
42.93 864.03 0.05 9991.151659994171
217.85 862.53 0.06 9848.336628699593
91.93 651.56 0.23 7340.950090394105
202.39 645.38 0.1 9352.389824096997
84.58 988.1 0.08 9682.460764103895
46.65 301.64 0.12 9211.152808333203
36.43 639.08 0.06 9769.724258969069
9.26 908.63 0.09 9692.025656667454
1.74 548.45 0.06 9786.53815796323
44.17 410.88 0.1 9567.677983359423
39.53 540.17 0.11 9386.422405942105
104.16 801.51 0.1 9786.83069492426
70.45 402.38 0.13 9566.396945917479
173.98 663.74 0.1 9897.65203869413
63.02 939.35 0.07 10025.722466465815
88.75 399.82 0.06 10179.134614455867
108.28 416.75 0.11 9956.240578742621
136.02 514.25 0.13 9884.705760567167
83.97 989.99 0.17 9748.4540822684
233.63 759.92 0.08 10078.262660519104
102.57 568.17 0.11 10216.67272468428
-5.31 628.5 0.05 5982.486057577471
-125.65 966.69 0.09 6077.504630691421
-0.76 859.26 0.07 6034.6693265158565
-11.66 233.57 0.08 5998.387772473245
-133.94 722.51 0.13 5933.738516272428
-93.4 738.02 0.16 5955.561741579066
-125.52 719.97 0.12 5969.025354183712
-87.51 738.49 0.15 5914.1147619402755
-229.69 767.91 0.07 6327.600712408985
-73.98 749.98 0.1 5975.526797772365
-11.39 936.57 0.08 6003.80525046696
-109.55 444.47 0.07 6317.472700294729
-96.64 533.09 0.12 5957.748056750001
-64.32 453.36 0.1 5091.0412501137835
-25.41 122.31 0.12 5361.731716804046
-76.3 742.12 0.06 6500.281996549961
-47.04 161.19 0.08 6134.063991769637
-8.96 312.76 0.05 6894.074661152402
-128.14 872.65 0.07 5995.969443052072
-276.38 932.05 0.09 6108.788795021093
-71.96 833.22 0.14 5877.501045038192
-298.33 952.07 0.05 6023.427450797533
-49.76 295.06 0.14 6529.919937338542
-12.33 982.67 0.16 6806.527924377882
-234.83 860.24 0.15 6370.166812226726
-63.31 372.79 0.13 5931.592773493418
-192.06 807.26 0.09 6006.300972213401
-206.89 753.99 0.11 5980.577038831322
-215.6 911.21 0.15 6868.345303617666
-60.56 504.18 0.08 5992.509370511225
-21.53 342.95 0.1 6001.940275248746
-104.49 415.71 0.08 6038.388393941059
-12.03 589.14 0.06 6149.731222426131
-35.17 590.84 0.06 6330.0227953965605
-90.2 585.07 0.11 5984.733139007524
-173.16 568.6 0.09 6050.088540257106
-77.73 492.26 0.14 5977.863657570515
-117.79 918.12 0.07 6010.5513560441395
-11.03 432.51 0.11 5971.01078043487
-75.86 568.96 0.11 5978.539982087288
-130.5 944.11 0.06 6130.162007075633
-28.61 699.1 0.06 6305.674130386217
-50.68 225.67 0.15 6546.107734302035
-91.45 531.19 0.11 5983.82039580854
-316.07 669.52 0.1 6865.495950364386
-266.77 764.71 0.1 6877.863411798015
-315.17 604.64 0.12 7045.097022645226
-457.26 744.72 0.06 6474.440964826613
-378.95 738.64 0.1 6878.083691117194
-477.38 861.56 0.06 6419.213926813335
-240.58 541.76 0.09 6784.506960347659
-106.4 150.18 0.06 6440.579713261329
-53.5 76.85 0.05 6789.078801697951
-420.99 867.11 0.12 7042.298981113027
-303.75 870.07 0.05 6276.1950650749695
-528.39 819.21 0.1 6887.90493390954
-374.53 516.04 0.15 7403.048064988348
-420.07 852.74 0.13 7432.979347267887
-371.36 868.5 0.1 6882.368626789861
-305.15 772.57 0.07 6517.489030211234
-329.87 570.57 0.09 6797.979723522858
-322.63 483.42 0.12 7041.427234234395
-319.22 642.93 0.1 6881.860591084742
-209.97 336.93 0.1 6934.989413114368
-299.55 669.82 0.12 7042.315309408814
-417.39 660.61 0.14 7196.502309005747
-431.04 855.08 0.06 6398.028556899035
-305.6 839.11 0.08 6665.1073455243095
-454.99 866.34 0.08 6676.437721038374
-301.65 581.53 0.07 6678.959021295897
-282.92 594.83 0.06 6737.9523048332085
-188.12 518.4 0.06 6473.942612578794
-196.45 382.35 0.11 6963.251210542429
-271.06 705.16 0.08 6662.845486643453
-135.6 192.11 0.05 6947.212737758355
-242.64 434.04 0.11 6963.586195000017
-299.43 679.67 0.06 6543.901157499928
-166.79 301.31 0.08 6664.000367711666
-350.51 923.57 0.05 6953.047291079675
-371.91 789.34 0.13 7254.870761086449
-365.72 540.79 0.12 7041.91706328671
-218.02 485.8 0.14 7256.555432579744
-401.86 567.77 0.11 6968.078420678054
-230.09 430.58 0.1 6876.740537879659
-206.39 399.71 0.07 6666.054878593736
-478.26 491.37 0.13 6878.315990009244
-572.74 549.07 0.07 6498.721223800132
-446.44 572.34 0.07 6559.485536317727
-649.47 570.41 0.05 6365.015448245247
-735.11 615.45 0.15 6976.790343674775
-302.44 416.14 0.06 6473.291228811835
-297.29 291.69 0.13 6899.001484461969
-341.36 268.69 0.06 6800.253436430403
-246.98 302.95 0.08 6587.609848553344
-625.46 667.87 0.06 6367.528855128759
-484.52 498.59 0.08 6555.989637879122
-124.88 137.84 0.08 6609.657117098757
-241.39 251.97 0.11 6768.8651810776355
-228.59 237.56 0.13 6878.4989841537335
-512.22 450.11 0.1 6722.860722067573
-292.44 295.66 0.15 6997.866469296615
-404.56 384.41 0.06 6389.606219023177
-200.77 239.02 0.1 6710.293879636547
-415.46 486.09 0.05 6359.147763693615
-529.13 430.09 0.06 6496.531221556798
-179.6 193.0 0.14 7059.821366659562
-770.02 581.46 0.07 6687.930172170083
-517.44 564.19 0.07 6583.5265251661385
-689.59 545.65 0.1 6712.992952315461
-473.1 438.63 0.12 6820.759388001777
-601.43 650.86 0.11 6771.098720369327
-555.03 715.08 0.09 6627.512710436109
-511.65 572.92 0.08 6571.7523967219195
-412.31 458.23 0.06 6365.935197272645
-342.56 445.88 0.13 6877.127538663466
-496.04 475.03 0.11 6762.167619261063
-526.0 659.24 0.06 6363.557203142889
-528.86 445.43 0.08 6614.682913468316
-711.43 648.76 0.08 6593.7092703859
-607.65 481.2 0.15 7031.982672267946
-592.67 667.62 0.13 6907.317593479105
-222.71 291.84 0.08 6673.015338292542
-405.85 369.01 0.08 6591.380353756933
-673.41 656.43 0.13 6878.679160472782
-252.41 316.17 0.14 6928.347929432759
-532.07 699.85 0.25 689.7812106847314
-655.26 717.97 0.23 -4767.704152769292
-116.98 50.02 0.08 8815.04130111471
-552.87 246.02 0.08 8950.566329092992
-483.89 301.72 0.06 8694.158419042551
-855.53 498.46 0.08 8908.580723174267
-340.36 134.96 0.08 8923.157562098495
-464.54 334.85 0.06 8656.998414056989
-362.01 123.17 0.11 8547.263348092696
-800.07 279.38 0.06 8785.488458146127
-771.58 502.58 0.1 8853.567397455534
-217.35 94.84 0.1 8919.608865023825
-620.95 305.64 0.08 8978.888106283815
-676.62 444.42 0.08 8795.07509913178
-777.22 455.92 0.11 8905.54632038216
-542.18 384.42 0.06 8706.012631699203
-543.19 180.98 0.18 7886.015374703105
-256.04 91.63 0.08 8835.511159927788
-658.96 464.18 0.08 8808.466979940671
-803.74 325.42 0.12 9063.911966492758
-803.33 406.48 0.09 9009.989100973195
-756.74 467.01 0.11 9133.637201210222
-742.59 522.6 0.08 8934.31509914428
-832.42 385.23 0.07 8705.187734474295
-629.26 365.43 0.13 9274.990822905225
-462.03 297.75 0.07 8875.965537340948
-570.49 370.93 0.11 9164.31126986027
-813.3 289.21 0.12 8935.606283066161
-674.63 399.2 0.06 8484.283359846137
-521.56 376.16 0.11 9132.050401262066
-820.04 281.74 0.11 9150.785298636069
-890.98 327.63 0.1 9044.379171113424
-380.17 236.33 0.07 8636.142786395772
-731.67 429.4 0.13 9223.835090098983
-571.15 387.69 0.1 9111.525277036115
-367.66 207.45 0.13 9281.764755380436
-623.21 245.0 0.15 9403.502694281404
-714.31 460.41 0.17 9500.18448082308
-116.74 60.2 0.16 9518.079636696197
-541.65 342.67 0.08 8797.950496869798
-652.72 356.72 0.12 9013.691750935148
-592.36 69.89 0.1 5622.367034077345
-826.4 259.49 0.07 5543.906803189093
-753.92 133.93 0.09 5601.540735605804
-237.23 60.3 0.1 5621.410292841598
-79.1 22.81 0.12 5672.441010627819
-758.27 189.42 0.13 5696.445843312046
-924.44 271.71 0.14 5716.902408021146
-636.58 87.99 0.13 6955.56725376503
-891.66 58.04 0.09 5597.0909700010725
-867.24 121.14 0.09 5607.525376814715
-578.75 59.7 0.06 5630.083137091758
-651.22 140.71 0.06 5642.364667781272
-627.39 28.58 0.11 5648.506354394257
-937.73 147.08 0.05 5634.065736817702
-546.74 99.87 0.07 5591.629849361844
-903.7 90.1 0.14 5716.636181459902
-789.16 39.65 0.1 5630.943521918292
-925.84 95.1 0.09 5594.905546771113
-923.4 35.56 0.05 6299.311452041939
-828.72 227.73 0.13 6611.382269539857
-557.24 99.39 0.13 5763.223842161882
-733.16 162.82 0.11 5648.862832099645
-744.47 81.43 0.1 5632.344733784394
-838.56 245.06 0.08 5576.957614393234
-225.65 31.6 0.06 5591.4671783391605
-947.09 64.38 0.14 5836.55611262851
-925.28 60.35 0.13 5694.705493849474
-654.01 133.0 0.09 5655.771760297868
-874.56 185.61 0.09 5598.876376737283
-659.92 173.51 0.12 5672.849231471104
-976.44 86.16 0.08 5641.8388341440495
-710.38 139.76 0.13 5757.61722819159
-724.87 115.17 0.13 5694.757314938323
-139.0 30.91 0.14 6393.293334859587
-529.74 97.27 0.11 5647.753320885187
-190.19 28.12 0.06 5522.211176495273
-722.89 195.25 0.09 5621.517712019201
-712.65 164.9 0.07 5549.182903705645
-426.76 7.03 0.11 5660.545130233515
-553.02 31.34 0.13 5694.2809314623555
-876.27 37.2 0.15 1903.96349313549
-525.79 61.37 0.15 2266.8358031318344
-17.12 -2.12 0.12 6498.524712229916
-810.56 -87.28 0.08 6168.240511670465
-849.98 -210.46 0.06 5898.215895932964
-788.41 -33.11 0.05 5890.4811021272635
-812.85 -96.25 0.06 5959.18197912309
-710.06 -144.86 0.09 6256.297430198203
-871.27 -228.14 0.06 6266.061654083564
-576.28 -96.36 0.1 6333.043110437264
-725.07 -182.57 0.09 6249.08131926857
-776.08 -71.97 0.12 6498.352820718968
-835.26 -179.74 0.08 6142.212845997441
-804.06 -14.33 0.1 6347.510719450291
-561.1 -134.91 0.12 6532.0949138279675
-415.51 -82.92 0.09 6267.608724380794
-734.88 -3.7 0.07 6024.074149169294
-441.95 -23.77 0.06 5909.950442443378
-511.68 -91.92 0.1 6345.087815653005
-95.93 -3.94 0.12 6498.864474593416
-116.75 -28.74 0.11 6624.088254871101
-513.43 -44.2 0.14 6656.0184425681055
-566.28 -17.32 0.07 6050.556662403773
-489.03 -60.85 0.07 6048.695688334288
-697.58 -61.69 0.15 7402.581753130238
-792.26 -152.28 0.16 7791.495715932522
-734.47 -84.9 0.1 6339.647362505071
-291.81 -89.76 0.13 6653.728222410343
-320.57 -86.13 0.08 6158.7863970581175
-742.58 -135.0 0.06 6092.817971232955
-550.01 -63.44 0.14 6873.905886008684
-888.96 -150.07 0.12 7116.193381138433
-887.01 -178.91 0.06 6035.354428822079
-958.32 -281.56 0.12 6498.822922610259
-658.72 -76.1 0.09 6239.85179360328
-555.73 -98.2 0.07 6029.372238104576
-778.49 -119.34 0.09 6255.300545286736
-409.29 -81.09 0.12 7179.994117195745
-354.9 -54.81 0.07 6105.135218457796
-331.21 -95.07 0.08 6151.501689202728
-955.73 -271.15 0.09 6260.29860853989
-506.3 -304.45 0.05 9145.744774710438
-633.95 -288.2 0.08 8953.89688725919
-771.66 -315.81 0.07 9210.518474194376
-577.73 -239.68 0.07 9239.149939999923
-405.62 -285.74 0.05 9604.528673462832
-545.85 -185.12 0.06 9504.714272407942
-116.16 -53.1 0.15 7631.184598798473
-450.29 -309.18 0.05 9412.96917349886
-818.64 -570.95 0.09 8974.99545854075
-704.58 -429.56 0.12 8425.519667495462
-697.46 -434.14 0.08 9249.36656652891
-788.87 -378.54 0.07 9472.934988205394
-430.9 -149.87 0.1 8966.18202448744
-715.08 -264.81 0.08 9369.721294925565
-383.66 -196.26 0.07 9580.66702034816
-591.27 -225.28 0.14 8416.942902138622
-517.9 -190.21 0.14 8491.305228003188
-413.23 -208.28 0.1 9204.654475362244
-346.59 -143.75 0.14 8644.09621881835
-226.74 -85.15 0.14 8718.305446003698
-627.1 -211.85 0.06 9664.06473754666
-299.29 -128.95 0.09 9547.200962428704
-691.74 -361.52 0.06 9295.894346307878
-758.16 -310.89 0.1 9504.949111502046
-826.82 -320.12 0.05 9000.249861557078
-555.91 -204.27 0.11 9492.525734040097
-833.96 -524.98 0.08 9736.612535829052
-177.47 -88.94 0.1 9511.597756515775
-666.29 -312.68 0.11 9715.846325676062
-673.26 -304.95 0.09 9848.605163661967
-702.24 -326.69 0.16 9419.543123352056
-713.31 -428.07 0.16 9529.958885431028
-583.33 -231.21 0.08 9777.390996774113
-316.99 -133.62 0.14 9858.003572440008
-479.15 -286.51 0.09 9882.941312000943
-748.25 -351.18 0.08 9546.128867600932
-471.19 -267.15 0.1 9996.424267417442
-828.63 -527.23 0.12 9673.025141007365
-96.36 -124.14 0.14 4930.095853471159
-273.13 -352.81 0.09 5022.196255859431
-504.89 -453.77 0.08 5056.772039877697
-592.56 -796.17 0.12 4861.378867030124
-719.89 -691.67 0.16 5383.275137318269
-574.85 -655.15 0.12 5212.108156144057
-297.87 -370.97 0.05 5527.708680301865
-450.23 -450.1 0.15 5042.029407448048
-381.94 -496.74 0.1 4948.037063749106
-538.68 -614.48 0.06 5364.575802081432
-456.58 -550.37 0.07 5233.967405866315
-444.84 -488.96 0.14 5308.538533059205
-577.71 -503.78 0.09 5013.329308021763
-590.97 -465.99 0.06 5431.472112062441
-287.42 -312.63 0.13 5817.892478625279
-529.44 -415.17 0.08 5042.324121909893
-743.05 -599.77 0.06 5121.7910468319715
-527.52 -518.86 0.14 5745.436198422576
-562.84 -754.14 0.09 4542.892781369064
-301.83 -232.92 0.1 4932.704877943233
-663.29 -682.38 0.13 4827.472917103347
-334.52 -345.03 0.1 4956.315990942729
-524.25 -661.54 0.08 5180.3314397889335
-327.6 -337.6 0.13 4850.409212639975
-253.46 -268.48 0.07 5074.709097783221
-478.0 -372.79 0.08 5114.883372636281
-494.01 -639.11 0.09 4991.49401935321
-534.45 -429.3 0.11 4711.077902847403
-509.96 -698.01 0.12 4859.185379885939
-500.48 -405.45 0.05 5261.174332558167
-176.79 -219.44 0.09 5030.82024624766
-463.86 -480.1 0.07 5223.287900071807
-562.02 -606.8 0.13 5255.720813402004
-460.67 -426.06 0.09 4209.586189522126
-453.99 -584.85 0.06 5667.776017421488
-439.59 -500.2 0.06 5338.781670589779
-405.75 -323.6 0.07 5087.902062833169
-622.24 -781.24 0.06 5118.364850041783
-198.92 -159.69 0.09 5041.564986464979
-621.0 -656.15 0.1 4944.725911103993
-502.08 -396.69 0.12 4854.404648417492
-243.96 -182.57 0.14 5553.273797165731
-548.97 -588.18 0.12 4860.378263929928
-558.23 -671.67 0.13 4882.174141310577
-315.16 -420.68 0.09 4209.577076753107
-299.22 -262.96 0.09 3011.610846474691
-480.4 -532.36 0.13 1923.2453408208949
-580.24 -685.43 0.17 1577.1390766452705
-128.43 -309.28 0.09 8695.821500552813
-334.88 -900.03 0.09 8732.597865601098
-254.13 -638.89 0.12 8116.081330170051
-401.75 -768.73 0.08 9044.180670297705
-226.79 -597.81 0.12 8238.870736062992
-354.59 -844.32 0.14 7921.526391483652
-316.49 -519.18 0.11 8598.19576337312
-350.63 -661.73 0.15 7913.1535788365
-517.39 -837.44 0.13 8350.53184180092
-84.55 -204.65 0.1 8974.357320767796
-185.14 -519.26 0.09 9200.180603935813
-427.35 -788.98 0.11 8910.785403805661
-208.52 -489.65 0.11 8966.899561090537
-265.72 -669.44 0.07 9656.751612796996
-408.07 -745.56 0.06 9837.721735864823
-194.7 -529.85 0.06 9861.483737540333
-427.88 -682.0 0.06 9882.91435571196
-241.36 -475.79 0.05 10054.88480822938
-355.65 -522.69 0.09 9497.553107956905
-497.43 -723.68 0.1 9414.51851457594
-265.84 -499.28 0.08 9723.854622363424
-435.74 -838.07 0.06 10013.933707642176
-515.73 -756.39 0.08 9778.445290380916
-561.79 -795.01 0.14 9098.449124445859
-228.28 -555.12 0.09 9756.833519102167
-285.5 -608.42 0.07 10022.907374196817
-344.23 -604.39 0.1 9740.136241345077
-380.67 -846.13 0.08 9985.411521760841
-321.41 -790.78 0.1 9842.80665670787
-358.89 -665.58 0.06 10251.81518966747
-179.94 -402.82 0.09 10039.123974787917
-342.92 -578.72 0.07 10238.550707700453
-90.7 -358.54 0.07 9160.625391516453
-256.49 -889.95 0.05 8823.262356011419
-40.24 -658.03 0.06 9002.02227079163
-83.57 -387.91 0.06 9071.903094723766
-176.6 -544.0 0.14 7789.300344513347
-85.49 -894.17 0.07 9203.942968388694
-116.74 -837.94 0.13 8155.645712197146
-2.59 -866.3 0.06 8986.879991913987
-91.61 -443.84 0.05 8967.717273563401
-115.53 -725.62 0.07 9229.337443501137
-188.76 -717.89 0.06 9113.8845078589
-151.86 -929.13 0.08 9329.035203645879
-46.77 -707.02 0.09 9187.722099645453
-102.96 -555.43 0.09 9228.941980157018
-10.96 -473.96 0.05 8866.776646585971
-20.98 -965.77 0.12 8835.515546824092
-130.62 -793.38 0.1 9219.702962931715
-187.91 -704.37 0.07 9425.504652053183
-44.69 -704.52 0.13 8891.009262063759
-125.03 -635.05 0.13 8960.681569325716
-108.45 -751.62 0.09 9555.484487799726
-58.99 -655.69 0.15 8894.433679069894
-17.71 -842.61 0.07 9235.76442748444
-141.93 -473.71 0.1 9493.337876032328
-99.1 -557.45 0.15 9147.8696774044
-130.69 -494.48 0.14 9365.83899506087
-168.37 -520.74 0.12 9409.06962575662
-136.41 -703.29 0.05 8782.54386764855
-143.15 -922.17 0.06 9131.66868525971
-31.02 -187.85 0.08 9542.981815159146
-128.45 -855.81 0.12 9521.872375453018
-147.56 -565.72 0.07 9495.852866574824
-180.19 -922.18 0.17 9750.003509410446
-70.64 -854.61 0.07 9223.209598142812
-31.03 -183.38 0.12 9628.891256702169
-24.21 -389.36 0.11 9648.547684109353
-8.16 -740.21 0.16 9410.003549729267
-183.93 -843.02 0.15 9874.013887590576
-234.21 -814.88 0.12 9466.629239273705
-72.95 -684.94 0.08 9334.930992869042
-64.3 -447.77 0.17 -3190.861933569861
34.26 -495.84 0.13 5310.691557839361
191.81 -718.49 0.08 5339.478634236344
299.68 -937.47 0.12 5769.6584532995785
122.11 -787.65 0.13 5310.414139885806
132.83 -817.01 0.08 5240.8646164223255
61.6 -971.11 0.11 5496.499575515289
45.42 -796.8 0.13 5408.812391490164
189.09 -920.43 0.12 5598.948894372745
31.29 -603.83 0.11 5291.219741381098
29.25 -686.18 0.09 5258.289565747344
201.05 -658.4 0.15 8360.98414508607
210.73 -868.6 0.14 5340.395337216496
188.25 -727.9 0.08 5234.14889825303
173.59 -918.83 0.06 5458.30252192537
196.64 -822.59 0.09 5258.311527734523
6.78 -846.13 0.06 5615.913750085983
15.54 -123.51 0.1 5273.979381364999
88.08 -847.49 0.24 5277.732166629214
37.5 -782.58 0.1 5283.166149037342
46.88 -856.09 0.11 5283.585576732934
3.04 -474.13 0.15 5329.465897506851
171.13 -554.18 0.11 5292.936043157624
33.72 -637.38 0.09 5264.421853337484
31.6 -490.34 0.09 5284.756874511082
120.81 -830.4 0.08 5247.704800288434
98.14 -782.96 0.11 5287.73459713878
214.38 -897.27 0.13 5310.129669992901
18.49 -255.13 0.09 5254.751439506278
97.32 -451.67 0.13 6154.828216143641
79.93 -462.5 0.07 5322.058808798767
216.66 -903.94 0.08 5257.12646947992
174.53 -906.35 0.13 6270.791736692608
266.94 -944.13 0.12 5302.2216066065575
120.26 -402.29 0.06 5410.324930530156
150.7 -540.4 0.1 5286.648825547088
115.77 -435.33 0.09 5254.329788445693
116.47 -758.51 0.07 5230.820367190056
88.94 -657.98 0.11 5292.7610095432465
105.51 -724.69 0.07 5321.020450566233
78.5 -279.95 0.09 5262.01537598078
124.29 -191.41 0.05 7228.726258693257
221.52 -567.05 0.05 7431.528692300207
376.36 -699.43 0.06 7619.973362553272
480.06 -724.93 0.08 8331.014836517988
335.07 -569.7 0.08 8321.152164483054
227.7 -393.53 0.06 7787.08912475207
305.81 -844.21 0.06 7748.040140702338
474.17 -731.41 0.1 8895.749564614034
265.45 -587.5 0.08 8325.07131786139
487.98 -693.47 0.07 8022.088240308947
226.66 -669.97 0.1 8896.606861283353
250.59 -482.99 0.09 8624.107895227826
262.99 -524.94 0.05 7211.175782827608
174.24 -427.75 0.09 8618.690279753084
167.0 -319.82 0.11 9152.128677425824
306.71 -476.59 0.14 9149.785613496158
321.08 -508.88 0.11 9152.024337990033
136.5 -381.87 0.11 9156.784947439712
138.77 -286.65 0.12 9388.38968104956
182.19 -316.75 0.08 8332.137927282696
71.44 -208.65 0.11 9152.038571443398
214.36 -502.2 0.14 9813.64710438425
213.29 -301.47 0.08 8317.632765799655
373.13 -705.12 0.09 8623.81954622868
108.24 -305.81 0.11 9173.472565469321
441.07 -637.2 0.11 10356.008205218008
278.86 -680.47 0.13 9676.544492681587
421.01 -682.56 0.17 -2115.453647903391
446.89 -686.79 0.23 -4524.825675986474
463.73 -682.27 0.19 -2905.686860184559
62.93 -145.66 0.24 -4945.831569851751
83.48 -242.23 0.17 -2115.457159447767
611.83 -659.2 0.07 6812.712956577363
679.53 -530.65 0.12 6577.83591751645
583.34 -466.07 0.16 6576.628024388592
659.31 -548.28 0.12 6570.065711693556
555.99 -762.14 0.08 6674.02201600891
500.61 -607.75 0.09 6411.675997747284
279.96 -268.3 0.08 6512.913036229713
475.58 -402.44 0.17 6574.543753574404
594.45 -541.07 0.13 6575.192285156142
489.23 -664.89 0.1 6555.379483132011
552.97 -452.32 0.05 7200.977140575795
300.23 -222.56 0.14 6576.403370704818
427.68 -312.95 0.14 6573.977976682065
699.95 -531.34 0.08 6516.807300956136
677.72 -685.98 0.19 8128.327084677777
498.31 -456.83 0.12 6575.541134571631
510.14 -433.74 0.08 6548.770732290095
248.3 -204.32 0.05 6922.396375669679
382.57 -289.6 0.13 6572.779738547952
395.76 -430.92 0.14 6578.839070288067
551.94 -698.24 0.13 6575.919396081221
561.43 -498.99 0.08 6660.4381514669585
603.58 -641.24 0.1 6545.211900135896
431.38 -322.92 0.12 6565.326705029462
510.26 -519.04 0.07 6625.400761392095
256.62 -332.12 0.18 6633.311786512484
389.1 -382.51 0.1 6594.0038981872085
333.97 -434.76 0.1 6595.2005509051305
348.24 -261.34 0.15 6598.893318799795
732.96 -586.99 0.07 6604.984560405488
403.92 -364.95 0.16 6595.785481111847
61.49 -47.87 0.05 6450.583948784698
189.67 -213.69 0.05 6818.890725412211
574.55 -475.69 0.18 6639.805653326157
378.58 -307.5 0.12 6561.469724862351
525.71 -629.62 0.07 6708.392681272833
599.42 -466.75 0.14 6574.466264612018
497.48 -498.66 0.12 6564.73361385206
129.38 -164.2 0.11 6569.335901790387
686.71 -411.88 0.1 6047.562509132767
734.61 -260.78 0.12 5993.560946411527
732.31 -251.68 0.11 5992.33861264493
799.16 -353.99 0.09 6049.227909815809
828.83 -537.65 0.14 6022.406928421488
557.93 -237.43 0.06 5953.981439903117
472.11 -256.28 0.13 6011.157839478979
648.88 -272.02 0.07 6259.539691863647
226.17 -93.38 0.09 6058.968665868038
303.51 -185.19 0.06 6513.472654280954
859.51 -369.69 0.13 6009.864091010885
568.33 -191.04 0.08 6009.2100302041945
712.8 -495.24 0.12 6001.530997960791
470.41 -210.43 0.08 5976.347350688907
805.1 -496.49 0.12 6006.872669654533
783.23 -493.11 0.15 6050.623419097248
814.79 -507.17 0.07 5983.932768596392
762.18 -400.26 0.07 5969.455030292751
653.12 -440.49 0.07 6001.795381578662
720.72 -463.43 0.06 6002.301179630404
761.79 -349.37 0.05 6010.634182347792
432.16 -170.9 0.12 6004.385959825587
151.03 -82.26 0.11 6004.661473646216
254.09 -120.75 0.08 6056.778967552853
849.06 -324.33 0.13 6011.342260997795
719.73 -504.24 0.13 6010.760982169618
607.58 -342.33 0.08 6100.298345715391
835.63 -300.55 0.15 7343.936159043744
886.08 -340.22 0.13 5997.843964001903
746.23 -328.19 0.12 6001.652354019621
862.43 -350.66 0.07 6253.938067182807
719.83 -348.19 0.16 6292.76384555257
561.33 -252.62 0.12 6003.048905842166
291.01 -201.97 0.14 6022.726164460138
677.8 -468.58 0.05 6000.957350177395
890.38 -335.94 0.08 6174.65760653655
437.41 -297.72 0.05 6811.959235204368
484.72 -233.04 0.07 6047.444987243528
754.43 -413.07 0.15 6046.499274985212
655.85 -400.46 0.1 5996.294029649391
859.16 -490.67 0.16 6275.247191429754
665.31 -388.99 0.13 6010.534890827527
753.39 -495.23 0.06 6078.811785522855
378.87 -68.91 0.1 7022.461689769566
56.49 -3.41 0.07 6810.957866021857
577.8 -17.99 0.15 7391.486436702285
985.33 -155.98 0.11 6986.516606097632
857.94 -202.54 0.13 7174.533809773284
794.35 -234.32 0.07 6789.671487409673
675.24 -121.27 0.1 7035.946384222931
837.08 -191.17 0.13 7175.186426029718
827.87 -133.56 0.07 6846.653325725192
952.59 -75.85 0.06 6708.508553626294
878.52 -195.75 0.1 7016.290599568865
969.47 -125.41 0.14 7218.998457415397
935.96 -121.73 0.06 7144.625975116365
683.41 -57.86 0.13 7172.714406533877
771.43 -92.68 0.13 7172.040768529121
804.48 -210.07 0.14 7395.225149656095
787.98 -196.2 0.06 7056.831447263046
809.97 -82.08 0.11 7080.593114230027
336.73 -65.26 0.11 7077.055155843601
674.57 -74.83 0.15 7561.356020878804
728.51 -7.86 0.16 7317.573185570878
455.28 -33.0 0.11 7092.751202342421
942.04 -44.83 0.08 6888.924338488932
984.0 -60.82 0.14 7294.103583382448
662.07 -108.08 0.09 7040.050135254394
620.89 -59.08 0.1 7047.200572788026
483.82 -113.86 0.06 6868.512909864627
468.6 -28.49 0.08 6870.13010307152
230.84 -10.34 0.05 6563.431728087178
415.62 -19.79 0.13 7174.946331654938
752.61 -158.41 0.1 7006.359625390825
950.2 -262.48 0.13 7173.485448426973
983.98 -78.73 0.07 6837.788764430019
367.14 -94.25 0.13 7174.842694210228
265.47 -59.99 0.12 7131.855239465007
973.33 -173.07 0.06 6742.789553341862
863.46 -14.21 0.08 6886.461436610605
799.3 -50.6 0.06 6817.335151856794
368.67 -14.33 0.12 7124.440986166319
