0.0 0.0
919.98 36.45 0.14 6152.472231804238
899.4 25.32 0.13 5589.429348557433
826.42 73.58 0.09 5614.814730903954
351.24 7.57 0.07 5657.348195221127
187.51 4.8 0.13 5678.528416922649
455.22 125.94 0.1 5578.5253082106465
376.12 1.52 0.11 5582.007573848692
857.86 223.27 0.08 5598.107236638261
768.88 35.91 0.1 5596.124026916875
320.47 79.45 0.13 5588.924513043663
948.69 304.28 0.12 5614.70746343503
617.47 78.87 0.1 5592.622735997535
958.49 34.02 0.14 5590.7865885966075
768.13 232.62 0.08 5594.367080096529
713.17 72.58 0.06 5925.848811252757
701.63 44.37 0.08 5576.210632058373
133.42 18.59 0.14 7639.545151531687
520.21 39.65 0.12 5585.879716821641
598.67 181.05 0.08 5596.16097847575
680.53 163.29 0.07 5763.914249738367
939.25 41.45 0.06 5572.171586736793
750.63 104.51 0.08 5591.125602446685
264.48 64.87 0.14 5590.641900563117
928.57 36.83 0.12 5586.1183230131655
856.25 251.14 0.06 5582.18122892348
435.82 25.32 0.15 5668.006011846662
785.48 195.88 0.07 5574.33481147123
761.65 158.01 0.1 5577.595202544606
534.48 141.71 0.14 5605.3668995451935
889.52 64.16 0.14 5590.455164002238
887.56 249.49 0.07 5638.629032780975
423.32 26.27 0.11 5551.230441993166
226.78 58.08 0.11 5587.711349923466
330.13 6.15 0.05 6033.698566330728
867.8 26.39 0.1 5589.950837055612
324.18 21.06 0.1 5586.532069329189
646.61 6.15 0.14 5590.9152086803815
464.37 50.91 0.14 5658.657022832307
842.81 81.29 0.12 5586.722760302933
622.69 177.26 0.1 5578.974295782395
576.61 131.19 0.06 5703.757977075487
609.04 130.49 0.11 5586.296041331472
664.22 324.09 0.14 6082.308550068065
212.62 147.41 0.08 5991.829868511065
239.44 95.1 0.14 6080.268707744116
226.0 147.26 0.13 6491.292899526032
507.48 331.21 0.1 5981.522675051068
522.31 188.7 0.11 6000.224410449151
808.29 498.66 0.06 6208.116966102287
855.87 436.68 0.13 6223.744210743276
366.14 121.7 0.07 5876.71922011509
341.45 234.86 0.16 6684.105416720453
174.48 104.13 0.05 5809.837930135727
773.22 460.78 0.12 6131.8058819738235
55.83 21.01 0.12 6110.099870988024
439.22 251.3 0.07 5871.578880656695
827.33 412.4 0.07 6029.61161986451
898.21 303.07 0.06 5874.87065775619
892.34 388.87 0.11 6012.346323900363
558.06 332.24 0.13 6051.0891994907015
306.32 219.66 0.07 5883.829692583391
683.78 314.05 0.12 6025.715390301877
493.33 168.22 0.11 6004.731865583391
631.46 406.75 0.1 5988.759449736842
787.79 561.07 0.08 5942.981594851191
663.52 447.2 0.14 6300.756465351761
609.87 276.32 0.13 6051.387395355765
646.17 357.75 0.1 5976.011662565948
533.22 231.35 0.09 5941.15277904513
863.44 502.92 0.11 6007.5367838062075
799.37 375.28 0.11 6002.310852398596
913.79 389.07 0.11 6000.261642543326
880.64 336.56 0.07 5958.3716078528805
391.31 127.85 0.08 5947.294363268654
429.57 160.25 0.07 5910.343719451144
492.3 269.31 0.08 6010.438572362366
765.62 554.82 0.13 6234.3317224872535
830.26 396.27 0.13 6056.23932248817
784.28 454.58 0.13 6050.549017462386
806.86 531.82 0.05 5825.544394943643
882.87 408.25 0.11 6004.842579883334
768.25 422.81 0.14 6446.672623118713
451.65 278.58 0.1 5986.974710757272
599.31 758.83 0.07 9167.00104519269
229.01 218.77 0.06 9214.950746890057
395.48 360.34 0.08 9002.903350151071
773.74 580.84 0.1 8597.211832318006
269.3 342.0 0.12 8243.296857503708
223.88 192.5 0.06 9196.710055055179
680.18 605.66 0.06 9386.39948989435
111.72 90.4 0.11 8617.44116449809
611.14 720.1 0.12 8491.847890097493
580.9 776.99 0.1 8934.835160216444
619.98 586.8 0.1 8978.869396579756
567.08 669.57 0.09 9200.668027716187
641.94 554.47 0.14 8363.309946819445
591.68 594.77 0.1 9110.331587786339
788.89 612.51 0.06 9171.779279381812
459.34 497.38 0.06 9532.883895414798
410.47 436.24 0.15 8521.456590549653
666.84 495.47 0.07 9456.279881103486
652.57 564.27 0.08 9657.810347300663
515.39 465.39 0.1 9424.947669330015
468.45 582.58 0.12 9223.59599711893
703.77 696.38 0.07 9604.135417480507
234.91 305.21 0.12 9356.581315121259
297.39 270.72 0.07 9579.534358932044
415.01 380.4 0.13 9395.40277990959
329.96 425.38 0.09 9842.013736122231
235.91 306.03 0.06 9266.595772764278
603.08 571.26 0.1 9872.74521111881
300.75 407.4 0.08 9713.306702198024
694.74 638.71 0.11 9909.166371339976
317.51 315.39 0.09 9857.52134908436
205.79 248.73 0.12 9975.918270168338
595.11 443.58 0.08 9713.512491880876
625.95 605.8 0.12 10120.18805757512
596.34 561.16 0.08 9656.398343363191
331.07 382.35 0.14 10179.091092171397
368.47 351.6 0.07 9427.639076743952
381.9 472.04 0.15 9354.605380955803
390.09 760.02 0.13 7743.197630008823
368.28 681.49 0.11 7663.611453758656
428.71 705.26 0.08 7500.281609875283
132.15 345.97 0.06 7567.235627995552
112.68 188.69 0.07 7420.317773605171
332.22 695.58 0.07 7603.47353493289
42.46 63.92 0.1 7611.738232429716
300.39 469.32 0.14 7776.209611038223
314.14 779.93 0.1 7621.427967910939
511.6 719.56 0.12 7703.565335050078
376.28 801.93 0.09 7577.244938533111
369.69 820.81 0.09 7575.254757482483
374.5 732.68 0.14 7775.506954712846
204.79 480.1 0.15 7823.232865875425
316.81 687.99 0.11 7660.573240725018
477.86 702.97 0.11 7667.9956925131455
326.38 577.05 0.12 7706.404148171016
296.29 806.91 0.14 7775.483669963902
133.74 379.52 0.1 7620.40043332976
399.97 809.27 0.05 7446.867634716345
419.12 602.35 0.14 7775.605225804999
218.64 350.9 0.06 7567.220834503074
115.68 305.14 0.13 7739.944293754159
193.72 434.69 0.18 8034.4698724507925
335.93 642.33 0.13 7743.132776636679
218.74 544.13 0.14 7775.635956362179
187.4 542.33 0.2 8403.807838602319
255.6 676.45 0.1 7635.897257257037
318.66 465.09 0.1 7648.892402638646
486.28 869.53 0.05 7534.480637923823
479.81 865.95 0.1 7617.960361029514
100.54 200.27 0.17 7870.422419878998
82.46 195.39 0.13 7743.202256095785
287.75 710.53 0.08 7540.328025804289
278.47 640.66 0.18 7900.666790610934
97.58 135.42 0.15 7806.27263550522
118.5 786.16 0.23 5602.448932815394
9.26 908.63 0.09 8791.544451019516
184.52 823.8 0.15 7562.138449042081
1.74 548.45 0.06 9522.822698862245
84.58 988.1 0.08 9125.866908786264
0.11 287.55 0.23 6292.4460152956135
39.53 540.17 0.11 8692.263475641399
39.26 968.79 0.06 9565.76586998611
32.62 619.97 0.14 8273.80541035542
18.7 551.85 0.06 9713.24812554916
91.93 651.56 0.23 6966.099451071839
104.16 801.51 0.1 9171.471773218127
165.83 840.73 0.18 8041.736427887433
42.93 864.03 0.05 10047.551382186268
52.31 214.98 0.11 9195.214286060525
217.85 862.53 0.06 9946.992476535128
109.97 918.21 0.12 9204.564607272448
102.57 568.17 0.11 9405.608063215208
233.63 759.92 0.08 9815.932957000165
83.97 989.99 0.17 8824.58232569888
202.39 645.38 0.1 9651.96513312915
36.43 639.08 0.06 9880.684489738256
216.06 668.99 0.05 9908.796567754342
108.28 416.75 0.11 9716.99327847917
46.65 301.64 0.12 9620.023747320982
63.02 939.35 0.07 10109.256281354932
44.17 410.88 0.1 9806.864842017567
187.47 718.59 0.11 9436.83702627472
136.02 514.25 0.13 9928.499350260057
88.75 399.82 0.06 10228.096542388948
70.45 402.38 0.13 9877.79654335861
173.98 663.74 0.1 10049.380008780845
-109.55 444.47 0.07 6397.254887430035
-87.51 738.49 0.15 6340.645843843633
-64.32 453.36 0.1 5806.817136228396
-125.52 719.97 0.12 6280.792165365381
-49.76 295.06 0.14 6575.698595007397
-96.64 533.09 0.12 6275.520525695105
-77.73 492.26 0.14 6336.118831789334
-21.53 342.95 0.1 6247.246299162907
-104.49 415.71 0.08 6221.935887755239
-35.17 590.84 0.06 6395.435796356959
-90.2 585.07 0.11 6262.885960605587
-76.3 742.12 0.06 6526.513211680811
-11.03 432.51 0.11 6255.8299604503445
-8.96 312.76 0.05 6846.593134496783
-47.04 161.19 0.08 6284.9991665770585
-229.69 767.91 0.07 6404.583920362218
-25.41 122.31 0.12 6032.859848345778
-12.03 589.14 0.06 6258.999830287755
-298.33 952.07 0.05 6141.39045199196
-173.16 568.6 0.09 6252.0305237185285
-133.94 722.51 0.13 6291.926047160948
-5.31 628.5 0.05 6109.414405683543
-215.6 911.21 0.15 6738.764010484167
-28.61 699.1 0.06 6376.863427667991
-125.65 966.69 0.09 6268.856006944335
-234.83 860.24 0.15 6510.131687287887
-206.89 753.99 0.11 6260.745675415328
-71.96 833.22 0.14 6298.869554237658
-60.56 504.18 0.08 6192.06475990814
-11.39 936.57 0.08 6199.396631213096
-63.31 372.79 0.13 6291.031084982268
-11.66 233.57 0.08 6195.8784195315375
-73.98 749.98 0.1 6232.45580383159
-192.06 807.26 0.09 6225.358249920694
-75.86 568.96 0.11 6259.697666835589
-130.5 944.11 0.06 6244.345987398248
-128.14 872.65 0.07 6169.516572076549
-12.33 982.67 0.16 6701.697590628291
-276.38 932.05 0.09 6288.171484106471
-0.76 859.26 0.07 6196.400885878578
-117.79 918.12 0.07 6179.628576130106
-91.45 531.19 0.11 6262.415681270469
-93.4 738.02 0.16 2140.899703431998
-50.68 225.67 0.15 2969.862073539159
-242.64 434.04 0.11 7416.110644686691
-206.39 399.71 0.07 7041.368172449533
-106.4 150.18 0.06 6823.618589494725
-53.5 76.85 0.05 7030.700325034126
-301.65 581.53 0.07 7050.322746227569
-350.51 923.57 0.05 7160.85886425157
-431.04 855.08 0.06 6793.128664455426
-266.77 764.71 0.1 7324.091824518646
-305.6 839.11 0.08 7094.368954513382
-196.45 382.35 0.11 7415.923595757438
-135.6 192.11 0.05 7156.199998698192
-477.38 861.56 0.06 6808.289001201523
-299.43 679.67 0.06 6898.306154334637
-378.95 738.64 0.1 7324.221456952462
-282.92 594.83 0.06 7040.952585511845
-417.39 660.61 0.14 7645.772651967887
-374.53 516.04 0.15 7771.201526743159
-457.26 744.72 0.06 6847.995062733606
-218.02 485.8 0.14 7674.484850228118
-454.99 866.34 0.08 7101.733971103193
-365.72 540.79 0.12 7498.264494176819
-305.15 772.57 0.07 6939.400401351656
-401.86 567.77 0.11 7418.620392123685
-240.58 541.76 0.09 7221.16472277564
-315.17 604.64 0.12 7499.947097439952
-166.79 301.31 0.08 7093.650115364263
-209.97 336.93 0.1 7357.902867708372
-420.99 867.11 0.12 7498.466505867718
-371.91 789.34 0.13 7643.75791620937
-319.22 642.93 0.1 7326.445031964952
-303.75 870.07 0.05 6634.977249390857
-371.36 868.5 0.1 7326.744258004126
-420.07 852.74 0.13 7738.280074521797
-188.12 518.4 0.06 6847.635583133213
-271.06 705.16 0.08 7092.900306700878
-316.07 669.52 0.1 7316.823013854377
-230.09 430.58 0.1 7323.431113386207
-322.63 483.42 0.12 7498.005432466669
-299.55 669.82 0.12 7498.475142994698
-329.87 570.57 0.09 7229.519475226611
-528.39 819.21 0.1 7330.007063529814
-292.44 295.66 0.15 7354.2076153795115
-228.59 237.56 0.13 7347.751132633057
-711.43 648.76 0.08 6977.331918292211
-512.22 450.11 0.1 7147.37525060462
-415.46 486.09 0.05 6651.726537419064
-404.56 384.41 0.06 6732.208117019451
-405.85 369.01 0.08 6975.812458833802
-179.6 193.0 0.14 7466.462783463756
-529.13 430.09 0.06 6809.950047405684
-473.1 438.63 0.12 7281.801119213825
-342.56 445.88 0.13 7347.091354851104
-526.0 659.24 0.06 6713.417229385786
-601.43 650.86 0.11 7216.054459810714
-222.71 291.84 0.08 7029.410935476839
-341.36 268.69 0.06 7035.7830532771695
-241.39 251.97 0.11 7214.833122972048
-478.26 491.37 0.13 7347.663081031125
-412.31 458.23 0.06 6715.130170945482
-246.98 302.95 0.08 6973.353674418733
-770.02 581.46 0.07 6995.3590011396245
-511.65 572.92 0.08 6963.029347042455
-673.41 656.43 0.13 7347.837833312607
-649.47 570.41 0.05 6656.225565367467
-735.11 615.45 0.15 7460.223727970038
-528.86 445.43 0.08 6991.041472504736
-496.04 475.03 0.11 7211.174792315947
-689.59 545.65 0.1 7141.6360999338185
-572.74 549.07 0.07 6863.690891470633
-297.29 291.69 0.13 7357.6482494602005
-252.41 316.17 0.14 7406.045020484594
-302.44 416.14 0.06 6792.970953342773
-484.52 498.59 0.08 6952.793198993297
-200.77 239.02 0.1 7140.068418882298
-446.44 572.34 0.07 6905.614155995316
-625.46 667.87 0.06 6716.278409208734
-592.67 667.62 0.13 7361.680609871165
-555.03 715.08 0.09 7045.942627320724
-517.44 564.19 0.07 6922.2968343105495
-607.65 481.2 0.15 7483.552619140177
-124.88 137.84 0.08 6987.752129114133
-532.07 699.85 0.25 -5270.628223920062
-800.07 279.38 0.06 9026.436036867095
-256.04 91.63 0.08 8974.927468577504
-340.36 134.96 0.08 9008.324258291585
-380.17 236.33 0.07 8950.97018631517
-803.74 325.42 0.12 8221.545183474453
-771.58 502.58 0.1 8699.490497491588
-813.3 289.21 0.12 8338.950629425623
-552.87 246.02 0.08 9198.00045468421
-620.95 305.64 0.08 9234.048240723136
-855.53 498.46 0.08 9199.051070166142
-803.33 406.48 0.09 9125.944849287902
-570.49 370.93 0.11 8808.994223420832
-742.59 522.6 0.08 9218.454905290651
-483.89 301.72 0.06 8952.664133565224
-542.18 384.42 0.06 8962.218577867525
-676.62 444.42 0.08 9113.909367155018
-116.98 50.02 0.08 9128.833271064548
-462.03 297.75 0.07 9137.19353203702
-521.56 376.16 0.11 9174.98526753395
-777.22 455.92 0.11 9246.06533057661
-629.26 365.43 0.13 9042.5832711741
-658.96 464.18 0.08 9123.916715757161
-571.15 387.69 0.1 9413.422602706578
-541.65 342.67 0.08 9116.057196508418
-362.01 123.17 0.11 9074.407718957624
-217.35 94.84 0.1 9279.300116018258
-367.66 207.45 0.13 9490.518636285506
-820.04 281.74 0.11 9470.195816590034
-623.21 245.0 0.15 9507.486641556654
-464.54 334.85 0.06 8922.75414680445
-890.98 327.63 0.1 9366.218002960311
-756.74 467.01 0.11 9458.571207946328
-652.72 356.72 0.12 9410.953562654448
-714.31 460.41 0.17 9826.599243615357
-674.63 399.2 0.06 8784.569834747126
-116.74 60.2 0.16 9817.543899323075
-543.19 180.98 0.18 9180.78974229197
-731.67 429.4 0.13 9573.784339243604
-832.42 385.23 0.07 9004.28114100471
-659.92 173.51 0.12 5738.822719891256
-710.38 139.76 0.13 5782.404351428782
-654.01 133.0 0.09 5711.880314986545
-592.36 69.89 0.1 5699.245544711466
-903.7 90.1 0.14 5767.449379199332
-578.75 59.7 0.06 5674.1865089737385
-753.92 133.93 0.09 5678.966443929725
-826.4 259.49 0.07 5622.10271920686
-225.65 31.6 0.06 5645.754488379647
-190.19 28.12 0.06 5595.119707128037
-79.1 22.81 0.12 5738.625140316233
-139.0 30.91 0.14 6085.457389651005
-525.79 61.37 0.15 7846.667739999714
-925.84 95.1 0.09 5674.967791715559
-627.39 28.58 0.11 5720.544984793218
-925.28 60.35 0.13 5754.0069291056
-636.58 87.99 0.13 6442.276695000261
-733.16 162.82 0.11 5720.731415615062
-557.24 99.39 0.13 5784.971662396172
-546.74 99.87 0.07 5654.914650005286
-789.16 39.65 0.1 5704.073620026749
-924.44 271.71 0.14 5767.557802361
-937.73 147.08 0.05 5669.9499099381355
-426.76 7.03 0.11 5726.852879465047
-923.4 35.56 0.05 6205.514918611735
-237.23 60.3 0.1 5698.7076628924515
-651.22 140.71 0.06 5683.258327722257
-553.02 31.34 0.13 5753.817878685152
-744.47 81.43 0.1 5704.863507569746
-828.72 227.73 0.13 6232.7238410917
-838.56 245.06 0.08 5654.491314247841
-724.87 115.17 0.13 5754.030006561055
-722.89 195.25 0.09 5691.043013557573
-891.66 58.04 0.09 5676.284132037654
-947.09 64.38 0.14 5817.745072161533
-529.74 97.27 0.11 5720.151233660954
-874.56 185.61 0.09 5677.360035010339
-976.44 86.16 0.08 5696.546563993089
-867.24 121.14 0.09 5682.578399776849
-758.27 189.42 0.13 5754.7822440611435
-712.65 164.9 0.07 5625.717686710507
-876.27 37.2 0.15 -1672.2821676273861
-116.75 -28.74 0.11 7088.982182205509
-576.28 -96.36 0.1 6884.664697794549
-489.03 -60.85 0.07 6531.438089654441
-354.9 -54.81 0.07 6567.986412106208
-17.12 -2.12 0.12 7070.760693233694
-409.29 -81.09 0.12 7426.374271962463
-95.93 -3.94 0.12 7070.920965288315
-887.01 -178.91 0.06 6453.210438460757
-710.06 -144.86 0.09 6785.168674655788
-734.88 -3.7 0.07 6515.610782904629
-788.41 -33.11 0.05 6276.57720551942
-550.01 -63.44 0.14 7322.779212369276
-441.95 -23.77 0.06 6367.026915341448
-331.21 -95.07 0.08 6662.111029388025
-320.57 -86.13 0.08 6666.535759969747
-792.26 -152.28 0.16 7794.833390974532
-778.49 -119.34 0.09 6784.598034166592
-849.98 -210.46 0.06 6359.04771348718
-955.73 -271.15 0.09 6787.4604095911
-804.06 -14.33 0.1 6892.440897114979
-555.73 -98.2 0.07 6519.010454799874
-415.51 -82.92 0.09 6791.653024527712
-291.81 -89.76 0.13 7186.894078905338
-810.56 -87.28 0.08 6672.288260371994
-958.32 -281.56 0.12 7070.901363458736
-835.26 -179.74 0.08 6656.478827435658
-511.68 -91.92 0.1 6891.13648262216
-725.07 -182.57 0.09 6781.041072871938
-734.47 -84.9 0.1 6888.210630458503
-776.08 -71.97 0.12 7070.679616047513
-871.27 -228.14 0.06 6615.863962788118
-742.58 -135.0 0.06 6493.241491551819
-658.72 -76.1 0.09 6775.772212889598
-561.1 -134.91 0.12 7086.686584851383
-888.96 -150.07 0.12 7390.43294176844
-812.85 -96.25 0.06 6400.664331009941
-697.58 -61.69 0.15 7593.762621821743
-566.28 -17.32 0.07 6532.637277017861
-513.43 -44.2 0.14 7228.851003390722
-704.58 -429.56 0.12 8017.684131280876
-116.16 -53.1 0.15 7444.755918532708
-450.29 -309.18 0.05 9642.494140034487
-713.31 -428.07 0.16 7341.304387757293
-591.27 -225.28 0.14 7858.079429275453
-430.9 -149.87 0.1 8745.440919905688
-691.74 -361.52 0.06 9592.014856150545
-545.85 -185.12 0.06 9613.229971601073
-316.99 -133.62 0.14 8081.145448143763
-758.16 -310.89 0.1 8903.116723505898
-788.87 -378.54 0.07 9496.922454621217
-818.64 -570.95 0.09 9170.257340947013
-346.59 -143.75 0.14 8368.411162915349
-506.3 -304.45 0.05 9416.806876393208
-771.66 -315.81 0.07 9575.599870434788
-633.95 -288.2 0.08 9437.755609485914
-826.82 -320.12 0.05 9294.964640757396
-383.66 -196.26 0.07 9730.961866214016
-833.96 -524.98 0.08 9615.745859017683
-517.9 -190.21 0.14 8843.774719120662
-405.62 -285.74 0.05 9805.70010936182
-479.15 -286.51 0.09 9605.104739869053
-697.46 -434.14 0.08 9656.839077780736
-627.1 -211.85 0.06 9895.170593474497
-577.73 -239.68 0.07 9597.928127786441
-702.24 -326.69 0.16 8999.05531276859
-715.08 -264.81 0.08 9747.459992180724
-413.23 -208.28 0.1 9728.050463647069
-177.47 -88.94 0.1 9845.310485313414
-673.26 -304.95 0.09 9991.713292897117
-226.74 -85.15 0.14 9676.90022645782
-299.29 -128.95 0.09 9924.368373562016
-748.25 -351.18 0.08 9881.64064673647
-666.29 -312.68 0.11 10103.514058954988
-828.63 -527.23 0.12 10126.19424456418
-555.91 -204.27 0.11 9971.268886996146
-471.19 -267.15 0.1 10289.526109849461
-583.33 -231.21 0.08 10059.853388697285
-327.6 -337.6 0.13 4575.949740326443
-176.79 -219.44 0.09 4770.674851418351
-592.56 -796.17 0.12 4602.147526342742
-580.24 -685.43 0.17 7381.1512727663985
-453.99 -584.85 0.06 5353.073989829421
-534.45 -429.3 0.11 4549.5380235458215
-301.83 -232.92 0.1 4685.327886491215
-502.08 -396.69 0.12 4598.911207743291
-478.0 -372.79 0.08 4856.096465595823
-524.25 -661.54 0.08 4900.716902894575
-480.4 -532.36 0.13 5948.342173223372
-450.23 -450.1 0.15 4601.467139085502
-463.86 -480.1 0.07 4966.912094147589
-297.87 -370.97 0.05 5289.018080278797
-509.96 -698.01 0.12 4601.128503238459
-743.05 -599.77 0.06 4926.033343581779
-562.84 -754.14 0.09 4485.269666659977
-719.89 -691.67 0.16 4701.319733183582
-538.68 -614.48 0.06 5112.937411154872
-562.02 -606.8 0.13 4763.4060860369245
-96.36 -124.14 0.14 4585.351178797906
-439.59 -500.2 0.06 5092.838898712725
-299.22 -262.96 0.09 4015.714214189085
-273.13 -352.81 0.09 4765.288769847225
-558.23 -671.67 0.13 4589.334651873248
-334.52 -345.03 0.1 4698.759681976042
-574.85 -655.15 0.12 4777.800775692245
-198.92 -159.69 0.09 4777.4009379606405
-494.01 -639.11 0.09 4746.204619915493
-315.16 -420.68 0.09 4317.292333003026
-381.94 -496.74 0.1 4694.03893919864
-243.96 -182.57 0.14 4872.6507956019705
-500.48 -405.45 0.05 5070.783125167904
-621.0 -656.15 0.1 4692.15421619816
-590.97 -465.99 0.06 5165.314383857399
-456.58 -550.37 0.07 4974.709423667058
-253.46 -268.48 0.07 4859.690012876919
-405.75 -323.6 0.07 4869.113016746397
-287.42 -312.63 0.13 5073.658911256649
-577.71 -503.78 0.09 4759.762565042899
-504.89 -453.77 0.08 4816.929845928138
-622.24 -781.24 0.06 4923.433673284122
-529.44 -415.17 0.08 4807.259832191626
-548.97 -588.18 0.12 4601.682547050334
-460.67 -426.06 0.09 4317.296567552734
-444.84 -488.96 0.14 1970.7092496805208
-527.52 -518.86 0.14 2407.6069150438916
-663.29 -682.38 0.13 1728.0600111088543
-517.39 -837.44 0.13 7792.2503129682045
-185.14 -519.26 0.09 8756.631890481147
-84.55 -204.65 0.1 8575.911336439927
-208.52 -489.65 0.11 8405.690116655296
-316.49 -519.18 0.11 8462.872344352625
-350.63 -661.73 0.15 7718.8638558074945
-265.84 -499.28 0.08 9181.498942102942
-228.28 -555.12 0.09 9005.497048926827
-254.13 -638.89 0.12 8486.999374456871
-427.35 -788.98 0.11 8738.702749267793
-194.7 -529.85 0.06 9695.003194250728
-435.74 -838.07 0.06 9713.256402876217
-179.94 -402.82 0.09 9202.536836742183
-401.75 -768.73 0.08 9423.464825666348
-334.88 -900.03 0.09 9302.939791751447
-128.43 -309.28 0.09 9364.870256797043
-561.79 -795.01 0.14 8667.186388670802
-226.79 -597.81 0.12 9069.810084892633
-354.59 -844.32 0.14 8910.36657337343
-497.43 -723.68 0.1 9503.463383940798
-427.88 -682.0 0.06 10042.127561939735
-344.23 -604.39 0.1 9583.716306588009
-265.72 -669.44 0.07 9977.889555156224
-355.65 -522.69 0.09 9789.986142712134
-285.5 -608.42 0.07 10039.582748645276
-515.73 -756.39 0.08 9968.895092642924
-380.67 -846.13 0.08 10002.276723381809
-342.92 -578.72 0.07 10127.584267662922
-241.36 -475.79 0.05 10335.879812348241
-358.89 -665.58 0.06 10263.035205573562
-408.07 -745.56 0.06 10286.715802536623
-321.41 -790.78 0.1 9997.25352393727
-40.24 -658.03 0.06 9245.218846259215
-70.64 -854.61 0.07 9189.423346717258
-46.77 -707.02 0.09 8762.926868171066
-151.86 -929.13 0.08 9018.752570710134
-44.69 -704.52 0.13 7968.544125905513
-10.96 -473.96 0.05 9090.714622601374
-256.49 -889.95 0.05 9054.183814698983
-130.62 -793.38 0.1 8734.204936886792
-8.16 -740.21 0.16 7561.93090962631
-85.49 -894.17 0.07 9412.034915716762
-147.56 -565.72 0.07 9439.287494490556
-20.98 -965.77 0.12 8538.967096939297
-99.1 -557.45 0.15 8060.857654899688
-116.74 -837.94 0.13 8523.533602643427
-234.21 -814.88 0.12 8753.057690102602
-102.96 -555.43 0.09 9310.111435034261
-2.59 -866.3 0.06 9232.896628853709
-141.93 -473.71 0.1 9235.489995352122
-187.91 -704.37 0.07 9621.502844359566
-91.61 -443.84 0.05 9175.716529789024
-143.15 -922.17 0.06 9351.103061027636
-72.95 -684.94 0.08 9579.608486574389
-136.41 -703.29 0.05 9020.062793543984
-176.6 -544.0 0.14 8964.776188695152
-130.69 -494.48 0.14 9103.16698694801
-90.7 -358.54 0.07 9410.547493089085
-108.45 -751.62 0.09 9774.86649551507
-17.71 -842.61 0.07 9470.075526394468
-188.76 -717.89 0.06 9336.538443271798
-31.03 -183.38 0.12 9636.982168189506
-24.21 -389.36 0.11 9799.451000357425
-31.02 -187.85 0.08 9740.7424070689
-115.53 -725.62 0.07 9464.973881464626
-83.57 -387.91 0.06 9302.207207254627
-183.93 -843.02 0.15 9756.013450825192
-180.19 -922.18 0.17 9757.571670091318
-58.99 -655.69 0.15 9553.038365664584
-168.37 -520.74 0.12 9750.650784721167
-128.45 -855.81 0.12 9825.513562631546
-125.03 -635.05 0.13 9504.337838603795
120.26 -402.29 0.06 5562.094536026374
188.25 -727.9 0.08 5507.518369790402
120.81 -830.4 0.08 5515.441073438265
173.59 -918.83 0.06 5596.1642501959905
210.73 -868.6 0.14 5742.868617940725
171.13 -554.18 0.11 5635.51598337476
122.11 -787.65 0.13 5703.74775059125
214.38 -897.27 0.13 5703.650391237879
116.47 -758.51 0.07 5471.232845430499
105.51 -724.69 0.07 5529.066681202472
196.64 -822.59 0.09 5554.57900362064
201.05 -658.4 0.15 7344.42020187388
88.08 -847.49 0.24 6043.816209562535
266.94 -944.13 0.12 5670.280344979711
191.81 -718.49 0.08 5569.830308968246
150.7 -540.4 0.1 5601.290913178702
216.66 -903.94 0.08 5520.964650275397
33.72 -637.38 0.09 5557.854923772634
115.77 -435.33 0.09 5552.447827001573
79.93 -462.5 0.07 5529.738835707474
31.29 -603.83 0.11 5634.761484316959
132.83 -817.01 0.08 5511.439707456012
189.09 -920.43 0.12 5795.877510021949
6.78 -846.13 0.06 5709.759285154911
18.49 -255.13 0.09 5552.673377739533
78.5 -279.95 0.09 5556.563956756185
299.68 -937.47 0.12 5876.110820340119
34.26 -495.84 0.13 5703.84271573609
46.88 -856.09 0.11 5631.413019706714
88.94 -657.98 0.11 5635.4390087294305
29.25 -686.18 0.09 5554.567241052616
37.5 -782.58 0.1 5599.587296329959
45.42 -796.8 0.13 5738.605223617078
61.6 -971.11 0.11 5729.264449993321
98.14 -782.96 0.11 5633.2313101003765
15.54 -123.51 0.1 5595.104689302907
97.32 -451.67 0.13 6068.973095672787
174.53 -906.35 0.13 6129.207964265057
31.6 -490.34 0.09 5568.804312339418
3.04 -474.13 0.15 1753.2202367439754
305.81 -844.21 0.06 9245.758026584828
376.36 -699.43 0.06 9166.904964840794
262.99 -524.94 0.05 8640.942832841318
227.7 -393.53 0.06 9270.123235489444
487.98 -693.47 0.07 9358.537990009747
124.29 -191.41 0.05 8652.127775576464
373.13 -705.12 0.09 9061.709430395194
221.52 -567.05 0.05 8783.555069382144
213.29 -301.47 0.08 9350.128032845121
250.59 -482.99 0.09 9221.608122961963
226.66 -669.97 0.1 9101.788252645656
335.07 -569.7 0.08 9493.061182874339
174.24 -427.75 0.09 9385.989922525703
480.06 -724.93 0.08 9600.758210129765
71.44 -208.65 0.11 9224.825836122856
136.5 -381.87 0.11 9289.513396565637
138.77 -286.65 0.12 9219.08291624494
167.0 -319.82 0.11 9415.27012811019
306.71 -476.59 0.14 9136.585868212078
265.45 -587.5 0.08 9907.202409204983
182.19 -316.75 0.08 9968.43262479928
474.17 -731.41 0.1 9837.195866441629
214.36 -502.2 0.14 9547.790486397596
321.08 -508.88 0.11 9892.459876518911
108.24 -305.81 0.11 9974.245469805222
441.07 -637.2 0.11 10035.217704658608
278.86 -680.47 0.13 9989.246293466847
129.38 -164.2 0.11 7191.8661343078975
279.96 -268.3 0.08 6986.10821522809
732.96 -586.99 0.07 6989.994492025437
525.71 -629.62 0.07 7061.7419021055175
603.58 -641.24 0.1 7122.021801605201
555.99 -762.14 0.08 7089.751974456762
382.57 -289.6 0.13 7306.487852655198
378.58 -307.5 0.12 7244.837666096682
348.24 -261.34 0.15 7427.97727908639
403.92 -364.95 0.16 7482.355814122908
389.1 -382.51 0.1 7148.904224832711
552.97 -452.32 0.05 7354.559859811778
61.49 -47.87 0.05 6760.707155969009
248.3 -204.32 0.05 7130.133213645217
427.68 -312.95 0.14 7363.372770738522
594.45 -541.07 0.13 7307.49396387492
659.31 -548.28 0.12 7248.796361362668
611.83 -659.2 0.07 7135.0960814918235
497.48 -498.66 0.12 7246.339349207355
189.67 -213.69 0.05 7047.875762427371
561.43 -498.99 0.08 7080.905958225043
489.23 -664.89 0.1 7127.596828873535
551.94 -698.24 0.13 7307.797395407275
333.97 -434.76 0.1 7149.567605056968
510.26 -519.04 0.07 7004.081515591657
599.42 -466.75 0.14 7363.554528279527
679.53 -530.65 0.12 7252.38519065428
583.34 -466.07 0.16 7476.8928609297955
510.14 -433.74 0.08 7008.931375745282
498.31 -456.83 0.12 7251.324269689858
431.38 -322.92 0.12 7246.612412723956
699.95 -531.34 0.08 6988.579943001162
500.61 -607.75 0.09 6986.306257334678
300.23 -222.56 0.14 7364.2760341917665
395.76 -430.92 0.14 7365.184265112957
475.58 -402.44 0.17 2521.4653380431446
677.72 -685.98 0.19 3598.4159143781344
256.62 -332.12 0.18 2341.8169935970327
574.55 -475.69 0.18 2348.3108604107056
432.16 -170.9 0.12 6104.606524802659
568.33 -191.04 0.08 6074.438937350821
828.83 -537.65 0.14 6128.99319363209
437.41 -297.72 0.05 6707.443208976039
720.72 -463.43 0.06 6052.9257221140315
653.12 -440.49 0.07 6061.002972101323
732.31 -251.68 0.11 6089.664750527867
607.58 -342.33 0.08 6136.073421140742
734.61 -260.78 0.12 6099.129786820622
472.11 -256.28 0.13 6116.1161572700075
719.83 -348.19 0.16 6245.453382881689
677.8 -468.58 0.05 6043.420865986076
648.88 -272.02 0.07 6247.589706149736
291.01 -201.97 0.14 6129.129857602016
862.43 -350.66 0.07 6243.472217386534
762.18 -400.26 0.07 6038.024962900429
754.43 -413.07 0.15 6145.994222984552
655.85 -400.46 0.1 6083.1412742819375
561.33 -252.62 0.12 6103.9290201870435
886.08 -340.22 0.13 6109.915271012367
890.38 -335.94 0.08 6187.032528934618
686.71 -411.88 0.1 6113.461648224853
470.41 -210.43 0.08 6052.422950786304
303.51 -185.19 0.06 6447.860011246165
835.63 -300.55 0.15 6794.046180654937
746.23 -328.19 0.12 6103.221680931285
859.51 -369.69 0.13 6115.512216474632
814.79 -507.17 0.07 6048.298969653926
665.31 -388.99 0.13 6115.825318616894
719.73 -504.24 0.13 6115.930866873028
783.23 -493.11 0.15 6147.61295849007
799.16 -353.99 0.09 6107.930065326559
753.39 -495.23 0.06 6110.794263184139
859.16 -490.67 0.16 6238.452871389364
712.8 -495.24 0.12 6103.160230472605
761.79 -349.37 0.05 6051.110139388709
226.17 -93.38 0.09 6114.12681801793
151.03 -82.26 0.11 6096.405776935426
254.09 -120.75 0.08 6106.515716235464
557.93 -237.43 0.06 6016.626085111376
484.72 -233.04 0.07 6093.607713595026
849.06 -324.33 0.13 6116.202272124141
805.1 -496.49 0.12 6105.867357530951
367.14 -94.25 0.13 7487.384997536465
935.96 -121.73 0.06 7295.536342557323
804.48 -210.07 0.14 7622.30929410831
863.46 -14.21 0.08 7166.721880709472
675.24 -121.27 0.1 7328.175278035468
577.8 -17.99 0.15 7636.722856845228
662.07 -108.08 0.09 7301.652041126217
857.94 -202.54 0.13 7487.22300764231
952.59 -75.85 0.06 6962.225655125369
969.47 -125.41 0.14 7533.1075410218455
336.73 -65.26 0.11 7381.405823704684
771.43 -92.68 0.13 7485.916032059062
368.67 -14.33 0.12 7435.222625017904
683.41 -57.86 0.13 7486.269105142107
378.87 -68.91 0.1 7319.829855101823
415.62 -19.79 0.13 7487.439351501827
230.84 -10.34 0.05 6805.885621599495
468.6 -28.49 0.08 7155.590781415784
984.0 -60.82 0.14 7570.609788452706
837.08 -191.17 0.13 7487.565277495267
950.2 -262.48 0.13 7486.673304302776
787.98 -196.2 0.06 7227.416228809667
983.98 -78.73 0.07 7096.64188115573
827.87 -133.56 0.07 7103.010505436958
483.82 -113.86 0.06 7082.995638667804
674.57 -74.83 0.15 7720.740965409568
794.35 -234.32 0.07 7062.186374875625
809.97 -82.08 0.11 7383.481283219784
265.47 -59.99 0.12 7439.339508144146
728.51 -7.86 0.16 7620.332010368014
942.04 -44.83 0.08 7168.402683255751
799.3 -50.6 0.06 7044.166758530506
973.33 -173.07 0.06 6987.943939659135
620.89 -59.08 0.1 7335.155339953405
985.33 -155.98 0.11 7328.797488185307
752.61 -158.41 0.1 7309.890506059839
878.52 -195.75 0.1 7316.017272610839
455.28 -33.0 0.11 7390.624659749532
56.49 -3.41 0.07 7077.40517755805
