0.0 0.0
888.26 8.91 0.12 10261.3454794138
779.32 188.56 0.05 9540.982492006748
426.78 32.35 0.1 10139.31951669901
924.21 93.84 0.1 10145.518910077251
561.92 161.7 0.12 10271.29458974366
869.45 50.7 0.15 10374.61266958686
827.59 31.54 0.05 9571.08630621071
694.28 47.83 0.12 10255.609639095317
569.97 84.57 0.14 10340.228674177084
737.81 10.19 0.07 9905.183849146817
778.44 109.99 0.12 10255.25046560659
458.34 37.34 0.1 10138.05915100776
503.3 136.73 0.07 9991.712940636971
879.79 127.14 0.08 9990.088127462079
557.35 67.91 0.07 9832.89288532539
704.73 114.3 0.14 10341.439166149312
168.4 24.16 0.08 10113.517305112058
692.46 0.16 0.09 10109.409680092554
658.81 95.72 0.15 10375.661057622228
936.7 172.31 0.11 10203.755347569444
919.58 147.25 0.15 10374.153476104706
465.7 100.38 0.15 10379.06241139925
535.36 108.39 0.13 10316.307337517912
598.49 74.6 0.08 10005.398137370212
295.31 18.81 0.12 10267.010352508403
697.78 148.78 0.08 10091.016120816985
890.04 59.76 0.09 10068.543583700806
562.72 180.65 0.06 9954.361178684994
195.96 47.03 0.07 10008.149187504028
936.2 191.32 0.05 9909.444915749464
905.82 246.52 0.1 10183.849538781793
876.95 199.74 0.07 9894.079756640098
806.13 166.26 0.11 10226.634941706376
866.67 30.3 0.07 9918.193557538429
877.34 197.65 0.09 10131.366472568645
806.33 202.42 0.1 10166.345038470834
927.04 170.31 0.06 9646.960805639172
274.5 48.36 0.09 10143.90017242448
699.27 164.35 0.12 10258.475233056803
939.56 194.44 0.08 10031.693138611765
243.18 37.61 0.08 9951.745741527317
275.32 70.59 0.12 10256.59208320193
333.33 182.42 0.07 4181.800524712606
367.05 127.32 0.1 3929.994826483441
719.78 408.68 0.05 4532.2931946408335
693.44 331.97 0.13 3803.736616851206
709.54 511.07 0.14 3776.464117261065
838.98 452.55 0.06 4317.754114122407
290.39 193.37 0.09 4024.949651089004
448.47 153.76 0.12 3836.847064180252
83.68 53.15 0.11 3877.8825443600026
791.43 434.09 0.06 3875.503152614454
454.08 185.68 0.14 3776.422153706083
765.38 510.87 0.05 5190.593431212271
158.4 97.98 0.14 3776.4650976578346
416.89 239.21 0.06 4635.259349799579
522.49 228.95 0.06 4315.268187985242
261.62 168.58 0.08 4151.345421184499
779.71 403.07 0.08 4138.66597734827
752.75 285.88 0.13 3803.7043791898614
603.34 230.65 0.08 3952.147766837717
826.78 465.21 0.1 3929.3351116740173
447.32 229.5 0.07 4174.056000203845
761.23 370.52 0.07 4317.435876347567
177.34 100.28 0.14 3776.436521246988
347.51 182.65 0.15 3753.48873793403
798.81 382.9 0.13 3803.7245214081227
691.82 392.91 0.11 3881.383748891439
407.07 226.32 0.14 3776.499236142721
198.3 104.76 0.11 3881.482685160203
693.59 424.51 0.12 3837.3985195716805
396.58 230.25 0.13 3803.653510205342
123.79 56.55 0.07 4251.628947498277
445.99 232.17 0.09 4016.126980690744
594.35 354.58 0.09 4022.2126989481394
585.64 402.23 0.05 4469.268734097368
916.68 339.32 0.12 3836.9362560039704
467.94 332.05 0.11 3877.6128216596558
461.19 164.57 0.1 3928.945371651871
831.74 468.84 0.12 3836.6415255215506
494.03 288.97 0.08 4076.7703487287426
567.52 362.51 0.11 3877.372262196384
794.02 287.55 0.07 4174.096039989179
714.17 492.67 0.05 5089.987222560855
391.45 217.73 0.14 3776.4246284150695
644.9 414.54 0.08 4123.810878808621
381.26 215.27 0.1 3931.81585703966
716.91 494.89 0.08 4085.214084065016
148.37 74.26 0.06 4475.093412979403
632.3 217.95 0.09 3994.3875926910932
716.43 388.48 0.08 4141.656654807677
801.54 287.38 0.14 3776.4308445351703
817.63 543.69 0.08 2533.473645885939
657.45 643.54 0.15 3145.5385531986294
497.05 632.59 0.12 3194.065212010451
216.31 165.39 0.15 3145.5385436766715
525.14 467.68 0.14 3158.123348163547
719.8 611.26 0.11 3221.2069711885556
419.81 314.74 0.06 3940.3607141843777
388.61 309.71 0.13 3173.7599612172244
500.93 661.04 0.12 3193.9876517406656
570.49 512.52 0.14 3158.1223969178886
747.96 566.64 0.13 3173.7765281707048
737.17 671.97 0.1 3265.4584093941335
412.46 515.62 0.09 3505.7368410335666
330.63 448.02 0.06 3659.1664589849415
533.62 609.16 0.08 3450.5530711241718
484.72 476.67 0.13 3173.758652511141
291.8 388.4 0.12 3194.331991383053
289.71 275.46 0.11 3221.4374962051816
202.52 257.4 0.14 3158.1254957025512
516.37 483.96 0.14 3158.1221645515197
529.18 645.88 0.07 3632.757617393033
604.86 538.73 0.08 3379.7833059395007
138.27 119.48 0.07 3477.2464588118232
138.65 153.12 0.15 3145.5384279039577
381.51 288.55 0.13 3173.7591939438894
755.28 557.05 0.1 3264.4746258905357
139.69 120.63 0.12 3193.9502480337956
440.57 356.18 0.1 3259.5930091086448
265.91 253.98 0.14 3158.1226194529722
609.71 651.34 0.13 3173.760654060717
520.44 432.45 0.12 3193.9623109660806
577.47 436.52 0.1 3257.6060233068274
514.23 555.61 0.12 3193.974735986139
572.44 567.06 0.09 3313.3630901861957
538.63 647.34 0.09 3311.617275954624
415.69 333.93 0.07 3559.7712005068356
389.35 532.69 0.07 3479.5258330131956
263.61 220.49 0.06 3919.9203141694625
511.7 562.43 0.13 3173.801810529415
578.9 494.83 0.13 3173.7750939763146
349.64 393.84 0.09 3308.545968404027
461.54 475.06 0.12 3193.947004621061
670.84 710.71 0.1 3263.4715237969785
501.76 578.51 0.11 3221.054502090362
580.18 705.49 0.08 1722.9599793233135
541.36 414.93 0.07 2267.313194861289
446.91 468.85 0.11 790.7144055355388
510.86 614.48 0.12 -2135.8948901034137
385.6 630.5 0.12 6751.270985826406
28.51 60.48 0.11 6762.294458942293
342.7 886.13 0.13 6744.5201853979415
186.57 294.91 0.1 6769.344562995244
103.49 191.03 0.05 6826.519951384321
356.69 554.78 0.08 6782.400729311375
317.81 489.45 0.09 6789.047953192081
460.94 657.54 0.09 6781.416379688724
423.57 876.12 0.09 6786.664530692551
162.11 409.44 0.07 6954.556872093936
483.94 712.47 0.06 6942.658594161436
391.07 742.18 0.07 7005.16664824095
191.48 407.19 0.14 6734.189949103436
466.59 764.31 0.15 6726.300464441615
168.15 494.17 0.08 6805.938679392877
204.78 557.3 0.12 6753.544334051612
382.86 876.98 0.13 6743.682269439468
199.8 537.78 0.07 6964.181114372621
160.87 285.4 0.06 7001.3900427004155
313.9 885.5 0.07 6880.440647016039
519.4 793.78 0.1 6770.305953074954
468.93 852.14 0.12 6751.204366893668
417.78 742.59 0.08 6791.24364387657
293.29 701.89 0.1 6772.632660766467
337.0 888.69 0.09 6796.903474703684
247.77 506.78 0.13 6742.498024268649
474.73 786.47 0.1 6776.677188683143
270.75 672.06 0.1 6775.393255355986
281.2 740.37 0.15 6726.816562931552
270.87 695.5 0.1 6773.663281549188
332.76 648.97 0.07 6897.958531343558
66.4 116.03 0.12 6760.935561482108
443.81 755.18 0.11 6760.24852169097
492.46 865.26 0.1 6778.877932285706
334.9 723.92 0.14 6734.113902784499
318.71 706.45 0.14 6734.510935718184
283.45 484.15 0.11 6760.127084391728
483.52 734.45 0.05 6751.566060149765
312.74 460.38 0.06 6902.042636570708
318.36 835.26 0.09 6022.515137868857
484.75 800.03 0.05 6988.272778690998
116.02 277.82 0.14 6734.474962409818
419.27 701.97 0.1 6789.936461972864
131.49 251.78 0.09 6831.795439637485
188.15 466.87 0.13 6744.230295712256
59.13 901.64 0.13 2773.6219752298057
105.97 346.47 0.14 2757.2561749155075
28.5 456.65 0.07 2827.337510690374
46.25 800.53 0.11 2795.6181152997065
14.25 924.46 0.06 3247.619748697718
211.3 680.31 0.07 2807.6027730267324
104.81 633.73 0.07 3751.67628404106
222.92 847.13 0.13 2773.6216121915827
101.15 557.46 0.1 2801.6153331886035
61.43 708.8 0.05 3284.7253292610562
63.09 216.39 0.09 2804.587162149304
204.31 916.01 0.09 2804.647602350668
33.94 633.32 0.11 2795.618135473185
92.09 874.09 0.12 2786.350225477033
36.17 680.4 0.08 2804.179615320617
209.3 924.09 0.08 3623.81522129256
12.21 252.48 0.08 2805.115711243988
58.14 670.57 0.12 2786.3501952666916
29.48 909.91 0.05 2757.738897440894
28.86 915.41 0.06 2803.1586009948783
98.3 357.58 0.14 2757.2563423344927
167.48 976.29 0.06 2807.643233836923
108.82 581.72 0.14 2757.256375301132
14.38 636.33 0.12 2786.350197438049
172.1 767.02 0.12 2786.350197853153
131.95 569.44 0.14 2757.256797154838
37.03 624.82 0.08 -1148.8575876871969
9.5 608.43 0.1 2801.615383554902
1.79 847.08 0.12 2786.350205974888
211.99 938.06 0.15 2737.130293637235
153.7 856.53 0.13 2773.621611165349
20.56 773.08 0.14 2757.2562322822923
54.63 625.23 0.07 2816.93199110112
5.81 349.59 0.1 2801.6151971925306
92.92 423.94 0.09 2804.5177919575463
111.57 376.51 0.07 2796.180306999772
202.39 740.98 0.08 2818.805784638029
230.71 751.86 0.09 2804.8262824061226
56.03 377.0 0.05 2879.766401742885
163.53 522.15 0.08 2807.7346920027253
220.16 740.49 0.07 3010.3479563956357
0.52 313.21 0.09 2804.5672186929087
266.29 905.5 0.1 2801.6156280298287
23.08 644.83 0.14 -367.9725788653036
38.28 646.41 0.07 -615.9833165785801
-57.03 694.66 0.09 5922.315351306421
-4.89 567.07 0.14 5718.378387388537
-171.97 737.24 0.1 5847.544725849199
-119.44 450.05 0.07 6015.736892477473
-127.3 486.22 0.1 5867.97159469761
-65.53 386.24 0.15 5698.8098572375975
-54.31 979.04 0.15 5698.342339699686
-54.92 676.94 0.09 5878.968966715631
-122.5 775.56 0.12 5773.453487025443
-178.0 565.61 0.08 6036.7493889042935
-92.49 288.27 0.08 5946.218217001497
-14.31 56.74 0.09 5910.075861148036
-217.37 838.44 0.14 5718.277809071623
-199.06 659.19 0.14 5719.040424366696
-148.7 566.7 0.13 5740.998915098122
-231.74 933.38 0.11 5807.115801408192
-33.82 892.68 0.14 5718.669348810858
-36.7 440.28 0.13 5741.810434449702
-280.27 862.92 0.11 5800.815169392232
-56.07 758.12 0.08 5944.896348673681
-24.31 165.07 0.1 5866.771161900999
-127.97 555.82 0.15 5698.380114018559
-223.52 827.82 0.13 5742.029832198303
-107.4 536.77 0.05 6661.435774710126
-151.47 916.0 0.08 5921.4695107235375
-180.89 947.24 0.07 6221.576078860123
-13.7 728.53 0.15 5698.413474740897
-170.37 746.99 0.1 5841.553699632871
-75.69 781.01 0.1 5840.127167890675
-57.69 955.48 0.06 6346.425502074382
-71.65 429.38 0.07 6080.153604578461
-207.7 868.67 0.12 5771.221384252914
-212.44 809.89 0.07 5972.895754489042
-35.78 513.3 0.14 5718.122064021864
-270.8 843.2 0.08 5927.502092373792
-113.3 775.0 0.1 5861.430117341284
-109.25 843.96 0.06 6344.883673280458
-92.32 437.44 0.12 5767.918981940469
-20.65 624.12 0.15 5698.935474446247
-57.35 829.79 0.08 5950.594575030963
-125.3 925.88 0.14 5719.181440644414
-43.92 351.87 0.08 5962.682051398953
-54.97 786.03 0.15 5698.360854326407
-59.71 733.78 0.1 5836.993020521205
-167.99 499.86 0.11 2697.021391482418
-265.05 581.18 0.12 2678.4029086851065
-243.07 450.72 0.15 2641.913333134554
-149.17 218.45 0.08 2815.836252940334
-37.03 89.98 0.13 2664.103929561475
-127.83 362.91 0.05 3212.8245853896688
-339.0 786.72 0.11 2696.816344397296
-346.53 557.35 0.15 2641.9132588682305
-338.54 546.89 0.11 2696.924503547984
-298.45 527.41 0.11 2696.819159530032
-348.35 692.97 0.07 2620.630962919521
-394.17 859.86 0.1 2722.114251107532
-207.02 375.22 0.14 2652.2661308426477
-139.82 354.5 0.13 2664.1042600324336
-289.27 716.65 0.07 2625.3407167666383
-256.97 777.63 0.13 2664.1037073872126
-295.47 806.54 0.14 2652.2662877976895
-412.93 714.46 0.15 2641.9133345859073
-441.76 638.03 0.1 2722.234750100285
-125.6 357.52 0.11 2696.816896744719
-480.54 771.17 0.14 2652.2661753891744
-164.17 330.94 0.08 2826.4946787399494
-437.23 798.4 0.11 2696.8537440206505
-264.46 784.1 0.06 3111.390406075644
-101.07 146.53 0.08 2831.5689443004485
-76.17 167.88 0.14 2652.2661113917575
-315.34 492.21 0.07 2977.582898049001
-499.4 864.98 0.11 2697.0445845624868
-500.93 806.1 0.11 2696.8184269409517
-539.16 830.9 0.13 2664.1040097730943
-318.67 698.34 0.08 2838.931396075428
-479.33 726.76 0.09 2758.9451487408087
-263.59 396.82 0.13 2664.104058646186
-339.32 747.87 0.11 2697.009888739048
-253.07 652.99 0.09 2761.4178298879233
-166.33 323.98 0.1 2724.4115117214587
-327.41 853.24 0.08 2831.4876862287406
-393.69 617.85 0.11 2696.9034668766694
-406.39 697.32 0.05 3434.63294238426
-429.23 608.52 0.11 2696.8277680050414
-300.2 689.24 0.09 2759.111019763417
-341.3 556.15 0.06 3193.3325222041894
-226.31 357.11 0.1 2722.11095095085
-179.5 460.85 0.08 2823.270576866635
-288.46 478.68 0.07 3027.322667680905
-230.94 675.3 0.08 2843.0503401323404
-161.65 382.28 0.14 -537.0707570401123
-132.87 298.27 0.07 1475.2554665709195
-221.8 632.0 0.06 1900.774963801259
-264.19 552.11 0.09 -1077.071032221144
-260.61 252.17 0.1 3010.849427379161
-564.32 621.97 0.08 3115.410431850286
-695.74 559.0 0.12 2957.683803141254
-682.97 601.65 0.06 3548.692430900408
-159.76 191.83 0.15 2931.3925195926086
-140.36 153.88 0.06 3543.166856657056
-341.98 308.69 0.14 2936.1889746439115
-569.55 539.8 0.14 2936.188314602341
-484.01 477.83 0.14 2936.1888852060483
-168.1 128.75 0.15 2931.392519707626
-484.99 472.55 0.14 2936.189075989275
-595.04 448.11 0.07 3295.5646892578206
-650.01 488.01 0.06 3346.200519732234
-606.09 560.96 0.15 2931.39250962396
-594.82 433.6 0.12 2957.6484412294826
-180.05 168.96 0.11 2977.2133147493205
-245.51 304.89 0.09 3095.4140016596
-625.56 528.85 0.1 3006.2521885592287
-407.61 391.0 0.08 2999.615328233294
-549.16 579.87 0.15 2931.392519974854
-538.62 397.15 0.11 2977.231834178261
-562.36 482.28 0.13 2944.591064668998
-173.13 193.29 0.06 3626.7547547853383
-510.69 419.97 0.11 2977.752786540637
-93.76 101.61 0.14 2936.1889430963342
-583.49 599.26 0.12 2957.759676506151
-466.72 348.14 0.08 3173.888142588431
-417.82 403.66 0.1 3008.3270260072172
-618.09 585.92 0.06 3413.909555558486
-476.86 540.91 0.15 2931.3925200307726
-593.43 684.68 0.13 2944.593521861688
-703.0 581.78 0.09 3049.111400864132
-585.13 528.47 0.12 2957.7482401833336
-553.1 448.31 0.12 2957.685516560322
-626.34 467.78 0.1 3006.7951270272865
-605.44 620.51 0.1 2996.997686865772
-460.43 542.37 0.08 3133.901068354013
-81.75 79.19 0.07 3157.2616300766604
-271.96 238.83 0.08 3123.400700268482
-212.75 252.58 0.07 3215.024914231277
-536.47 648.71 0.06 3345.4826983317353
-247.42 196.47 0.11 2977.2694105958567
-481.96 394.8 0.06 3429.646243380671
-724.03 629.48 0.08 3117.178437067628
-590.66 777.75 0.1 3007.6392842445302
-560.67 752.75 0.06 3354.186815244748
-445.01 537.57 0.05 2648.783266243721
-372.28 441.56 0.14 -315.0655139032283
-360.95 282.01 0.07 1898.8655676739909
-326.12 274.22 0.09 -722.6594277060544
-442.06 294.15 0.1 5557.206362453204
-461.25 275.17 0.1 5559.679386168401
-33.84 19.84 0.08 5652.367827909604
-685.02 485.36 0.06 5836.760553363166
-655.52 289.77 0.05 5832.871147441878
-380.51 202.57 0.1 5558.791671716823
-583.72 423.89 0.08 5657.095049582603
-588.68 298.82 0.12 5490.076679976424
-643.56 415.34 0.14 5435.510196870437
-316.56 214.13 0.1 5577.085556385624
-689.77 251.12 0.14 5434.9626290728465
-606.27 373.55 0.15 5414.271276673911
-320.71 104.37 0.1 5572.392721620792
-709.37 384.4 0.14 5434.536634094606
-263.07 122.24 0.11 5518.507461564881
-845.57 403.49 0.07 5747.01696931548
-785.04 317.69 0.09 5623.570491359448
-481.87 162.85 0.1 5589.55308540006
-415.27 262.65 0.07 5807.313642137216
-765.06 546.93 0.1 5561.316197257187
-268.1 137.08 0.1 5574.6405127433645
-517.6 172.65 0.11 5525.420744173232
-424.06 160.37 0.05 6483.601562295478
-806.15 337.63 0.07 5706.411131996038
-513.85 194.61 0.12 5488.168527794738
-593.68 288.55 0.08 5692.260709895437
-772.99 477.43 0.12 5489.25444154899
-789.06 279.64 0.09 5615.44708626055
-257.69 180.31 0.14 5434.769681940704
-600.0 356.14 0.07 5711.872457617849
-293.94 137.4 0.06 6000.050517495902
-414.24 286.05 0.07 5785.56765934082
-748.5 273.03 0.14 5434.630689770613
-733.48 342.13 0.12 5486.505703482744
-677.01 464.38 0.11 5524.443315785077
-469.44 252.58 0.09 5668.918181277055
-606.58 331.23 0.11 5519.33566906309
-684.34 409.59 0.15 5414.149960177205
-525.74 211.77 0.1 5560.623638854491
-375.54 135.46 0.12 5487.742126978032
-719.39 444.4 0.12 5491.83783171082
-879.61 354.77 0.11 5532.232512576982
-95.8 54.51 0.14 5435.3141193896645
-182.39 69.62 0.12 5487.705810813379
-299.13 169.71 0.08 5747.6702849084895
-526.85 206.97 0.12 5490.806536150828
-552.2 163.22 0.15 3013.1782704693182
-777.45 45.81 0.06 3283.885481298924
-404.04 98.09 0.09 3022.5573937365066
-576.44 98.71 0.07 3742.5537753433964
-903.08 113.14 0.14 3015.264539820971
-645.78 146.14 0.09 6105.48041331621
-507.88 137.8 0.14 3015.264540512055
-570.89 118.04 0.08 3026.859778298589
-634.18 138.29 0.15 3013.1782273710296
-746.3 133.83 0.12 3018.664137766041
-914.67 5.1 0.07 3101.596922952563
-494.56 18.03 0.15 3013.178100392247
-104.87 31.44 0.12 3018.6641389261154
-144.74 0.33 0.13 3017.2443184882823
-656.13 209.31 0.08 3041.2892758253
-349.24 92.23 0.13 3017.244275058319
-964.41 193.06 0.15 3013.17809643742
-878.72 236.38 0.12 3018.6641352229717
-858.06 52.02 0.1 3019.434056779038
-594.75 130.22 0.11 3019.2957128306775
-475.67 72.56 0.11 3019.2927527660245
-148.35 30.7 0.07 3025.9953531244973
-588.25 74.78 0.09 3020.8794193095887
-943.86 292.21 0.12 3018.6641332498516
-905.12 254.52 0.12 3018.664138348834
-959.23 225.79 0.06 2756.8812574482336
-783.78 71.41 0.08 3040.35805356567
-724.15 48.8 0.13 3017.2442901501613
-843.36 19.11 0.11 3019.293776257715
-758.61 110.99 0.07 3073.602170548078
-433.35 79.6 0.08 3327.99705235906
-449.89 72.05 0.09 3021.2202099610513
-472.96 46.65 0.08 3032.9754379399064
-942.3 13.57 0.09 3021.512017299184
-241.17 44.38 0.05 3342.838493724239
-820.39 139.46 0.07 3062.0033171252517
-759.54 189.71 0.1 3019.593012334774
-538.33 71.71 0.06 3140.361491399775
-827.89 166.14 0.11 3019.2947943141603
-780.44 230.69 0.11 3019.3127598147817
-943.73 290.94 0.06 3184.2391267274506
-899.26 52.48 0.15 -560.0465704511475
-360.21 21.21 0.09 865.9199054782589
-790.57 226.28 0.06 1741.1859148292149
-308.58 18.54 0.07 1507.9887308522239
-498.5 -112.43 0.12 3154.398405685383
-651.55 -100.84 0.06 3753.287726917792
-768.16 -110.93 0.06 3592.293761781189
-355.3 -101.91 0.14 3115.66117106462
-646.47 -33.6 0.09 3286.5716880885166
-68.46 -6.82 0.09 3289.6839232078605
-606.53 -37.32 0.09 3282.84921481776
-704.58 -196.73 0.09 3292.7386538953183
-708.24 -142.31 0.09 3276.5127828531367
-724.38 -55.83 0.13 3132.480577867399
-939.88 -83.89 0.09 3277.798001874933
-863.81 -50.12 0.08 3382.9814896140497
-415.13 -97.06 0.1 3222.5739084988204
-612.75 -139.68 0.09 3283.7279652659836
-910.97 -157.09 0.07 3528.185160322965
-715.78 -160.16 0.11 3184.114715000987
-627.29 -184.03 0.08 3383.495775225967
-518.95 -72.2 0.13 3132.4813544537483
-987.96 -20.15 0.15 3102.520294522777
-859.98 -235.58 0.11 3183.3876613694374
-825.07 -224.29 0.13 3132.4571031996284
-791.68 -98.9 0.14 3115.6622641641275
-612.92 -134.35 0.13 3132.4684889577075
-566.33 -139.5 0.13 3132.4997286386993
-733.89 -13.16 0.12 3154.278534829698
-192.01 -57.99 0.07 3463.004129743172
-674.62 -48.31 0.14 3115.6595160633506
-964.43 -192.31 0.13 3132.459931264753
-938.5 -225.01 0.05 3914.990693612806
-450.54 -12.37 0.14 3115.659350414647
-400.54 -6.46 0.13 3132.51299688173
-771.62 -29.58 0.13 3132.5053815876586
-312.17 -93.46 0.13 3132.4924828731346
-587.56 -130.37 0.12 3154.495604547348
-944.44 -75.25 0.14 3115.660052524133
-841.69 -142.57 0.07 3459.4815764247815
-607.88 -185.75 0.13 3132.4980401337425
-890.01 -208.11 0.06 3821.9134028216795
-729.97 -37.31 0.06 3899.3504969773476
-956.94 -212.2 0.09 3285.893758480609
-514.56 -103.61 0.13 3132.5033502090105
-938.84 -290.19 0.13 3132.46348217045
-809.25 -55.29 0.11 3183.4113893842123
-633.85 -154.55 0.06 3648.7248028307267
-298.72 -62.48 0.09 3276.887103197211
-715.63 -145.74 0.06 3593.2125015360807
-848.53 -25.22 0.07 3495.2581275091716
-574.82 -155.48 0.05 3009.0944108945496
-558.82 -59.89 0.1 1061.1773703790964
-617.83 -285.55 0.06 3308.1664173788704
-816.72 -346.26 0.06 3279.250501287457
-236.85 -95.05 0.13 3515.4529207141195
-135.27 -92.14 0.11 3454.1684933185215
-890.35 -402.84 0.09 3377.4407560847417
-555.16 -222.82 0.13 3515.451253801543
-542.8 -204.1 0.05 3225.921263266247
-724.64 -463.6 0.14 3541.521320270766
-544.19 -181.08 0.1 3418.0087182828556
-800.0 -416.48 0.06 3324.4520415549014
-873.48 -468.38 0.11 3454.1684915936216
-520.73 -275.29 0.06 3197.593491118303
-391.22 -157.21 0.15 3565.5093208904154
-164.74 -113.35 0.12 3486.4977022391276
-810.45 -570.24 0.06 3236.876368086446
-936.91 -325.91 0.13 3515.4516316236422
-694.36 -427.7 0.14 3541.521164192269
-406.45 -209.52 0.15 3565.5093251718604
-153.12 -62.43 0.13 3515.4525709534582
-208.7 -144.09 0.09 3377.4802201208036
-528.1 -288.04 0.08 3332.976646277696
-808.71 -547.55 0.08 3332.2176053421226
-769.35 -284.57 0.13 3515.4532649344906
-856.64 -464.75 0.1 3418.0092904493854
-743.54 -267.48 0.13 3515.4526347777405
-752.32 -492.57 0.1 3418.008656787376
-775.23 -489.08 0.11 3454.168492862656
-477.83 -291.35 0.14 3541.5233329147054
-825.27 -420.65 0.12 3486.497655642674
-463.86 -306.45 0.13 3515.4526318930893
-848.94 -520.24 0.1 3418.0094490645492
-481.71 -325.79 0.07 3288.067654824794
-451.25 -164.18 0.09 3377.4642870754883
-808.39 -340.3 0.11 3454.1684925987893
-793.29 -512.78 0.07 3293.0600896656024
-747.35 -299.83 0.09 3377.4981739941277
-741.04 -517.81 0.08 3332.197970124238
-771.16 -326.86 0.06 3359.541463791246
-501.01 -274.65 0.1 658.1069282688613
-686.54 -548.52 0.12 2997.4577669567234
-370.01 -327.69 0.12 2997.4575486940694
-464.83 -570.26 0.1 2953.3057314301323
-516.56 -660.38 0.14 3023.2428498902013
-678.89 -567.07 0.09 2931.9901736749607
-479.2 -567.47 0.12 2997.4536495018137
-529.63 -652.11 0.1 2953.305782660333
-573.64 -432.32 0.11 2977.9121266007996
-590.14 -631.33 0.1 2953.306757409101
-289.84 -239.98 0.13 3012.195958948591
-205.27 -151.68 0.06 3690.505214252953
-623.46 -495.72 0.07 2879.553184445286
-544.35 -554.63 0.06 3032.393818858858
-705.32 -550.91 0.07 2901.097690619688
-708.18 -606.12 0.05 3120.491632696964
-756.76 -602.61 0.12 2997.451797795481
-638.37 -633.8 0.11 2977.913363934922
-637.4 -726.92 0.15 3032.4131222187134
-131.49 -149.59 0.12 2997.4548844067926
-322.68 -309.48 0.14 3023.245247025229
-447.09 -404.32 0.05 3073.382390226604
-500.99 -549.5 0.12 2997.4544960685603
-697.2 -600.14 0.1 2953.3058816388666
-247.56 -300.63 0.09 2925.1551554477232
-428.54 -356.36 0.05 2994.996588406537
-241.47 -228.49 0.11 2977.914523727967
-376.81 -443.8 0.11 2977.9259326209367
-637.98 -759.51 0.07 2885.4586279954256
-616.27 -617.65 0.11 2977.9143374891737
-373.0 -488.91 0.13 3012.1957093340607
-217.75 -200.36 0.05 2978.6217957455633
-343.11 -436.83 0.07 2850.5572715522044
-219.82 -260.89 0.07 2886.1610237568643
-450.65 -558.91 0.05 2586.6322484346492
-743.55 -581.55 0.11 2977.913820386697
-135.3 -109.45 0.14 -567.0822625433284
-465.6 -435.5 0.09 2925.0684240850587
-140.56 -140.05 0.06 2735.968226025644
-578.06 -603.74 0.1 2953.3061156820113
-330.95 -328.86 0.05 3021.508018367216
-512.95 -424.67 0.09 2924.9553527838702
-518.96 -614.19 0.07 931.7963451320043
-420.17 -390.59 0.05 1892.3033125043448
-198.43 -361.43 0.1 3531.914211249671
-572.98 -789.21 0.08 3795.000311250871
-173.07 -341.89 0.15 3325.7994348172188
-244.17 -637.93 0.09 3604.4408786654362
-233.8 -683.72 0.08 3723.539547344758
-419.65 -699.15 0.12 3420.060061107156
-546.07 -829.33 0.14 3350.3611573333933
-245.42 -588.89 0.09 3638.976624867961
-415.77 -781.73 0.06 4055.1668642784593
-354.74 -625.71 0.13 3380.830161872975
-319.94 -933.81 0.1 3527.2572511490657
-418.97 -620.67 0.08 3691.593195100585
-343.39 -670.04 0.09 3629.0100597250375
-259.93 -360.98 0.11 3469.086465439084
-475.9 -687.27 0.15 3325.791608367773
-259.11 -709.42 0.05 4640.112890767408
-215.65 -310.09 0.08 3733.517859947446
-375.38 -561.96 0.13 3380.8110897558613
-271.12 -473.64 0.14 3350.314863668759
-109.06 -159.69 0.08 3756.9688558458893
-345.8 -826.69 0.12 3419.847435542793
-541.27 -769.37 0.05 4535.989598828033
-360.4 -902.21 0.07 4035.980080772959
-516.84 -774.31 0.13 3381.0419808054667
-337.97 -767.09 0.09 3611.443726841986
-406.34 -850.26 0.11 3469.1558959546346
-245.16 -625.05 0.1 3540.9524168695507
-212.67 -560.65 0.13 3380.858294133101
-119.45 -301.42 0.06 4031.9260626759497
-311.97 -627.97 0.13 3381.105749156631
-410.58 -612.96 0.13 3381.172500985406
-106.74 -204.09 0.1 3538.655260650502
-133.25 -226.27 0.09 3613.495592725746
-118.92 -271.18 0.09 3615.192017500376
-410.2 -634.49 0.13 3380.8154705317556
-329.6 -471.09 0.08 3702.2954436264436
-148.35 -392.94 0.13 3380.953313495873
-170.62 -461.3 0.13 3380.8100050282196
-95.86 -189.71 0.08 3754.191674965451
-212.8 -523.09 0.11 3466.6883255706935
-135.74 -397.83 0.1 3528.9441064004227
-301.44 -666.25 0.13 3381.0969956660274
-236.97 -422.59 0.07 3824.8136106583306
-420.14 -854.81 0.1 3534.354759760879
-326.78 -594.71 0.1 3532.290516240841
-289.38 -490.01 0.13 3380.82556185127
-378.31 -810.14 0.09 3645.7591807334406
-151.24 -336.38 0.13 3380.827031549585
-136.94 -241.76 0.11 3467.8504334574627
-3.93 -283.95 0.13 3399.639204276604
-145.92 -513.54 0.13 3399.6389695138846
-186.34 -964.98 0.13 3399.638050608074
-53.71 -778.75 0.1 3253.5901836598546
-100.64 -756.91 0.14 3444.3590835097557
-21.62 -205.56 0.08 3143.8096805567748
-22.63 -368.26 0.15 3488.4890402380815
-59.22 -377.97 0.14 3444.359439892625
-117.88 -520.98 0.08 3143.862942710104
-117.37 -531.51 0.13 3399.6391686361594
-88.87 -427.84 0.1 3253.6040594740903
-46.71 -615.71 0.11 3304.7844907409135
-79.69 -317.63 0.12 3353.3315739672835
-168.78 -719.71 0.12 3353.331574268043
-193.72 -633.93 0.06 3504.2331904905877
-69.38 -355.79 0.06 3317.627512853353
-23.57 -329.41 0.07 3083.2355368630856
-78.49 -462.85 0.06 3145.659984592775
-94.58 -732.52 0.13 3399.639135007328
-70.46 -496.18 0.11 3304.7844244745725
-123.21 -935.72 0.05 3355.1711758472934
-154.53 -835.42 0.06 3059.898793588453
-130.41 -907.03 0.07 3082.527359683252
-110.33 -492.37 0.1 3253.6020693130986
-123.64 -433.73 0.07 3090.0615438940636
-57.7 -851.77 0.06 3028.0801049041465
-23.43 -919.69 0.1 3253.60228500362
-94.78 -584.42 0.1 3253.603927061161
-56.63 -676.61 0.09 3199.705156751791
-11.99 -873.43 0.1 3253.603836884974
-49.47 -393.3 0.08 3923.0094710923004
-167.63 -720.27 0.1 3253.603929847935
-292.32 -921.32 0.05 3471.635451303825
-10.88 -149.18 0.09 3199.6974413231287
-102.79 -986.63 0.08 3144.5785547886417
-138.83 -470.25 0.05 3200.9563383647087
-48.14 -285.12 0.05 3159.0468417410702
-47.59 -190.75 0.06 3040.274999880719
-110.11 -349.3 0.08 3399.382193336135
-23.86 -543.03 0.08 777.5173164260812
-38.15 -925.12 0.08 777.0779235769621
-97.6 -484.69 0.07 1068.3366180716976
-218.28 -808.7 0.07 1024.7083655211418
-1.5 -342.4 0.06 1312.4247512967288
91.11 -653.72 0.11 5401.912165188448
77.09 -777.94 0.09 5496.695879803228
233.87 -816.75 0.13 5350.770829362042
20.15 -863.08 0.12 5373.311871602262
148.59 -610.23 0.06 5688.998328203885
58.34 -653.18 0.06 5829.124404478107
69.87 -749.54 0.13 5350.276958069751
42.18 -651.1 0.14 5331.0529780724555
59.01 -454.86 0.11 5403.579485159355
130.47 -570.8 0.14 5331.723113547623
127.75 -593.13 0.15 5315.133940117576
86.5 -760.0 0.08 5529.624691003836
7.98 -236.26 0.11 5401.1907135460915
64.01 -700.44 0.09 5513.429906984785
80.54 -856.51 0.09 5482.10223332826
149.73 -813.41 0.14 5331.333237627901
89.3 -471.17 0.08 5599.746645396391
105.41 -326.31 0.05 5718.054566347904
83.22 -293.63 0.14 5331.068549065056
131.75 -827.81 0.07 5613.786773101294
242.15 -931.44 0.14 5331.230817121954
32.0 -297.48 0.13 5351.659008405835
16.11 -450.22 0.1 5432.70081510198
186.18 -843.5 0.07 5605.135073164442
130.75 -940.05 0.07 5718.008792550214
43.79 -760.66 0.1 5434.7957751360045
147.01 -500.66 0.09 5475.133171169331
161.02 -555.63 0.1 5434.206656181133
132.46 -790.1 0.09 5474.842269204374
164.66 -644.05 0.14 5331.280167009087
104.92 -754.59 0.12 5373.494832910179
135.75 -973.67 0.06 5796.181779769529
260.42 -871.38 0.12 5375.602317614006
11.33 -153.32 0.1 5432.733700940698
51.82 -205.12 0.05 5824.401044078964
38.78 -191.79 0.12 5372.8012381389035
25.08 -310.28 0.12 5372.85173326083
38.19 -695.51 0.06 5666.095052784515
99.88 -344.14 0.05 5824.710218388134
95.14 -319.65 0.08 5523.056072968194
195.93 -616.62 0.14 5331.392781113018
87.61 -972.78 0.06 5788.143429244386
54.34 -973.69 0.06 5796.211855665469
26.21 -256.97 0.07 5670.966572957845
95.98 -905.46 0.09 5498.743480989787
53.88 -854.42 0.05 6235.642619465631
101.62 -839.78 0.08 5540.611634503302
65.09 -564.85 0.07 5689.327488673169
239.81 -744.97 0.07 5725.428560485535
400.65 -881.73 0.09 13947.65673797911
173.68 -394.7 0.11 14391.909091639867
474.41 -749.2 0.06 13054.598815339825
280.43 -501.64 0.14 14865.292113886571
307.96 -703.78 0.12 14570.826609183468
145.24 -279.33 0.11 14388.562673227356
140.27 -256.39 0.07 13438.03494552207
386.41 -572.26 0.07 13449.813358928408
246.38 -605.25 0.08 13795.960110237029
282.71 -752.44 0.12 14571.27790189824
192.26 -584.9 0.06 12938.501465035071
146.99 -414.48 0.1 14186.930741597203
233.83 -681.75 0.08 13684.458000596938
516.79 -777.04 0.13 14740.910728967443
137.96 -412.47 0.07 13503.667347852701
244.16 -377.7 0.07 13459.503797232956
94.46 -273.73 0.13 14740.250775534896
244.31 -596.91 0.1 14187.171456004255
333.22 -767.97 0.05 12434.251939973332
312.48 -760.73 0.06 12936.988564662857
464.78 -724.31 0.13 14722.44447955216
456.41 -632.79 0.13 14743.724796487279
480.9 -861.19 0.14 14864.887491276604
317.43 -557.85 0.1 14228.91066174534
499.47 -774.57 0.09 13943.484554137256
374.43 -682.23 0.07 13470.040616605938
504.31 -805.42 0.13 14719.365817650138
154.97 -422.83 0.13 14731.425655913155
307.9 -750.86 0.09 13947.16037480983
277.16 -719.8 0.1 14209.361834372226
258.68 -479.49 0.11 14389.511308116555
258.75 -502.54 0.12 14566.229674760223
509.1 -755.51 0.11 14396.103188031098
342.47 -870.74 0.05 12668.989020597137
252.52 -445.76 0.06 12939.285380957077
297.83 -793.93 0.15 14981.229419182504
51.25 -102.39 0.09 13944.617341165815
310.77 -263.38 0.14 6844.680158845535
455.68 -582.15 0.08 6914.727865023785
151.48 -205.23 0.11 6882.173255913308
558.52 -421.75 0.11 6870.527751178543
440.28 -418.86 0.09 6906.008738749255
407.0 -359.81 0.12 6862.5355029733
367.04 -381.88 0.06 6907.691489736638
416.15 -477.51 0.12 6862.920616024674
609.37 -549.73 0.1 6905.509834352285
325.63 -240.23 0.1 6883.908132016517
429.16 -583.47 0.14 6844.681464116268
606.69 -519.47 0.13 6851.705793400616
481.61 -662.44 0.13 6853.840125941724
373.79 -362.13 0.08 6902.59328874077
488.07 -590.14 0.06 7078.154214394719
511.02 -374.46 0.12 6860.635904473341
628.47 -726.59 0.11 6873.304281324957
295.3 -260.05 0.06 6873.214779853779
427.01 -315.66 0.07 6918.426336343262
579.04 -506.4 0.07 6967.990828697833
617.7 -562.4 0.11 6869.712228653076
526.82 -399.05 0.1 6888.749317074778
552.73 -533.13 0.1 6884.126192025038
307.63 -421.38 0.06 7092.29850395854
163.46 -216.99 0.08 6970.443109423792
653.63 -549.38 0.13 6851.511608515093
312.55 -262.64 0.05 7258.2805728154235
576.74 -524.31 0.11 6867.289928896164
694.6 -578.72 0.05 7274.938905992677
650.12 -557.8 0.11 6870.390219686267
695.47 -564.3 0.08 6896.117473492786
308.36 -358.82 0.09 6885.372482764061
177.24 -170.79 0.09 6904.137170255493
482.03 -605.93 0.06 7275.125518232362
521.69 -422.26 0.09 6903.138614377052
316.91 -432.03 0.06 7286.811008808947
604.39 -618.68 0.07 6914.471369813915
597.64 -781.62 0.12 6862.268429183103
533.4 -578.4 0.11 6871.167083473679
434.37 -587.34 0.14 6844.676464356182
674.06 -512.84 0.09 6891.146939227057
646.68 -539.7 0.09 6944.460176533913
410.52 -410.07 0.06 6873.515070136339
458.7 -520.02 0.11 6873.77502038504
687.05 -516.86 0.09 6881.887066596086
265.96 -352.05 0.07 6935.170206918017
486.32 -652.3 0.05 6837.446631809777
447.6 -611.03 0.12 6867.755272994752
130.25 -48.68 0.14 4038.267315936629
500.11 -234.33 0.09 3844.010936142453
621.89 -285.48 0.06 3635.877188755806
672.22 -231.64 0.11 3937.761641744875
77.27 -42.77 0.05 3596.959388179843
449.94 -281.77 0.09 3844.0110355018082
851.03 -402.98 0.11 3937.761645816192
553.73 -201.08 0.1 3894.2806153915963
624.81 -416.97 0.1 3894.2806134600514
621.89 -395.23 0.07 3716.614804353243
148.87 -91.35 0.08 3785.296191144891
383.97 -174.52 0.08 3785.2965622132224
867.7 -310.32 0.07 3716.040618371603
375.73 -228.6 0.13 4008.9343929789457
582.64 -402.51 0.06 3640.257453002484
866.95 -329.26 0.11 3937.7616433215467
79.08 -41.91 0.11 3937.7616438055957
312.43 -102.26 0.13 4008.9342829543607
171.57 -123.3 0.11 3937.76164180509
584.01 -296.78 0.15 4064.359899946068
632.08 -379.23 0.06 3631.83931008567
425.3 -245.69 0.06 3682.34803206997
695.67 -293.17 0.1 3894.280612237236
877.11 -301.46 0.11 3937.7613774489923
592.77 -338.93 0.09 3844.0110086429395
347.5 -193.8 0.11 3937.7616424792695
224.12 -125.88 0.08 3785.4302405396584
773.51 -341.12 0.08 3785.556857210373
857.78 -298.74 0.1 3894.280613972102
782.72 -300.83 0.13 4008.934409561928
822.66 -500.87 0.07 4533.234292845897
874.89 -367.79 0.06 3636.132596923032
359.72 -183.42 0.15 4064.36189445755
57.53 -38.5 0.1 3894.280616317946
868.69 -366.76 0.08 3785.281275504076
121.63 -43.54 0.11 3937.7616420230593
588.56 -370.26 0.05 3647.29250264933
473.93 -295.66 0.06 3711.6752294237695
213.89 -100.56 0.12 3975.6747263095936
821.22 -466.54 0.12 3975.67474277374
643.49 -146.44 0.11 4438.247480223061
432.5 -73.19 0.14 4331.278289946733
386.44 -8.55 0.1 4488.506839711081
735.66 -202.35 0.09 4547.8535771148245
549.64 -146.96 0.14 4331.458384732599
534.06 -160.79 0.11 4441.6792169403925
918.23 -46.91 0.07 4818.480105966552
728.01 -68.11 0.05 5658.885390140228
762.83 -156.88 0.07 4928.349842926846
934.28 -83.3 0.1 4487.305198237014
629.34 -79.21 0.12 4391.993592333416
374.27 -46.62 0.08 4714.0390580256635
563.48 -13.15 0.09 4545.745360690408
796.54 -189.82 0.14 4331.33002772573
622.63 -157.97 0.13 4358.501011442687
909.15 -240.43 0.1 4489.507024787211
734.9 -204.26 0.11 4438.772504577526
256.04 -29.94 0.14 5611.368926079929
513.5 -100.1 0.05 5193.187337450896
315.59 -67.01 0.07 4852.709185149297
862.19 -79.09 0.06 5237.650784316956
976.18 -105.3 0.15 4309.39732809624
989.13 -109.92 0.1 4487.142794125044
172.03 -5.54 0.11 4433.533217031865
978.97 -62.87 0.1 4492.749932298147
600.22 -152.02 0.13 4358.8757959215245
659.37 -180.85 0.1 4489.837608052148
471.61 -49.52 0.14 4331.368774921685
565.89 -21.85 0.11 4433.494816922395
724.38 -126.48 0.13 4358.465841703915
737.02 -179.25 0.1 4494.506263728527
867.25 -0.01 0.12 4393.785618925931
987.41 -51.99 0.06 4819.0909491666125
782.74 -214.67 0.11 4436.723458346551
523.65 -153.94 0.13 4358.764539106285
133.15 -0.32 0.09 4571.83493466382
744.54 -32.69 0.06 5142.228554265905
656.19 -146.75 0.08 4651.93215149351
971.48 -104.34 0.08 4731.461059228356
650.51 -192.04 0.14 4331.250942731389
923.3 -37.25 0.1 4491.416790343083
622.21 -72.26 0.14 4331.325373116407
756.68 -166.16 0.07 4713.7376937957515
85.94 -19.99 0.14 4331.283287831003
292.35 -79.6 0.08 4642.888090487861
971.36 -100.21 0.05 4945.178714329825
888.18 -198.66 0.08 4640.131195573563
594.43 -33.86 0.11 4433.275783734638
