0.0 0.0
948.69 304.28 0.12 5876.963340657281
320.47 79.45 0.13 5889.7849891945925
857.86 223.27 0.08 5793.411266599007
701.63 44.37 0.08 5784.361037691442
867.8 26.39 0.1 5832.290392045967
919.98 36.45 0.14 6007.904807713188
928.57 36.83 0.12 5870.661081084012
609.04 130.49 0.11 5851.318536698382
713.17 72.58 0.06 5931.066347668776
324.18 21.06 0.1 5831.236760069125
534.48 141.71 0.14 5909.94346797157
826.42 73.58 0.09 5820.513762225544
761.65 158.01 0.1 5828.490042344614
423.32 26.27 0.11 5842.238836855417
939.25 41.45 0.06 5735.202319067632
768.13 232.62 0.08 5791.860843519775
520.21 39.65 0.12 5870.608928588374
856.25 251.14 0.06 5740.543778237906
598.67 181.05 0.08 5792.604242073338
351.24 7.57 0.07 5799.88097127411
330.13 6.15 0.05 5998.349133243577
435.82 25.32 0.15 5933.906869388973
622.69 177.26 0.1 5828.913190160647
617.47 78.87 0.1 5833.114956591828
842.81 81.29 0.12 5870.793226895123
680.53 163.29 0.07 5851.853160004977
899.4 25.32 0.13 5889.875961681244
750.63 104.51 0.08 5790.518656042283
187.51 4.8 0.13 5906.425341918715
264.48 64.87 0.14 5907.788915244239
646.61 6.15 0.14 5907.828676582538
455.22 125.94 0.1 5828.7753985531435
576.61 131.19 0.06 5806.380946108971
464.37 50.91 0.14 5917.951067627293
133.42 18.59 0.14 6449.325527571895
226.78 58.08 0.11 5851.688478293869
768.88 35.91 0.1 5834.196950866379
376.12 1.52 0.11 5850.199233896214
958.49 34.02 0.14 5907.809963631455
887.56 249.49 0.07 5790.899102743682
785.48 195.88 0.07 5760.3906464012
889.52 64.16 0.14 2374.4205971111596
609.87 276.32 0.13 6620.55783098751
174.48 104.13 0.05 6148.503452318518
366.14 121.7 0.07 6299.1315415253475
898.21 303.07 0.06 6243.643865631768
913.79 389.07 0.11 6531.614193827525
827.33 412.4 0.07 6372.104852271549
55.83 21.01 0.12 6598.118242674579
226.0 147.26 0.13 6720.444209609108
507.48 331.21 0.1 6484.199850309631
882.87 408.25 0.11 6532.881076274629
683.78 314.05 0.12 6577.672167432876
439.22 251.3 0.07 6296.727230672442
784.28 454.58 0.13 6620.38889172006
451.65 278.58 0.1 6485.945352226914
212.62 147.41 0.08 6399.775236621546
239.44 95.1 0.14 6661.030079233616
429.57 160.25 0.07 6314.938427263919
533.22 231.35 0.09 6425.705308188244
765.62 554.82 0.13 6659.377416229299
830.26 396.27 0.13 6621.537137687343
892.34 388.87 0.11 6534.961937801365
492.3 269.31 0.08 6407.694466791113
306.32 219.66 0.07 6302.462679626342
558.06 332.24 0.13 6620.497732961472
646.17 357.75 0.1 6482.4392984177775
799.37 375.28 0.11 6532.18058963431
773.22 460.78 0.12 6603.51671387469
880.64 336.56 0.07 6337.754012747449
391.31 127.85 0.08 6380.996813089088
855.87 436.68 0.13 6657.024888671291
663.52 447.2 0.14 6701.1008762646525
768.25 422.81 0.14 6730.576626504951
787.79 561.07 0.08 6379.191457815842
522.31 188.7 0.11 6531.603907834407
806.86 531.82 0.05 6157.784308344352
808.29 498.66 0.06 6426.527112334609
863.44 502.92 0.11 6533.627396548249
493.33 168.22 0.11 6532.850426742287
631.46 406.75 0.1 6486.517565765362
664.22 324.09 0.14 2917.192287911682
341.45 234.86 0.16 2705.7537617791922
611.14 720.1 0.12 8023.845559518631
680.18 605.66 0.06 9428.516233618891
652.57 564.27 0.08 9000.960584548153
641.94 554.47 0.14 7726.783067637838
567.08 669.57 0.09 8850.306962261338
625.95 605.8 0.12 8277.770991261186
619.98 586.8 0.1 8728.86084483872
317.51 315.39 0.09 8987.435583568753
223.88 192.5 0.06 9612.502624808862
694.74 638.71 0.11 8668.355898776086
229.01 218.77 0.06 9663.461252998524
410.47 436.24 0.15 8095.790147114936
788.89 612.51 0.06 9743.354263322693
599.31 758.83 0.07 9595.592072492593
235.91 306.03 0.06 9794.336589143975
415.01 380.4 0.13 8712.915482902805
395.48 360.34 0.08 9547.509432955732
773.74 580.84 0.1 9303.80194479918
300.75 407.4 0.08 9644.586312643225
591.68 594.77 0.1 9419.501733363253
459.34 497.38 0.06 9993.167326244136
269.3 342.0 0.12 9266.592293780901
703.77 696.38 0.07 9937.8238731859
468.45 582.58 0.12 9388.91221944393
381.9 472.04 0.15 9118.153721536324
580.9 776.99 0.1 9737.121991765138
596.34 561.16 0.08 9983.696871946748
603.08 571.26 0.1 9819.555100867923
515.39 465.39 0.1 9869.353842643035
111.72 90.4 0.11 9855.786252455448
297.39 270.72 0.07 10122.155207402495
234.91 305.21 0.12 9890.900794921614
368.47 351.6 0.07 9627.99464337141
205.79 248.73 0.12 10028.019291686858
666.84 495.47 0.07 9963.017543613849
329.96 425.38 0.09 10114.283110746997
595.11 443.58 0.08 9856.681404326155
331.07 382.35 0.14 10224.49628963269
314.14 779.93 0.1 8206.366045762948
477.86 702.97 0.11 8273.848408130902
287.75 710.53 0.08 8060.74350010734
369.69 820.81 0.09 8133.588307776055
368.28 681.49 0.11 8272.139191105609
399.97 809.27 0.05 7817.304275251961
428.71 705.26 0.08 8040.251117166962
316.81 687.99 0.11 8270.95583572728
218.64 350.9 0.06 7958.7658633051815
318.66 465.09 0.1 8218.159986060675
390.09 760.02 0.13 8388.07690354541
511.6 719.56 0.12 8332.325235471078
218.74 544.13 0.14 8437.733869589085
374.5 732.68 0.14 8437.696803425559
332.22 695.58 0.07 8038.169370670254
133.74 379.52 0.1 8205.926212836515
115.68 305.14 0.13 8387.037519174912
300.39 469.32 0.14 8437.89871788282
326.38 577.05 0.12 8333.329085691472
112.68 188.69 0.07 7935.273421639216
296.29 806.91 0.14 8437.690113169157
100.54 200.27 0.17 8567.096455761708
486.28 869.53 0.05 7876.05268950951
193.72 434.69 0.18 8628.990038272183
132.15 345.97 0.06 7958.775033445638
42.46 63.92 0.1 8202.22245664226
204.79 480.1 0.15 8487.975077226578
376.28 801.93 0.09 8134.521610424376
278.47 640.66 0.18 8604.385555480412
419.12 602.35 0.14 8437.725039603018
479.81 865.95 0.1 8204.882157896038
82.46 195.39 0.13 8388.07838223935
335.93 642.33 0.13 8388.056173873367
255.6 676.45 0.1 8212.5704407921
97.58 135.42 0.15 8483.602740125103
187.4 542.33 0.2 3624.83911788575
9.26 908.63 0.09 8709.901999032496
233.63 759.92 0.08 8966.566451441624
118.5 786.16 0.23 5771.564469108944
0.11 287.55 0.23 6008.957290619821
108.28 416.75 0.11 8553.546248699937
39.53 540.17 0.11 8619.586834644411
1.74 548.45 0.06 9628.725343267577
187.47 718.59 0.11 8692.978875110119
52.31 214.98 0.11 8764.832989194327
184.52 823.8 0.15 8173.248387998765
109.97 918.21 0.12 8766.482463276956
83.97 989.99 0.17 8005.426883860186
39.26 968.79 0.06 9832.952652070482
70.45 402.38 0.13 8781.66155314833
165.83 840.73 0.18 8204.06477294764
18.7 551.85 0.06 9956.755020360048
44.17 410.88 0.1 9435.257932518147
216.06 668.99 0.05 10071.041433191142
217.85 862.53 0.06 10019.65020750909
136.02 514.25 0.13 9209.117293519723
88.75 399.82 0.06 10082.174432280042
104.16 801.51 0.1 9554.343258270856
36.43 639.08 0.06 10081.145774859031
42.93 864.03 0.05 9977.829398522716
84.58 988.1 0.08 9682.333144345917
32.62 619.97 0.14 9482.405909605535
102.57 568.17 0.11 9793.878657100524
202.39 645.38 0.1 9213.211695748802
63.02 939.35 0.07 10256.54144113975
46.65 301.64 0.12 9955.73585373046
173.98 663.74 0.1 10151.66843803147
91.93 651.56 0.23 9628.12157972288
-73.98 749.98 0.1 6646.41302696554
-11.39 936.57 0.08 6567.138933925272
-76.3 742.12 0.06 6679.173708840661
-12.33 982.67 0.16 6861.720791676314
-35.17 590.84 0.06 6602.096241738469
-11.03 432.51 0.11 6682.558296388566
-125.65 966.69 0.09 6629.933305972745
-215.6 911.21 0.15 7330.134059182437
-133.94 722.51 0.13 6740.553560620898
-71.96 833.22 0.14 6762.438852892193
-298.33 952.07 0.05 6411.7840981282825
-0.76 859.26 0.07 6528.265889915459
-173.16 568.6 0.09 6623.15106396344
-63.31 372.79 0.13 6740.343828389447
-75.86 568.96 0.11 6683.757474885542
-192.06 807.26 0.09 6612.469720318873
-64.32 453.36 0.1 6508.216108580974
-109.55 444.47 0.07 6631.387832486522
-276.38 932.05 0.09 6637.761223639189
-104.49 415.71 0.08 6577.251814591221
-5.31 628.5 0.05 6392.044394494953
-130.5 944.11 0.06 6515.367882784012
-87.51 738.49 0.15 8046.865658697072
-91.45 531.19 0.11 5951.770905349258
-229.69 767.91 0.07 6635.23371553141
-21.53 342.95 0.1 6651.627347076828
-117.79 918.12 0.07 6519.8573630873
-25.41 122.31 0.12 6651.628890396821
-50.68 225.67 0.15 7384.435983693464
-12.03 589.14 0.06 6523.677530608378
-90.2 585.07 0.11 6684.747388344898
-206.89 753.99 0.11 6684.082726366207
-128.14 872.65 0.07 6514.803276563
-11.66 233.57 0.08 6565.565806799593
-49.76 295.06 0.14 6822.21647925708
-28.61 699.1 0.06 6591.311334058404
-8.96 312.76 0.05 6870.533456476349
-47.04 161.19 0.08 6605.863784981156
-60.56 504.18 0.08 6563.862230333397
-125.52 719.97 0.12 6715.121241156536
-96.64 533.09 0.12 3749.8543093989997
-234.83 860.24 0.15 3209.1173515970454
-77.73 492.26 0.14 3353.857296709998
-528.39 819.21 0.1 8179.3115572466995
-431.04 855.08 0.06 7570.984954291141
-319.22 642.93 0.1 8177.910075215197
-106.4 150.18 0.06 7587.702246936386
-365.72 540.79 0.12 8294.199317480574
-350.51 923.57 0.05 7685.280263247985
-457.26 744.72 0.06 7601.131776759029
-135.6 192.11 0.05 7682.2965383285355
-166.79 301.31 0.08 7922.017055504915
-299.43 679.67 0.06 7629.027906293126
-299.55 669.82 0.12 8365.975898638866
-371.91 789.34 0.13 8329.199435420524
-301.65 581.53 0.07 7810.3909943171675
-315.17 604.64 0.12 8366.458862167792
-378.95 738.64 0.1 8177.035867302049
-316.07 669.52 0.1 8174.130782677248
-374.53 516.04 0.15 8559.206406698762
-240.58 541.76 0.09 8061.261369563607
-454.99 866.34 0.08 7925.778696842028
-305.15 772.57 0.07 7753.996018480736
-266.77 764.71 0.1 8176.984917373743
-371.36 868.5 0.1 8178.027755822108
-305.6 839.11 0.08 7922.351283952086
-188.12 518.4 0.06 7600.933319318763
-282.92 594.83 0.06 7709.405531127895
-401.86 567.77 0.11 8278.673852895517
-206.39 399.71 0.07 7805.79359106843
-53.5 76.85 0.05 7602.576539482725
-230.09 430.58 0.1 8176.725262292864
-329.87 570.57 0.09 8064.84437259275
-420.07 852.74 0.13 8494.394832936008
-209.97 336.93 0.1 8190.331971634165
-242.64 434.04 0.11 8277.770943791755
-303.75 870.07 0.05 7359.908836022753
-417.39 660.61 0.14 8514.037125358931
-196.45 382.35 0.11 8277.703676667517
-271.06 705.16 0.08 7921.668483227399
-477.38 861.56 0.06 7579.28601091752
-420.99 867.11 0.12 8365.97306535684
-218.02 485.8 0.14 8521.841573912468
-322.63 483.42 0.12 8365.8218280246
-341.36 268.69 0.06 7609.943395118249
-246.98 302.95 0.08 7743.650395198318
-601.43 650.86 0.11 8052.906555845738
-528.86 445.43 0.08 7751.842973405607
-496.04 475.03 0.11 8051.207708286371
-592.67 667.62 0.13 8152.091890014188
-517.44 564.19 0.07 7634.449076704363
-241.39 251.97 0.11 8052.481114335882
-405.85 369.01 0.08 7744.787320317345
-649.47 570.41 0.05 7286.977398142992
-770.02 581.46 0.07 7672.0233937910525
-473.1 438.63 0.12 8132.7404997753165
-484.52 498.59 0.08 7734.167793677852
-446.44 572.34 0.07 7625.943502901531
-200.77 239.02 0.1 7961.465426079167
-297.29 291.69 0.13 8208.360437445312
-689.59 545.65 0.1 7962.066851770748
-342.56 445.88 0.13 8205.353831313663
-222.71 291.84 0.08 7769.725072860966
-292.44 295.66 0.15 8303.902870774904
-415.46 486.09 0.05 7284.25078712054
-302.44 416.14 0.06 7472.195268105104
-711.43 648.76 0.08 7745.490219354171
-607.65 481.2 0.15 8332.856986158902
-478.26 491.37 0.13 8205.51636496653
-412.31 458.23 0.06 7429.213411659008
-673.41 656.43 0.13 8205.56605128722
-179.6 193.0 0.14 8285.42703017148
-526.0 659.24 0.06 7428.2741793046025
-625.46 667.87 0.06 7429.8431689972585
-252.41 316.17 0.14 8269.823013462707
-404.56 384.41 0.06 7438.59317277809
-572.74 549.07 0.07 7604.69183167526
-529.13 430.09 0.06 7481.648199274664
-511.65 572.92 0.08 7738.8833017960515
-555.03 715.08 0.09 7853.285504240618
-228.59 237.56 0.13 8205.541399783478
-124.88 137.84 0.08 7750.316990732494
-735.11 615.45 0.15 8327.512506661466
-512.22 450.11 0.1 7964.270830530796
-813.3 289.21 0.12 8027.386140178115
-832.42 385.23 0.07 9206.189735635002
-217.35 94.84 0.1 8563.563061921337
-380.17 236.33 0.07 9261.042481807119
-462.03 297.75 0.07 9284.283045882805
-890.98 327.63 0.1 8671.035293143865
-541.65 342.67 0.08 9130.26049251698
-620.95 305.64 0.08 9156.584919967703
-652.72 356.72 0.12 8409.891480139733
-658.96 464.18 0.08 9235.850276847606
-771.58 502.58 0.1 8888.506639878578
-116.74 60.2 0.16 7847.338872743829
-570.49 370.93 0.11 8850.107855715734
-803.33 406.48 0.09 9243.58145549463
-800.07 279.38 0.06 9466.674474293517
-340.36 134.96 0.08 9478.732789163376
-674.63 399.2 0.06 9305.999923966654
-256.04 91.63 0.08 9563.681700258068
-116.98 50.02 0.08 9271.599116762327
-552.87 246.02 0.08 9642.895657616185
-742.59 522.6 0.08 9642.986454251883
-542.18 384.42 0.06 9423.669161800139
-777.22 455.92 0.11 9362.33226656764
-623.21 245.0 0.15 8980.35698876267
-521.56 376.16 0.11 9535.263881041961
-731.67 429.4 0.13 9397.31452868226
-571.15 387.69 0.1 9774.8943179636
-756.74 467.01 0.11 9738.028651908522
-543.19 180.98 0.18 9208.675024436157
-483.89 301.72 0.06 9417.291741502137
-464.54 334.85 0.06 9397.362862124044
-676.62 444.42 0.08 9406.49407887202
-855.53 498.46 0.08 9695.816553810819
-820.04 281.74 0.11 9980.471946482206
-803.74 325.42 0.12 9514.585308393058
-367.66 207.45 0.13 9974.902308476348
-629.26 365.43 0.13 9362.175531383635
-714.31 460.41 0.17 10208.720232531477
-362.01 123.17 0.11 9792.12655001212
-733.16 162.82 0.11 6124.995157757696
-923.4 35.56 0.05 6234.269554478277
-838.56 245.06 0.08 6008.507554733953
-139.0 30.91 0.14 6262.207851874799
-710.38 139.76 0.13 6187.85572008788
-712.65 164.9 0.07 5958.184447479459
-592.36 69.89 0.1 6090.25709701901
-654.01 133.0 0.09 6063.964067269748
-627.39 28.58 0.11 6124.945653421448
-237.23 60.3 0.1 6090.091206063462
-903.7 90.1 0.14 6206.504914580071
-744.47 81.43 0.1 6091.992079334355
-826.4 259.49 0.07 5956.520396464735
-426.76 7.03 0.11 6126.623181455953
-525.79 61.37 0.15 6724.52920394938
-553.02 31.34 0.13 6182.385294130155
-546.74 99.87 0.07 5971.686065971195
-891.66 58.04 0.09 6051.238924110253
-190.19 28.12 0.06 5901.390565374156
-976.44 86.16 0.08 6025.701952264464
-753.92 133.93 0.09 6052.1918965114455
-874.56 185.61 0.09 6051.6210550780215
-947.09 64.38 0.14 6214.5285398745655
-651.22 140.71 0.06 5947.6584240846205
-557.24 99.39 0.13 6188.351940157944
-925.28 60.35 0.13 6182.421140551833
-867.24 121.14 0.09 6053.476679624448
-659.92 173.51 0.12 6155.477926698639
-79.1 22.81 0.12 6155.433283681916
-724.87 115.17 0.13 6182.425516639974
-758.27 189.42 0.13 6182.568196497405
-529.74 97.27 0.11 6124.841112882061
-225.65 31.6 0.06 5927.856246765704
-722.89 195.25 0.09 6056.494424756487
-789.16 39.65 0.1 6091.747884793418
-937.73 147.08 0.05 5900.57029891952
-924.44 271.71 0.14 6206.521892435634
-636.58 87.99 0.13 6341.746206762251
-828.72 227.73 0.13 6287.198268133783
-925.84 95.1 0.09 6050.771608024089
-578.75 59.7 0.06 5942.853004779875
-725.07 -182.57 0.09 7750.09405224007
-95.93 -3.94 0.12 8075.8413787231075
-576.28 -96.36 0.1 7872.196239450558
-778.49 -119.34 0.09 7751.484747558026
-489.03 -60.85 0.07 7445.442911272464
-812.85 -96.25 0.06 7263.831418405333
-734.47 -84.9 0.1 7873.456740115214
-955.73 -271.15 0.09 7752.604888274572
-513.43 -44.2 0.14 8235.669386878477
-658.72 -76.1 0.09 7748.036608290264
-561.1 -134.91 0.12 8080.454993531146
-788.41 -33.11 0.05 7065.088049644698
-835.26 -179.74 0.08 7605.974909092354
-354.9 -54.81 0.07 7462.6747426816255
-511.68 -91.92 0.1 7874.497856495535
-555.73 -98.2 0.07 7439.616620307964
-17.12 -2.12 0.12 8075.794613778621
-116.75 -28.74 0.11 8015.560791852461
-441.95 -23.77 0.06 7246.5371958400065
-550.01 -63.44 0.14 8258.298295161658
-958.32 -281.56 0.12 8075.835659060009
-697.58 -61.69 0.15 8369.212237378546
-566.28 -17.32 0.07 7446.006002275359
-734.88 -3.7 0.07 7438.0257334127145
-887.01 -178.91 0.06 7291.087447446558
-849.98 -210.46 0.06 7242.452553626994
-415.51 -82.92 0.09 7754.2472254818895
-320.57 -86.13 0.08 7610.283608591202
-871.27 -228.14 0.06 7377.273053469105
-804.06 -14.33 0.1 7874.9623140606345
-792.26 -152.28 0.16 8452.289265852789
-776.08 -71.97 0.12 8075.770957739276
-710.06 -144.86 0.09 7751.707985648309
-888.96 -150.07 0.12 8174.469271762013
-742.58 -135.0 0.06 7312.046189785415
-291.81 -89.76 0.13 8169.410404315609
-331.21 -95.07 0.08 7608.386545251
-409.29 -81.09 0.12 8186.228743040811
-810.56 -87.28 0.08 7612.753162049378
-788.87 -378.54 0.07 9163.08194343562
-471.19 -267.15 0.1 8491.597035030267
-704.58 -429.56 0.12 8099.922062081407
-346.59 -143.75 0.14 7727.398709296387
-627.1 -211.85 0.06 9501.54843991997
-673.26 -304.95 0.09 8869.09877444994
-713.31 -428.07 0.16 7444.070159426476
-758.16 -310.89 0.1 8745.311969893715
-591.27 -225.28 0.14 8022.18278282601
-697.46 -434.14 0.08 9250.176430176325
-383.66 -196.26 0.07 9472.62891645049
-506.3 -304.45 0.05 9825.965563607
-826.82 -320.12 0.05 9737.606500994882
-691.74 -361.52 0.06 9683.922573378577
-555.91 -204.27 0.11 8864.096432493297
-299.29 -128.95 0.09 9246.036002050467
-818.64 -570.95 0.09 9291.79222220068
-577.73 -239.68 0.07 9650.235016253975
-833.96 -524.98 0.08 9534.701132596474
-413.23 -208.28 0.1 9260.465396482185
-583.33 -231.21 0.08 9590.94665216104
-116.16 -53.1 0.15 8692.426188418993
-771.66 -315.81 0.07 9533.427816049458
-177.47 -88.94 0.1 9505.15366560967
-450.29 -309.18 0.05 9991.5296233271
-430.9 -149.87 0.1 9594.339425191345
-405.62 -285.74 0.05 10112.730455566769
-633.95 -288.2 0.08 9895.213793840163
-316.99 -133.62 0.14 9348.843039421863
-715.08 -264.81 0.08 9970.771124974643
-702.24 -326.69 0.16 9387.630382313559
-226.74 -85.15 0.14 9658.203173874304
-479.15 -286.51 0.09 10113.52280498104
-748.25 -351.18 0.08 10226.466464603069
-828.63 -527.23 0.12 9386.20297649251
-517.9 -190.21 0.14 9847.108093745039
-666.29 -312.68 0.11 10269.34334942335
-545.85 -185.12 0.06 10035.102799276756
-301.83 -232.92 0.1 6048.55553859302
-315.16 -420.68 0.09 5887.579655989342
-621.0 -656.15 0.1 6049.572497143421
-504.89 -453.77 0.08 5875.3378562729395
-176.79 -219.44 0.09 5965.742346439543
-463.86 -480.1 0.07 5819.690262154118
-562.02 -606.8 0.13 6311.942685695887
-480.4 -532.36 0.13 6458.7422804150665
-577.71 -503.78 0.09 5963.485148023738
-524.25 -661.54 0.08 5898.356756333655
-548.97 -588.18 0.12 8935.427672666858
-590.97 -465.99 0.06 5802.535917395719
-494.01 -639.11 0.09 5960.705908165034
-478.0 -372.79 0.08 5885.963780443673
-253.46 -268.48 0.07 5782.82559971024
-453.99 -584.85 0.06 5889.144377198261
-529.44 -415.17 0.08 5872.750881731574
-297.87 -370.97 0.05 5773.700847787006
-460.67 -426.06 0.09 5887.580232244699
-198.92 -159.69 0.09 5967.142633738926
-405.75 -323.6 0.07 5785.994674688966
-439.59 -500.2 0.06 5770.412433215685
-592.56 -796.17 0.12 6222.264681718176
-509.96 -698.01 0.12 6222.200012131494
-743.05 -599.77 0.06 5699.354666644525
-273.13 -352.81 0.09 5964.625979761142
-574.85 -655.15 0.12 6235.456754846393
-562.84 -754.14 0.09 5912.743754614259
-299.22 -262.96 0.09 5854.304901226226
-500.48 -405.45 0.05 5659.397093680982
-622.24 -781.24 0.06 5698.279652744695
-334.52 -345.03 0.1 6050.5630693480825
-287.42 -312.63 0.13 6334.756393355257
-538.68 -614.48 0.06 5779.246164507953
-381.94 -496.74 0.1 6049.854481683957
-456.58 -550.37 0.07 5822.439393359935
-527.52 -518.86 0.14 7217.421998936708
-534.45 -429.3 0.11 2806.753794150282
-580.24 -685.43 0.17 2611.9282707001857
-327.6 -337.6 0.13 -1621.5683869680106
-502.08 -396.69 0.12 -1121.874755913127
-450.23 -450.1 0.15 -2549.515315485021
-719.89 -691.67 0.16 -2926.3948850249762
-96.36 -124.14 0.14 -2088.899112134583
-558.23 -671.67 0.13 -1608.183475421206
-243.96 -182.57 0.14 -1801.5994953305185
-517.39 -837.44 0.13 7796.406746000064
-84.55 -204.65 0.1 8541.47891396568
-350.63 -661.73 0.15 7516.6612166105615
-316.49 -519.18 0.11 8440.764964546957
-254.13 -638.89 0.12 8298.810491834298
-497.43 -723.68 0.1 8744.203283580977
-342.92 -578.72 0.07 9378.405986597496
-354.59 -844.32 0.14 8072.5022352953
-427.35 -788.98 0.11 8698.553027079164
-321.41 -790.78 0.1 8920.900980655724
-226.79 -597.81 0.12 8602.864108684784
-401.75 -768.73 0.08 9367.07141543525
-208.52 -489.65 0.11 8908.13609725719
-334.88 -900.03 0.09 9287.457208497764
-128.43 -309.28 0.09 9342.312367387562
-179.94 -402.82 0.09 9392.575438726728
-265.84 -499.28 0.08 9585.87943736193
-344.23 -604.39 0.1 9333.480643156625
-561.79 -795.01 0.14 8881.360885148635
-185.14 -519.26 0.09 9625.790835956206
-515.73 -756.39 0.08 9794.370899797095
-408.07 -745.56 0.06 10061.204616457051
-285.5 -608.42 0.07 9966.839429996087
-228.28 -555.12 0.09 9772.724466386848
-355.65 -522.69 0.09 9810.516738662285
-358.89 -665.58 0.06 10165.298422785345
-194.7 -529.85 0.06 10186.563556750476
-435.74 -838.07 0.06 10212.569221187196
-427.88 -682.0 0.06 10232.66998119977
-380.67 -846.13 0.08 10083.816544364681
-265.72 -669.44 0.07 10198.755399847827
-241.36 -475.79 0.05 10385.591486586116
-40.24 -658.03 0.06 9394.550914097292
-143.15 -922.17 0.06 9413.840149065058
-85.49 -894.17 0.07 9207.366163050496
-70.64 -854.61 0.07 9228.647245156913
-188.76 -717.89 0.06 9472.024893440705
-10.96 -473.96 0.05 9440.230302589212
-116.74 -837.94 0.13 8036.576643509694
-136.41 -703.29 0.05 9389.178710015123
-2.59 -866.3 0.06 9564.055165747615
-147.56 -565.72 0.07 9382.789319309355
-91.61 -443.84 0.05 9501.989071263604
-72.95 -684.94 0.08 9230.102295674356
-58.99 -655.69 0.15 7905.102847691281
-31.02 -187.85 0.08 9284.524866110145
-180.19 -922.18 0.17 7734.048478036618
-24.21 -389.36 0.11 8876.123018012677
-168.37 -520.74 0.12 8758.48637740176
-17.71 -842.61 0.07 9639.180782878284
-20.98 -965.77 0.12 8896.425626760965
-44.69 -704.52 0.13 8850.23858922872
-8.16 -740.21 0.16 8507.52354931867
-115.53 -725.62 0.07 9805.2156721266
-46.77 -707.02 0.09 9279.287693684511
-130.62 -793.38 0.1 9515.099481015219
-31.03 -183.38 0.12 9349.433325012951
-128.45 -855.81 0.12 9442.846606700154
-234.21 -814.88 0.12 9519.250916134344
-183.93 -843.02 0.15 9286.26925613436
-90.7 -358.54 0.07 9619.015367476164
-83.57 -387.91 0.06 9648.032219012273
-256.49 -889.95 0.05 9413.801695282935
-102.96 -555.43 0.09 9441.22641078429
-125.03 -635.05 0.13 9801.270371412658
-99.1 -557.45 0.15 9700.531753172749
-141.93 -473.71 0.1 9487.962135950957
-108.45 -751.62 0.09 10069.554683937438
-187.91 -704.37 0.07 9907.992219364434
-176.6 -544.0 0.14 9897.178043809043
-130.69 -494.48 0.14 9901.525609962022
-151.86 -929.13 0.08 9583.11748588396
116.47 -758.51 0.07 5676.468812332108
120.81 -830.4 0.08 5721.427767008143
201.05 -658.4 0.15 6254.846389438997
31.29 -603.83 0.11 5823.921772787466
189.09 -920.43 0.12 5879.575898320962
214.38 -897.27 0.13 5872.988792401764
150.7 -540.4 0.1 5795.602394929987
34.26 -495.84 0.13 5873.025706707013
120.26 -402.29 0.06 5696.789041399314
31.6 -490.34 0.09 5764.482253873966
18.49 -255.13 0.09 5758.74199387731
79.93 -462.5 0.07 5703.541748258744
98.14 -782.96 0.11 5823.51330097075
196.64 -822.59 0.09 5759.418255925717
46.88 -856.09 0.11 5823.0283239494165
191.81 -718.49 0.08 5743.661057912995
216.66 -903.94 0.08 5723.667353050123
3.04 -474.13 0.15 7644.281814236616
37.5 -782.58 0.1 5795.074413832615
266.94 -944.13 0.12 5849.936694940223
88.08 -847.49 0.24 6066.015046694475
188.25 -727.9 0.08 5718.222706914078
299.68 -937.47 0.12 5899.567367287795
173.59 -918.83 0.06 5715.061966159579
132.83 -817.01 0.08 5719.807977412646
78.5 -279.95 0.09 5760.123200423224
6.78 -846.13 0.06 5776.9929381819065
61.6 -971.11 0.11 5849.752172585721
33.72 -637.38 0.09 5760.581970545389
105.51 -724.69 0.07 5703.228152367195
97.32 -451.67 0.13 5951.280448096608
29.25 -686.18 0.09 5759.414080133396
88.94 -657.98 0.11 5824.102734002076
174.53 -906.35 0.13 5965.760280294353
171.13 -554.18 0.11 5824.1232971694735
210.73 -868.6 0.14 5894.940337415823
122.11 -787.65 0.13 5873.007478758225
45.42 -796.8 0.13 5879.772279456132
15.54 -123.51 0.1 5793.6870640648085
115.77 -435.33 0.09 5758.661984259967
305.81 -844.21 0.06 9397.849174591323
71.44 -208.65 0.11 8301.325918122573
373.13 -705.12 0.09 8797.576356265385
138.77 -286.65 0.12 8196.497933617371
226.66 -669.97 0.1 8687.649892403864
487.98 -693.47 0.07 9348.616961820238
167.0 -319.82 0.11 8574.68855092366
182.19 -316.75 0.08 9207.582585972015
214.36 -502.2 0.14 8115.88078618908
306.71 -476.59 0.14 8190.895648116954
227.7 -393.53 0.06 9697.476068133199
376.36 -699.43 0.06 9719.9727720624
250.59 -482.99 0.09 9228.042055928428
480.06 -724.93 0.08 9433.029803984122
136.5 -381.87 0.11 8994.70219951859
321.08 -508.88 0.11 9058.98366608238
474.17 -731.41 0.1 9274.850663114055
213.29 -301.47 0.08 9624.32074572703
441.07 -637.2 0.11 9245.743239698984
335.07 -569.7 0.08 9704.278735492468
221.52 -567.05 0.05 10132.992914190258
265.45 -587.5 0.08 9762.119994358032
108.24 -305.81 0.11 9446.206989062732
278.86 -680.47 0.13 9292.155847111018
174.24 -427.75 0.09 9804.25581735643
124.29 -191.41 0.05 10266.517918466161
262.99 -524.94 0.05 10286.817289400178
611.83 -659.2 0.07 6916.490000341189
256.62 -332.12 0.18 6729.970119264144
599.42 -466.75 0.14 6942.591683142106
129.38 -164.2 0.11 6894.117471537238
555.99 -762.14 0.08 6874.730710384633
552.97 -452.32 0.05 7118.733333056028
382.57 -289.6 0.13 6926.810569562751
594.45 -541.07 0.13 6927.1391863461595
489.23 -664.89 0.1 6873.436514541191
497.48 -498.66 0.12 6909.715530893325
389.1 -382.51 0.1 6882.962659702348
498.31 -456.83 0.12 6911.534411949666
551.94 -698.24 0.13 6927.23831585398
510.26 -519.04 0.07 6838.671981176505
431.38 -322.92 0.12 6909.81509296108
395.76 -430.92 0.14 6943.0639843543695
300.23 -222.56 0.14 6942.80074012262
333.97 -434.76 0.1 6883.2600345924875
427.68 -312.95 0.14 6942.539027996079
510.14 -433.74 0.08 6831.165671558743
659.31 -548.28 0.12 6910.61168761895
561.43 -498.99 0.08 6869.930867233496
525.71 -629.62 0.07 6872.727210236774
189.67 -213.69 0.05 6900.03566477279
603.58 -641.24 0.1 6870.952157611019
348.24 -261.34 0.15 6960.417664048897
732.96 -586.99 0.07 6830.398673867047
583.34 -466.07 0.16 6974.852998219979
248.3 -204.32 0.05 6958.054016750295
699.95 -531.34 0.08 6820.298338958068
679.53 -530.65 0.12 6911.921878228904
475.58 -402.44 0.17 7380.539464247238
61.49 -47.87 0.05 6701.408002042712
279.96 -268.3 0.08 6818.981316659345
378.58 -307.5 0.12 6909.168150205649
403.92 -364.95 0.16 6976.056820286377
574.55 -475.69 0.18 7847.5105027114605
500.61 -607.75 0.09 6813.49352159029
677.72 -685.98 0.19 1744.9765566944334
799.16 -353.99 0.09 6358.081325472937
303.51 -185.19 0.06 6502.285928811882
677.8 -468.58 0.05 6238.309826228318
859.16 -490.67 0.16 7477.414883362176
472.11 -256.28 0.13 6392.863778300334
805.1 -496.49 0.12 6386.334562138112
151.03 -82.26 0.11 6376.505171713954
470.41 -210.43 0.08 6317.654408470767
226.17 -93.38 0.09 6360.590148155674
719.83 -348.19 0.16 8072.047690072333
732.31 -251.68 0.11 6374.417296521093
762.18 -400.26 0.07 6289.087981458302
890.38 -335.94 0.08 6379.178979279013
655.85 -400.46 0.1 6361.707105048262
432.16 -170.9 0.12 6385.99474859706
753.39 -495.23 0.06 6304.787796056218
484.72 -233.04 0.07 6317.175857705298
862.43 -350.66 0.07 6394.670963465251
754.43 -413.07 0.15 7379.323298949985
557.93 -237.43 0.06 6251.718424075119
561.33 -252.62 0.12 6385.812239212948
437.41 -297.72 0.05 6672.608179663845
254.09 -120.75 0.08 6342.113207441924
648.88 -272.02 0.07 6396.835690839979
607.58 -342.33 0.08 6355.629170340852
712.8 -495.24 0.12 6385.605213868425
828.83 -537.65 0.14 6396.508798444829
719.73 -504.24 0.13 6392.820791113623
686.71 -411.88 0.1 6372.479107593521
814.79 -507.17 0.07 6294.2526121501705
859.51 -369.69 0.13 6392.723681688775
653.12 -440.49 0.07 6300.655873495322
886.08 -340.22 0.13 6391.427695203136
734.61 -260.78 0.12 6384.5211690447395
568.33 -191.04 0.08 6327.565859677472
746.23 -328.19 0.12 6385.621758773237
665.31 -388.99 0.13 6392.796306093653
720.72 -463.43 0.06 6272.061828405373
761.79 -349.37 0.05 6243.109656044677
835.63 -300.55 0.15 6531.813809121573
849.06 -324.33 0.13 6392.883758436195
291.01 -201.97 0.14 3419.828990337385
783.23 -493.11 0.15 -1003.3694960804528
620.89 -59.08 0.1 7907.955529931309
863.46 -14.21 0.08 7725.67798848786
468.6 -28.49 0.08 7720.219434357223
683.41 -57.86 0.13 8009.160277379591
809.97 -82.08 0.11 7972.142187313166
367.14 -94.25 0.13 8086.390471266685
415.62 -19.79 0.13 8086.4072106703625
752.61 -158.41 0.1 7897.546850346572
483.82 -113.86 0.06 7551.822152260136
577.8 -17.99 0.15 8158.340322282911
675.24 -121.27 0.1 7905.073362903768
336.73 -65.26 0.11 7971.363412129614
368.67 -14.33 0.12 8031.910326030883
230.84 -10.34 0.05 7304.021077473688
827.87 -133.56 0.07 7630.496226739991
935.96 -121.73 0.06 7679.354508437662
804.48 -210.07 0.14 8159.15017503721
794.35 -234.32 0.07 7608.65151387239
969.47 -125.41 0.14 8134.027663148771
837.08 -191.17 0.13 8086.445993284283
799.3 -50.6 0.06 7528.944603134418
878.52 -195.75 0.1 7900.064996614132
950.2 -262.48 0.13 8086.171318686649
857.94 -202.54 0.13 8086.340584984423
674.57 -74.83 0.15 8213.59814453033
56.49 -3.41 0.07 7616.7765283107055
728.51 -7.86 0.16 8215.705470314766
787.98 -196.2 0.06 7638.062271502424
952.59 -75.85 0.06 7481.105838692617
455.28 -33.0 0.11 7974.825975411152
771.43 -92.68 0.13 8085.938187540106
983.98 -78.73 0.07 7627.078039277064
984.0 -60.82 0.14 8144.492723457455
973.33 -173.07 0.06 7496.055812767996
985.33 -155.98 0.11 7951.7711917690995
662.07 -108.08 0.09 7844.518835943096
265.47 -59.99 0.12 8033.312590227985
942.04 -44.83 0.08 7726.5032917088865
378.87 -68.91 0.1 7901.633929526034
