0.0 0.0
737.81 10.19 0.07 10245.305777479627
503.3 136.73 0.07 10302.947963223278
877.34 197.65 0.09 10464.601603655032
692.46 0.16 0.09 10451.526607468977
919.58 147.25 0.15 10743.668156089421
939.56 194.44 0.08 10368.114902158432
458.34 37.34 0.1 10500.904688664988
557.35 67.91 0.07 10197.46337095346
778.44 109.99 0.12 10620.513736367371
866.67 30.3 0.07 10253.946245602434
879.79 127.14 0.08 10341.970695283466
561.92 161.7 0.12 10628.4706920214
704.73 114.3 0.14 10708.671460982565
694.28 47.83 0.12 10620.691671904206
876.95 199.74 0.07 10237.938285051121
295.31 18.81 0.12 10626.344227445252
535.36 108.39 0.13 10674.628173905214
658.81 95.72 0.15 10744.282217217824
243.18 37.61 0.08 10317.966621209529
274.5 48.36 0.09 10472.078491602962
195.96 47.03 0.07 10313.94296640833
275.32 70.59 0.12 10621.178422776415
924.21 93.84 0.1 10505.074838302138
806.33 202.42 0.1 10516.736039559439
699.27 164.35 0.12 10622.111612987686
936.2 191.32 0.05 10157.576796190491
890.04 59.76 0.09 10427.27027975014
927.04 170.31 0.06 10019.572081506665
936.7 172.31 0.11 10566.811554616816
905.82 246.52 0.1 10526.55893066728
697.78 148.78 0.08 10405.566929167026
806.13 166.26 0.11 10578.881124688973
779.32 188.56 0.05 9883.528006558707
562.72 180.65 0.06 10235.283028493008
569.97 84.57 0.14 10708.143980003922
869.45 50.7 0.15 10743.85517520004
598.49 74.6 0.08 10351.579597183472
168.4 24.16 0.08 10419.825534048981
426.78 32.35 0.1 10501.60900515099
465.7 100.38 0.15 10745.668246152198
888.26 8.91 0.12 10623.534425636919
827.59 31.54 0.05 9905.685302559094
261.62 168.58 0.08 3635.769265209584
801.54 287.38 0.14 3397.816411832043
752.75 285.88 0.13 3415.2345912041114
794.02 287.55 0.07 3696.9873794755226
632.3 217.95 0.09 3546.2254057516
693.59 424.51 0.12 3436.6593573754353
83.68 53.15 0.11 3463.6774674113863
791.43 434.09 0.06 3617.10453345819
333.33 182.42 0.07 3700.1857823686073
567.52 362.51 0.11 3463.6135460417977
798.81 382.9 0.13 3415.235472762718
719.78 408.68 0.05 4026.6239633778628
693.44 331.97 0.13 3415.2360021600934
765.38 510.87 0.05 4458.890317092325
716.91 494.89 0.08 3613.53125757993
290.39 193.37 0.09 3553.9585841103935
407.07 226.32 0.14 3397.817699207569
391.45 217.73 0.14 3397.816294837456
494.03 288.97 0.08 3610.7521399894204
416.89 239.21 0.06 3996.1886846782145
454.08 185.68 0.14 3397.8162482612643
838.98 452.55 0.06 3825.9131540896256
603.34 230.65 0.08 3571.342199313204
644.9 414.54 0.08 3626.408832567757
826.78 465.21 0.1 3498.967530841237
347.51 182.65 0.15 3383.2027916578213
779.71 403.07 0.08 3631.440954969932
461.19 164.57 0.1 3498.896496512179
177.34 100.28 0.14 3397.8165186765386
831.74 468.84 0.12 3436.5993966002857
691.82 392.91 0.11 3464.1171684643723
445.99 232.17 0.09 3551.707939997086
198.3 104.76 0.11 3464.1296217668178
594.35 354.58 0.09 3553.258811966192
522.49 228.95 0.06 3824.643438607979
709.54 511.07 0.14 3397.817038106109
367.05 127.32 0.1 3499.0878328707017
761.23 370.52 0.07 3758.262223900659
158.4 97.98 0.14 3397.817056560669
396.58 230.25 0.13 3415.2323650179824
467.94 332.05 0.11 3463.6436749777463
916.68 339.32 0.12 3436.6227328950586
381.26 215.27 0.1 3499.420309947181
585.64 402.23 0.05 3988.089825473642
148.37 74.26 0.06 3908.323461953062
716.43 388.48 0.08 3632.4591148222908
123.79 56.55 0.07 3729.6700006688275
714.17 492.67 0.05 4389.6214323137065
447.32 229.5 0.07 3696.970786177025
817.63 543.69 0.08 1398.251545163377
448.47 153.76 0.12 -1923.8763150973523
461.54 475.06 0.12 2773.520507975616
484.72 476.67 0.13 2756.2248704146705
138.65 153.12 0.15 2730.199976268089
570.49 512.52 0.14 2741.989627747072
381.51 288.55 0.13 2756.2248709917817
265.91 253.98 0.14 2741.9896276644045
388.61 309.71 0.13 2756.224871809621
525.14 467.68 0.14 2741.989627393687
578.9 494.83 0.13 2756.224887941138
657.45 643.54 0.15 2730.199977804563
747.96 566.64 0.13 2756.2248894701324
216.31 165.39 0.15 2730.1999776877965
514.23 555.61 0.12 2773.5209716859727
291.8 388.4 0.12 2773.5269502988917
719.8 611.26 0.11 2794.9431096533267
202.52 257.4 0.14 2741.989626595724
609.71 651.34 0.13 2756.2248725481318
604.86 538.73 0.08 3179.532338057228
520.44 432.45 0.12 2773.520763914266
516.37 483.96 0.14 2741.9896278333895
500.93 661.04 0.12 2773.5211876750936
737.17 671.97 0.1 2823.0314585083647
511.7 562.43 0.13 2756.224916427718
497.05 632.59 0.12 2773.5224849521865
755.28 557.05 0.1 2822.939382456074
541.36 414.93 0.07 2770.153055496338
139.69 120.63 0.12 2773.520562207632
670.84 710.71 0.1 2822.845664782119
538.63 647.34 0.09 2859.3934617566583
330.63 448.02 0.06 2574.348056522389
289.71 275.46 0.11 2794.9539464001195
263.61 220.49 0.06 3242.261320681747
138.27 119.48 0.07 2985.6194714141893
580.18 705.49 0.08 2890.88611883261
349.64 393.84 0.09 2858.920338243586
415.69 333.93 0.07 3013.284231093233
440.57 356.18 0.1 2822.4848836546325
533.62 609.16 0.08 2927.4162291371194
501.76 578.51 0.11 2794.935945786857
529.18 645.88 0.07 3039.0160500775114
389.35 532.69 0.07 2986.3629625503972
572.44 567.06 0.09 2859.6632447234324
419.81 314.74 0.06 3252.448147720556
412.46 515.62 0.09 1005.1285169239159
577.47 436.52 0.1 633.1787872466411
391.07 742.18 0.07 6814.799193163415
270.75 672.06 0.1 6646.4824436431045
204.78 557.3 0.12 6618.93087485491
103.49 191.03 0.05 6740.225145219683
313.9 885.5 0.07 6741.154654899368
191.48 407.19 0.14 6597.356712112815
443.81 755.18 0.11 6630.393212800847
283.45 484.15 0.11 6630.346970630048
131.49 251.78 0.09 6684.169762270914
342.7 886.13 0.13 6607.758260092973
247.77 506.78 0.13 6607.15791632207
334.9 723.92 0.14 6597.337055819098
468.93 852.14 0.12 6618.140690694754
199.8 537.78 0.07 6790.443181105689
417.78 742.59 0.08 6676.8270921485655
281.2 740.37 0.15 6588.750343737638
474.73 786.47 0.1 6647.030874599885
483.94 712.47 0.06 6798.809713833157
28.51 60.48 0.11 6631.172537665194
186.57 294.91 0.1 6643.901210174934
337.0 888.69 0.09 6667.485881965675
356.69 554.78 0.08 6672.189619753073
66.4 116.03 0.12 6621.430929883786
162.11 409.44 0.07 6784.745890597837
419.27 701.97 0.1 6652.705242129459
382.86 876.98 0.13 6607.509441204349
484.75 800.03 0.05 6852.627885871096
293.29 701.89 0.1 6645.303877308349
466.59 764.31 0.15 6588.635370955148
168.15 494.17 0.08 6684.5511634892355
492.46 865.26 0.1 6647.971345318975
385.6 630.5 0.12 6618.163178604024
160.87 285.4 0.06 6836.714409292457
483.52 734.45 0.05 6688.806188953515
519.4 793.78 0.1 6644.311204699595
116.02 277.82 0.14 6597.430387527731
317.81 489.45 0.09 6663.747585534332
318.71 706.45 0.14 6597.439687209213
423.57 876.12 0.09 6662.614663317523
188.15 466.87 0.13 6607.672168393494
312.74 460.38 0.06 6772.7634464434195
332.76 648.97 0.07 6751.412171532194
460.94 657.54 0.09 6660.122180569499
318.36 835.26 0.09 6332.534450945924
270.87 695.5 0.1 6645.74377600759
92.09 874.09 0.12 3404.7490373353776
167.48 976.29 0.06 3198.04878555663
14.38 636.33 0.12 3404.7490373934656
20.56 773.08 0.14 3435.980954465778
153.7 856.53 0.13 3422.9750564153524
163.53 522.15 0.08 6387.161415691134
209.3 924.09 0.08 3404.3438906919964
222.92 847.13 0.13 3422.975056428716
105.97 346.47 0.14 3435.980952202905
56.03 377.0 0.05 3167.1505553935767
111.57 376.51 0.07 3243.0247947607854
98.3 357.58 0.14 3435.980958806865
63.09 216.39 0.09 3322.2916189805787
101.15 557.46 0.1 3354.281361403212
108.82 581.72 0.14 3435.9809601072575
59.13 901.64 0.13 3422.9750611561
230.71 751.86 0.09 3322.2985380381565
211.99 938.06 0.15 3443.0946249653166
92.92 423.94 0.09 3322.2896132362876
5.81 349.59 0.1 3354.281360686299
131.95 569.44 0.14 3435.980976747573
58.14 670.57 0.12 3404.7490373979635
12.21 252.48 0.08 3285.6138763411236
104.81 633.73 0.07 3456.144666981364
211.3 680.31 0.07 3244.3811001294052
46.25 800.53 0.11 3381.770765175967
9.5 608.43 0.1 3354.2813616687226
14.25 924.46 0.06 3304.932253694736
29.48 909.91 0.05 2999.073766706099
61.43 708.8 0.05 3306.9460610896426
220.16 740.49 0.07 3273.2390448669917
54.63 625.23 0.07 3245.510166476948
28.86 915.41 0.06 3197.2037670770105
1.79 847.08 0.12 3404.7490373757796
266.29 905.5 0.1 3354.2813629574953
172.1 767.02 0.12 3404.7490373926057
202.39 740.98 0.08 3286.5433619249025
33.94 633.32 0.11 3381.77076507753
36.17 680.4 0.08 3285.5515729161225
28.5 456.65 0.07 1338.8681169123763
204.31 916.01 0.09 910.372485315565
0.52 313.21 0.09 910.3616426010262
-54.97 786.03 0.15 5387.2073158834955
-270.8 843.2 0.08 5617.712608762215
-54.31 979.04 0.15 5387.204541225274
-171.97 737.24 0.1 5524.523379169002
-148.7 566.7 0.13 5427.416774874818
-217.37 838.44 0.14 5405.790474147276
-57.03 694.66 0.09 5583.284084431776
-92.49 288.27 0.08 5626.8591350118
-24.31 165.07 0.1 5531.742844336972
-113.3 775.0 0.1 5529.732409576336
-36.7 440.28 0.13 5427.601183717599
-56.07 758.12 0.08 5626.2117432494015
-75.69 781.01 0.1 5521.751157255667
-57.69 955.48 0.06 5947.078224103831
-207.7 868.67 0.12 5453.932168195738
-14.31 56.74 0.09 5577.980023284969
-122.5 775.56 0.12 5454.540254630546
-33.82 892.68 0.14 5405.86352455827
-127.97 555.82 0.15 5387.210202241506
-13.7 728.53 0.15 5387.215201954899
-35.78 513.3 0.14 5405.761421709431
-54.92 676.94 0.09 5564.585805260565
-59.71 733.78 0.1 5520.581995115528
-4.89 567.07 0.14 5405.8092374573025
-170.37 746.99 0.1 5522.283741023177
-180.89 947.24 0.07 5815.86203386136
-20.65 624.12 0.15 5387.293449885693
-119.44 450.05 0.07 5699.726014681669
-151.47 916.0 0.08 5614.773595168914
-199.06 659.19 0.14 5405.932774355831
-43.92 351.87 0.08 5634.940128675066
-212.44 809.89 0.07 5676.140455098603
-178.0 565.61 0.08 5671.6979528401525
-280.27 862.92 0.11 5484.032135972879
-109.25 843.96 0.06 5946.088314814339
-92.32 437.44 0.12 5453.03371305359
-231.74 933.38 0.11 5486.0547030680555
-223.52 827.82 0.13 5427.651054022484
-57.35 829.79 0.08 5629.003991662443
-127.3 486.22 0.1 5532.1952190631855
-71.65 429.38 0.07 5735.574892646061
-125.3 925.88 0.14 5405.959095139607
-107.4 536.77 0.05 6231.672713874492
-65.53 386.24 0.15 5387.274616948156
-500.93 806.1 0.11 2710.341603228327
-179.5 460.85 0.08 2682.0289779182913
-149.17 218.45 0.08 4772.71830513521
-37.03 89.98 0.13 2751.033876926474
-393.69 617.85 0.11 2710.3408345506173
-256.97 777.63 0.13 2751.033868378595
-348.35 692.97 0.07 2654.8919242036395
-338.54 546.89 0.11 2710.3406443215017
-243.07 450.72 0.15 2798.2742053505535
-339.32 747.87 0.11 2710.3398718871235
-346.53 557.35 0.15 2798.274192426852
-480.54 771.17 0.14 2774.089197409981
-167.99 499.86 0.11 2710.3397677888756
-539.16 830.9 0.13 2751.0338800125123
-298.45 527.41 0.11 2710.341596608604
-318.67 698.34 0.08 2683.5582318885427
-406.39 697.32 0.05 2958.8324888394754
-263.59 396.82 0.13 2751.033881892841
-339.0 786.72 0.11 2710.3416220461218
-125.6 357.52 0.11 2710.341617055158
-164.17 330.94 0.08 2682.339901944484
-295.47 806.54 0.14 2774.0892081156826
-394.17 859.86 0.1 2694.2558116241908
-479.33 726.76 0.09 2683.203102135589
-499.4 864.98 0.11 2710.339557866496
-265.05 581.18 0.12 2729.585724721103
-437.23 798.4 0.11 2710.341284058081
-226.31 357.11 0.1 2694.255808784438
-230.94 675.3 0.08 2683.9684040481698
-412.93 714.46 0.15 -1109.6660763955765
-166.33 323.98 0.1 2694.257863333857
-288.46 478.68 0.07 2722.0700108663227
-441.76 638.03 0.1 2694.255915522596
-264.46 784.1 0.06 2771.9568861750354
-315.34 492.21 0.07 2711.707602978976
-300.2 689.24 0.09 2683.20884545882
-289.27 716.65 0.07 2655.447862197442
-253.07 652.99 0.09 2683.2890561939907
-327.41 853.24 0.08 2682.8254026639347
-76.17 167.88 0.14 -861.7743981334324
-429.23 608.52 0.11 -105.83777023179118
-341.3 556.15 0.06 1454.451358720909
-139.82 354.5 0.13 -612.1651955729758
-127.83 362.91 0.05 1757.9858563686632
-221.8 632.0 0.06 938.1189242545024
-101.07 146.53 0.08 707.5093811721633
-606.09 560.96 0.15 2793.3366135868087
-417.82 403.66 0.1 2807.01785826214
-159.76 191.83 0.15 2793.336614102817
-484.01 477.83 0.14 2792.581839129726
-569.55 539.8 0.14 2792.5818281561997
-562.36 482.28 0.13 2793.16003632247
-407.61 391.0 0.08 2827.4294408209716
-593.43 684.68 0.13 2793.160040570961
-212.75 252.58 0.07 2891.8713764980293
-168.1 128.75 0.15 2793.3366141087695
-271.96 238.83 0.08 3745.6180735193548
-341.98 308.69 0.14 2792.5818408497403
-180.05 168.96 0.11 2799.4094718886076
-173.13 193.29 0.06 3086.101681680881
-590.66 777.75 0.1 2806.9865660789933
-460.43 542.37 0.08 2848.3848663794233
-476.86 540.91 0.15 2793.336614125497
-695.74 559.0 0.12 2795.2459194771695
-484.99 472.55 0.14 2792.581842798751
-247.42 196.47 0.11 2799.410250724041
-93.76 101.61 0.14 2792.581840243037
-360.95 282.01 0.07 2767.370971559284
-466.72 348.14 0.08 2855.3826702866963
-553.1 448.31 0.12 2795.2459189900264
-594.82 433.6 0.12 2795.245929531397
-583.49 599.26 0.12 2795.2458979076314
-618.09 585.92 0.06 2998.145489583808
-703.0 581.78 0.09 2820.371308331074
-510.69 419.97 0.11 2799.416970505357
-585.13 528.47 0.12 2795.2459011585206
-626.34 467.78 0.1 2806.948238790504
-538.62 397.15 0.11 2799.4097289896904
-595.04 448.11 0.07 2913.6369897584273
-140.36 153.88 0.06 3050.36392211168
-625.56 528.85 0.1 2806.923635342203
-536.47 648.71 0.06 2972.0461822112575
-724.03 629.48 0.08 2845.562127363809
-605.44 620.51 0.1 2806.5099768705013
-260.61 252.17 0.1 2807.133139988124
-682.97 601.65 0.06 3052.679353715449
-81.75 79.19 0.07 2877.21189686057
-650.01 488.01 0.06 2972.3143085734782
-564.32 621.97 0.08 2845.267258946914
-549.16 579.87 0.15 -795.0114559191738
-560.67 752.75 0.06 1688.441317159939
-445.01 537.57 0.05 1530.2180384962378
-481.96 394.8 0.06 1737.1766353687253
-245.51 304.89 0.09 -1225.128532798603
-785.04 317.69 0.09 5279.9906354053155
-481.87 162.85 0.1 5237.354331170174
-182.39 69.62 0.12 5158.42569599814
-748.5 273.03 0.14 5110.824168716217
-879.61 354.77 0.11 5192.759490380223
-316.56 214.13 0.1 5232.94259423523
-469.44 252.58 0.09 5298.754451085014
-320.71 104.37 0.1 5231.287599221565
-588.68 298.82 0.12 5159.013107798238
-517.6 172.65 0.11 5190.729118151077
-414.24 286.05 0.07 5431.887723985257
-442.06 294.15 0.1 5225.952956935651
-655.52 289.77 0.05 5554.804369237521
-685.02 485.36 0.06 5507.548249661358
-513.85 194.61 0.12 5158.540279174367
-375.54 135.46 0.12 5158.434687951697
-380.51 202.57 0.1 5226.508337506521
-806.15 337.63 0.07 5389.373351164301
-257.69 180.31 0.14 5110.846701480639
-424.06 160.37 0.05 6006.541336587751
-293.94 137.4 0.06 5607.865028458631
-719.39 444.4 0.12 5159.449954148483
-789.06 279.64 0.09 5276.658770067163
-415.27 262.65 0.07 5443.697646726758
-845.57 403.49 0.07 5411.088902299925
-709.37 384.4 0.14 5110.808922209759
-772.99 477.43 0.12 5158.809300776328
-606.58 331.23 0.11 5188.920836543859
-33.84 19.84 0.08 5325.504194330746
-525.74 211.77 0.1 5227.1505667426845
-268.1 137.08 0.1 5232.079932063578
-299.13 169.71 0.08 5370.762795922412
-643.56 415.34 0.14 5110.966790801198
-606.27 373.55 0.15 5092.401058354615
-677.01 464.38 0.11 5190.438309868365
-689.77 251.12 0.14 5110.877985153666
-263.07 122.24 0.11 5188.67512137177
-461.25 275.17 0.1 5226.819483351459
-526.85 206.97 0.12 5159.194093921216
-684.34 409.59 0.15 5092.385748559971
-600.0 356.14 0.07 5392.282453364383
-733.48 342.13 0.12 5158.128648938575
-95.8 54.51 0.14 5110.9349862767585
-593.68 288.55 0.08 5344.3069612250765
-583.72 423.89 0.08 5327.721507576371
-765.06 546.93 0.1 5227.393477680236
-903.08 113.14 0.14 3304.541550534754
-964.41 193.06 0.15 3311.6240716370576
-588.25 74.78 0.09 3242.9767586177677
-144.74 0.33 0.13 3295.66128879637
-449.89 72.05 0.09 3242.9998100774874
-104.87 31.44 0.12 3285.039369305944
-878.72 236.38 0.12 3285.0393693057777
-656.13 209.31 0.08 4849.955466106789
-552.2 163.22 0.15 3311.6240790270185
-494.56 18.03 0.15 3311.6240718049926
-576.44 98.71 0.07 3392.404870932548
-308.58 18.54 0.07 3323.101505740802
-507.88 137.8 0.14 3304.541550546149
-634.18 138.29 0.15 3311.6240771969256
-759.54 189.71 0.1 3258.6693807994857
-538.33 71.71 0.06 3217.072449818635
-433.35 79.6 0.08 3270.517927011114
-472.96 46.65 0.08 3226.917541101599
-349.24 92.23 0.13 3295.6612886980906
-827.89 166.14 0.11 3272.7100900353203
-942.3 13.57 0.09 3243.0195632709056
-746.3 133.83 0.12 3285.0393693058923
-241.17 44.38 0.05 3284.59702178918
-820.39 139.46 0.07 3213.73994394113
-724.15 48.8 0.13 3295.661288732243
-843.36 19.11 0.11 3272.710079837897
-594.75 130.22 0.11 3272.710099235763
-475.67 72.56 0.11 3272.7100695861104
-783.78 71.41 0.08 3227.794270039606
-780.44 230.69 0.11 3272.7102700007554
-777.45 45.81 0.06 3259.8189358663876
-943.86 292.21 0.12 3285.0393693056876
-758.61 110.99 0.07 3215.914778076957
-914.67 5.1 0.07 3221.290034733016
-905.12 254.52 0.12 3285.0393693059186
-959.23 225.79 0.06 3127.6063538755457
-570.89 118.04 0.08 3226.1995042136523
-943.73 290.94 0.06 3229.6197328366375
-148.35 30.7 0.07 3207.1835293424383
-790.57 226.28 0.06 3103.875743974295
-858.06 52.02 0.1 3258.664233373535
-404.04 98.09 0.09 960.8269462749713
-645.78 146.14 0.09 2903.177347732963
-627.29 -184.03 0.08 3032.2488586405484
-633.85 -154.55 0.06 3202.8656251621414
-651.55 -100.84 0.06 2706.812628958386
-674.62 -48.31 0.14 2940.111177228485
-646.47 -33.6 0.09 2991.8031414931033
-724.38 -55.83 0.13 2943.4884988111176
-312.17 -93.46 0.13 2943.488487389778
-607.88 -185.75 0.13 2943.4884820577445
-771.62 -29.58 0.13 2943.488475013292
-944.44 -75.25 0.14 2940.111179436967
-715.63 -145.74 0.06 3179.5166164877082
-400.54 -6.46 0.13 2943.488467705435
-355.3 -101.91 0.14 2940.111184041669
-956.94 -212.2 0.09 2991.7117829849863
-859.98 -235.58 0.11 2956.6879984057546
-938.84 -290.19 0.13 2943.4885152094625
-514.56 -103.61 0.13 2943.4884769625514
-450.54 -12.37 0.14 2940.1111765465444
-809.25 -55.29 0.11 2956.6887940790725
-733.89 -13.16 0.12 2948.6514058824114
-791.68 -98.9 0.14 2940.111188541553
-612.92 -134.35 0.13 2943.48851040725
-987.96 -20.15 0.15 2937.893244329878
-939.88 -83.89 0.09 2990.6275877305084
-825.07 -224.29 0.13 2943.488521327382
-708.24 -142.31 0.09 2990.4566221813275
-729.97 -37.31 0.06 3316.209446388568
-704.58 -196.73 0.09 2992.6382530667274
-964.43 -192.31 0.13 2943.4885186151087
-518.95 -72.2 0.13 2943.4884980661304
-848.53 -25.22 0.07 3096.4353796910013
-863.81 -50.12 0.08 3032.1375855432525
-768.16 -110.93 0.06 3179.13573790501
-566.33 -139.5 0.13 2943.488480437603
-587.56 -130.37 0.12 2948.653280147523
-498.5 -112.43 0.12 2948.6524406212616
-68.46 -6.82 0.09 2992.223679563434
-415.13 -97.06 0.1 2969.498939755603
-910.97 -157.09 0.07 3106.8754316613013
-606.53 -37.32 0.09 2991.3025821133488
-938.5 -225.01 0.05 3406.991779369773
-715.78 -160.16 0.11 2956.71240485018
-890.01 -208.11 0.06 2722.5916645330335
-574.82 -155.48 0.05 1805.4615337365888
-841.69 -142.57 0.07 1556.2848893032558
-192.01 -57.99 0.07 1558.325159156794
-612.75 -139.68 0.09 937.0393940061094
-298.72 -62.48 0.09 -1043.655431260992
-848.94 -520.24 0.1 3749.3273490859056
-816.72 -346.26 0.06 3583.672784642012
-236.85 -95.05 0.13 3837.966560482173
-617.83 -285.55 0.06 3591.6000962451617
-391.22 -157.21 0.15 3895.0400484791985
-542.8 -204.1 0.05 3519.871511155926
-501.01 -274.65 0.1 9362.819749926393
-936.91 -325.91 0.13 3837.966560977795
-544.19 -181.08 0.1 3749.327303039857
-752.32 -492.57 0.1 3749.3272991650724
-775.23 -489.08 0.11 3780.610977728797
-135.27 -92.14 0.11 3780.610977744368
-800.0 -416.48 0.06 3596.148233051349
-481.71 -325.79 0.07 3628.2061074240646
-741.04 -517.81 0.08 3674.4245273910565
-406.45 -209.52 0.15 3895.0400484670413
-451.25 -164.18 0.09 3714.5059983761303
-743.54 -267.48 0.13 3837.966560592107
-793.29 -512.78 0.07 3629.197314761336
-808.39 -340.3 0.11 3780.610977719784
-153.12 -62.43 0.13 3837.9665606166454
-694.36 -427.7 0.14 3866.129273625928
-810.45 -570.24 0.06 3572.399918320437
-724.64 -463.6 0.14 3866.129272730791
-555.16 -222.82 0.13 3837.9665611230603
-528.1 -288.04 0.08 3674.5366555978235
-208.7 -144.09 0.09 3714.5075841850266
-477.83 -291.35 0.14 3866.1292611878353
-771.16 -326.86 0.06 3606.1511245892393
-164.74 -113.35 0.12 3809.7742816008436
-856.64 -464.75 0.1 3749.3273390916684
-520.73 -275.29 0.06 3562.316904354484
-463.86 -306.45 0.13 3837.966560593216
-890.35 -402.84 0.09 3714.5036564220973
-825.27 -420.65 0.12 3809.774280995841
-873.48 -468.38 0.11 3780.61097768545
-769.35 -284.57 0.13 3837.966560349832
-808.71 -547.55 0.08 3674.427353420051
-747.35 -299.83 0.09 3714.50937117516
-686.54 -548.52 0.12 3838.0781223388703
-464.83 -570.26 0.1 3741.8305839224054
-376.81 -443.8 0.11 3792.2135603106985
-219.82 -260.89 0.07 3553.8386209600094
-637.4 -726.92 0.15 3954.8229345858927
-544.35 -554.63 0.06 3507.361495819958
-343.11 -436.83 0.07 3550.063804604277
-217.75 -200.36 0.05 3423.0653777792713
-373.0 -488.91 0.13 3880.188551322186
-590.14 -631.33 0.1 3741.8305936668444
-743.55 -581.55 0.11 3792.2135544775897
-370.01 -327.69 0.12 3838.0781218621523
-616.27 -617.65 0.11 3792.2135547265484
-479.2 -567.47 0.12 3838.078113345554
-516.56 -660.38 0.14 3918.997613371433
-578.06 -603.74 0.1 3741.830587571905
-205.27 -151.68 0.06 3695.04701572935
-322.68 -309.48 0.14 3918.9977052345066
-247.56 -300.63 0.09 3685.82517873489
-623.46 -495.72 0.07 3553.1189016402286
-428.54 -356.36 0.05 3427.7532467583087
-450.65 -558.91 0.05 3331.3280428829776
-518.96 -614.19 0.07 4806.118439388145
-573.64 -432.32 0.11 3792.2135536621654
-638.37 -633.8 0.11 3792.2135542578376
-420.17 -390.59 0.05 3276.070278870746
-708.18 -606.12 0.05 3465.880096656155
-637.98 -759.51 0.07 3553.7617019050467
-289.84 -239.98 0.13 3880.188555007674
-529.63 -652.11 0.1 3741.830584408973
-678.89 -567.07 0.09 3686.0288487411785
-512.95 -424.67 0.09 3685.8193070272346
-756.76 -602.61 0.12 3838.0781093009446
-131.49 -149.59 0.12 3838.0781160428646
-330.95 -328.86 0.05 3435.4845534398637
-465.6 -435.5 0.09 3685.8226293421612
-705.32 -550.91 0.07 3555.4977080540166
-447.09 -404.32 0.05 3451.1147510493724
-500.99 -549.5 0.12 3838.0781151946494
-140.56 -140.05 0.06 3455.2366042249023
-241.47 -228.49 0.11 635.7072680508363
-697.2 -600.14 0.1 -1847.2969344258036
-148.35 -392.94 0.13 2721.268551673307
-151.24 -336.38 0.13 2721.2660461809987
-326.78 -594.71 0.1 2855.229218714214
-236.97 -422.59 0.07 3130.359987547109
-136.94 -241.76 0.11 6872.357960939001
-133.25 -226.27 0.09 2924.2746466439867
-311.97 -627.97 0.13 2721.2715777233257
-375.38 -561.96 0.13 2721.265729976787
-212.67 -560.65 0.13 2721.2666663293685
-233.8 -683.72 0.08 3017.912359424655
-415.77 -781.73 0.06 3330.6177449055126
-271.12 -473.64 0.14 2689.1469461606625
-109.06 -159.69 0.08 3028.495567571219
-419.65 -699.15 0.12 2758.0060349952605
-410.58 -612.96 0.13 2721.2729034059544
-406.34 -850.26 0.11 2801.517111669671
-516.84 -774.31 0.13 2721.2703116166044
-170.62 -461.3 0.13 2721.26570846202
-343.39 -670.04 0.09 2927.7943327930425
-259.93 -360.98 0.11 2801.510595929937
-378.31 -810.14 0.09 2931.6503966718724
-301.44 -666.25 0.13 2721.271403905905
-135.74 -397.83 0.1 2854.7205458416674
-215.65 -310.09 0.08 3021.046497929131
-345.8 -826.69 0.12 2757.995439873287
-118.92 -271.18 0.09 2924.6570633357487
-546.07 -829.33 0.14 2689.1471080273295
-244.17 -637.93 0.09 2922.24363307713
-173.07 -341.89 0.15 2660.2166848423585
-410.2 -634.49 0.13 2721.265816867155
-319.94 -933.81 0.1 2854.4649411948158
-354.74 -625.71 0.13 2721.266108273041
-259.11 -709.42 0.05 3811.724159442674
-198.43 -361.43 0.1 2855.171912049435
-329.6 -471.09 0.08 3011.31035744334
-360.4 -902.21 0.07 3220.241858504972
-119.45 -301.42 0.06 3318.5401824706187
-475.9 -687.27 0.15 -517.1850981739954
-289.38 -490.01 0.13 2721.2660170288204
-245.16 -625.05 0.1 2856.555764688621
-212.8 -523.09 0.11 2801.2860159638067
-418.97 -620.67 0.08 3008.0209551284424
-95.86 -189.71 0.08 3027.6073292294745
-337.97 -767.09 0.09 2923.8129061261034
-541.27 -769.37 0.05 3741.887827920586
-572.98 -789.21 0.08 3040.823113263038
-106.74 -204.09 0.1 2856.2025709654454
-245.42 -588.89 0.09 1159.792523394634
-420.14 -854.81 0.1 840.2688646985971
-123.21 -935.72 0.05 3609.6071152372765
-154.53 -835.42 0.06 3583.8388478798793
-94.58 -732.52 0.13 3948.663472954804
-57.7 -851.77 0.06 3577.201483523131
-186.34 -964.98 0.13 3948.6634758706814
-56.63 -676.61 0.09 3777.491551868355
-88.87 -427.84 0.1 3826.7996154937196
-23.43 -919.69 0.1 3826.7995493006074
-97.6 -484.69 0.07 4550.034393811597
-292.32 -921.32 0.05 3653.9498426366918
-59.22 -377.97 0.14 3985.553497101092
-78.49 -462.85 0.06 3602.894155069676
-48.14 -285.12 0.05 3541.916836169396
-168.78 -719.71 0.12 3910.806505626686
-47.59 -190.75 0.06 3579.7175733290524
-100.64 -756.91 0.14 3985.553497857278
-79.69 -317.63 0.12 3910.8065056256037
-1.5 -342.4 0.06 3804.2686387566364
-22.63 -368.26 0.15 4022.6764975618385
-70.46 -496.18 0.11 3870.676614762759
-11.99 -873.43 0.1 3826.7996071904545
-102.79 -986.63 0.08 3720.9657123052884
-23.57 -329.41 0.07 3654.43166167889
-10.88 -149.18 0.09 3777.491047866405
-49.47 -393.3 0.08 3856.5635869461184
-117.88 -520.98 0.08 3720.8928676897785
-53.71 -778.75 0.1 3826.799097892847
-193.72 -633.93 0.06 3700.64106861033
-145.92 -513.54 0.13 3948.663473399807
-218.28 -808.7 0.07 4686.534185629815
-117.37 -531.51 0.13 3948.663472864378
-46.71 -615.71 0.11 3870.67661588001
-110.11 -349.3 0.08 3752.7779925226077
-94.78 -584.42 0.1 3826.799610554305
-138.83 -470.25 0.05 3555.626260736038
-69.38 -355.79 0.06 3646.172794138557
-110.33 -492.37 0.1 3826.799541254722
-123.64 -433.73 0.07 3655.440050892821
-167.63 -720.27 0.1 3826.799610658261
-3.93 -283.95 0.13 3948.6634727685423
-21.62 -205.56 0.08 3720.8874495859873
-130.41 -907.03 0.07 3654.3275978566176
58.34 -653.18 0.06 5453.304223081579
130.47 -570.8 0.14 4990.591096315051
130.75 -940.05 0.07 5337.7596605064855
38.78 -191.79 0.12 5037.685996851969
86.5 -760.0 0.08 5202.643048841598
38.19 -695.51 0.06 5355.112508159538
20.15 -863.08 0.12 5037.807532482183
77.09 -777.94 0.09 5155.482957580549
95.14 -319.65 0.08 5199.627933790398
239.81 -744.97 0.07 5341.772186028668
80.54 -856.51 0.09 5149.656798277705
101.62 -839.78 0.08 5207.6991712429935
132.46 -790.1 0.09 5146.76953231514
43.79 -760.66 0.1 5103.571707256984
131.75 -827.81 0.07 5282.101550601654
195.93 -616.62 0.14 4990.540082923857
89.3 -471.17 0.08 5235.18854273049
87.61 -972.78 0.06 5428.350831142992
26.21 -256.97 0.07 5312.473869562571
69.87 -749.54 0.13 5012.401429495805
32.0 -297.48 0.13 5012.6695809315925
242.15 -931.44 0.14 4990.515075735107
64.01 -700.44 0.09 5162.200181502842
105.41 -326.31 0.05 5436.453259593113
260.42 -871.38 0.12 5038.3531274206725
164.66 -644.05 0.14 4990.5226949945045
147.01 -500.66 0.09 5146.885081114446
42.18 -651.1 0.14 4990.487621220875
83.22 -293.63 0.14 4990.490024888368
104.92 -754.59 0.12 5037.851087858129
135.75 -973.67 0.06 5433.2312738223645
127.75 -593.13 0.15 4971.332853875212
59.01 -454.86 0.11 5068.448039115447
25.08 -310.28 0.12 5037.698013553381
51.82 -205.12 0.05 5507.215953961209
91.11 -653.72 0.11 5067.969636264092
11.33 -153.32 0.1 5102.871260586655
16.11 -450.22 0.1 5102.86009482959
54.34 -973.69 0.06 5433.24954723757
65.09 -564.85 0.07 5322.311303151782
95.98 -905.46 0.09 5156.302792182876
53.88 -854.42 0.05 5790.472660607415
186.18 -843.5 0.07 5277.541056951176
99.88 -344.14 0.05 5507.423244423702
161.02 -555.63 0.1 5103.37153292422
7.98 -236.26 0.11 5067.762753556115
149.73 -813.41 0.14 4990.530889047359
233.87 -816.75 0.13 5012.4972233003855
148.59 -610.23 0.06 5368.731319485916
400.65 -881.73 0.09 14969.990419837803
137.96 -412.47 0.07 14439.937260662387
258.75 -502.54 0.12 15627.542585312454
333.22 -767.97 0.05 13362.39019066365
246.38 -605.25 0.08 14761.166856091071
516.79 -777.04 0.13 15804.484525197175
244.31 -596.91 0.1 15223.267950844136
342.47 -870.74 0.05 13540.39449668033
317.43 -557.85 0.1 15249.877233276993
192.26 -584.9 0.06 13897.129943068037
233.83 -681.75 0.08 14684.813458026096
280.43 -501.64 0.14 15943.958794491016
277.16 -719.8 0.1 15237.405895412116
307.96 -703.78 0.12 15630.268131415902
252.52 -445.76 0.06 13897.702071992642
282.71 -752.44 0.12 15630.535753518214
94.46 -273.73 0.13 15804.106800127498
464.78 -724.31 0.13 15793.92247116619
173.68 -394.7 0.11 15440.543167335862
244.16 -377.7 0.07 14408.545247318052
312.48 -760.73 0.06 13896.025837119576
386.41 -572.26 0.07 14401.666475864335
146.99 -414.48 0.1 15223.114695374
474.41 -749.2 0.06 13982.09524140476
374.43 -682.23 0.07 14416.028635081218
307.9 -750.86 0.09 14969.663269671348
504.31 -805.42 0.13 15792.163021702849
480.9 -861.19 0.14 15943.735878870611
297.83 -793.93 0.15 16071.723411558392
145.24 -279.33 0.11 15438.486651787509
154.97 -422.83 0.13 15799.057546140551
258.68 -479.49 0.11 15439.069580939238
509.1 -755.51 0.11 15443.121271230893
51.25 -102.39 0.09 14967.98732164416
499.47 -774.57 0.09 14967.24085683508
456.41 -632.79 0.13 15806.095371441483
140.27 -256.39 0.07 14393.310082536367
695.47 -564.3 0.08 6814.738833698559
295.3 -260.05 0.06 6818.589050175839
482.03 -605.93 0.06 7078.648740675664
597.64 -781.62 0.12 6770.538373986572
310.77 -263.38 0.14 6754.265715150692
440.28 -418.86 0.09 6810.838499913425
628.47 -726.59 0.11 6780.992241146481
511.02 -374.46 0.12 6769.97875201023
694.6 -578.72 0.05 7108.5766708939545
373.79 -362.13 0.08 6818.1603886057765
650.12 -557.8 0.11 6779.867832354355
579.04 -506.4 0.07 6865.587923285461
558.52 -421.75 0.11 6779.9208784893035
604.39 -618.68 0.07 6834.370344287776
177.24 -170.79 0.09 6809.939816900672
312.55 -262.64 0.05 7096.676193254303
606.69 -519.47 0.13 6761.404144007123
486.32 -652.3 0.05 6802.476129001772
576.74 -524.31 0.11 6778.672603517718
646.68 -539.7 0.09 6829.382828507578
434.37 -587.34 0.14 6754.264738845264
653.63 -549.38 0.13 6761.345468815133
617.7 -562.4 0.11 6779.606360807202
429.16 -583.47 0.14 6754.26606008178
481.61 -662.44 0.13 6762.049335765294
526.82 -399.05 0.1 6794.603509469831
410.52 -410.07 0.06 6818.778398357645
447.6 -611.03 0.12 6772.421433050616
521.69 -422.26 0.09 6809.460483853813
427.01 -315.66 0.07 6836.6682214283765
308.36 -358.82 0.09 6800.949739126492
367.04 -381.88 0.06 6840.378558819977
265.96 -352.05 0.07 6846.412601047599
307.63 -421.38 0.06 6958.737909072175
407.0 -359.81 0.12 6770.629954160102
151.48 -205.23 0.11 6784.420200692791
687.05 -516.86 0.09 6799.283960995653
533.4 -578.4 0.11 6780.167497701004
316.91 -432.03 0.06 7086.400666303445
674.06 -512.84 0.09 6803.712322148472
609.37 -549.73 0.1 6801.858297317384
163.46 -216.99 0.08 6854.259159407649
458.7 -520.02 0.11 6781.173967373509
325.63 -240.23 0.1 6792.513680013102
552.73 -533.13 0.1 6792.60775675714
488.07 -590.14 0.06 6949.5708846570005
455.68 -582.15 0.08 6824.583034230496
416.15 -477.51 0.12 6770.7620243587135
584.01 -296.78 0.15 4806.05483666245
857.78 -298.74 0.1 4610.7755077136535
782.72 -300.83 0.13 4742.166927553151
588.56 -370.26 0.05 4214.226441564968
672.22 -231.64 0.11 4660.763300088894
821.22 -466.54 0.12 4704.12752436164
592.77 -338.93 0.09 4552.448048149543
449.94 -281.77 0.09 4552.448051866604
79.08 -41.91 0.11 4660.763300236106
213.89 -100.56 0.12 4704.12752360122
171.57 -123.3 0.11 4660.7633000931955
121.63 -43.54 0.11 4660.763300108766
553.73 -201.08 0.1 4610.77550785864
877.11 -301.46 0.11 4660.763281208313
57.53 -38.5 0.1 4610.775507953256
224.12 -125.88 0.08 4483.486225752462
822.66 -500.87 0.07 4650.0013758878285
148.87 -91.35 0.08 4483.46204744105
77.27 -42.77 0.05 4195.935346986972
500.11 -234.33 0.09 4552.44803811603
383.97 -174.52 0.08 4483.462114365571
347.5 -193.8 0.11 4660.763300141357
624.81 -416.97 0.1 4610.775507661352
425.3 -245.69 0.06 4313.613211601009
473.93 -295.66 0.06 4322.290907232202
359.72 -183.42 0.15 4806.054842073483
851.03 -402.98 0.11 4660.763300379737
632.08 -379.23 0.06 4299.081611160624
621.89 -395.23 0.07 4400.774497425792
773.51 -341.12 0.08 4483.509066481376
130.25 -48.68 0.14 4775.882490738322
695.67 -293.17 0.1 4610.775507536455
312.43 -102.26 0.13 4742.1669242197295
868.69 -366.76 0.08 4483.459357331915
867.7 -310.32 0.07 4400.643362886419
375.73 -228.6 0.13 4742.166927116542
621.89 -285.48 0.06 4300.223963963041
874.89 -367.79 0.06 4300.296334859164
582.64 -402.51 0.06 4301.466999199531
866.95 -329.26 0.11 4660.763300201526
133.15 -0.32 0.09 4057.847547209346
315.59 -67.01 0.07 4284.300684639864
744.54 -32.69 0.06 4521.995142394065
989.13 -109.92 0.1 3993.417283903809
622.63 -157.97 0.13 3884.060592506138
85.94 -19.99 0.14 3860.759271108155
172.03 -5.54 0.11 3948.032559221113
724.38 -126.48 0.13 3884.057061116622
934.28 -83.3 0.1 3993.4587014492213
782.74 -214.67 0.11 3948.656822109539
734.9 -204.26 0.11 3949.0586447773203
256.04 -29.94 0.14 4045.6344102398966
867.25 -0.01 0.12 3912.824157084758
796.54 -189.82 0.14 3860.7622940354668
659.37 -180.85 0.1 3994.105116029555
563.48 -13.15 0.09 4049.418027615829
923.3 -37.25 0.1 3994.5087646255547
862.19 -79.09 0.06 4579.552032453113
432.5 -73.19 0.14 3860.758947881061
976.18 -105.3 0.15 3841.4540965613664
471.61 -49.52 0.14 3860.7648002063174
909.15 -240.43 0.1 3994.0206705808796
629.34 -79.21 0.12 3912.565908839024
600.22 -152.02 0.13 3884.0982344742315
534.06 -160.79 0.11 3949.6298219237365
735.66 -202.35 0.09 4050.094841930639
374.27 -46.62 0.08 4159.7409873271345
987.41 -51.99 0.06 4335.7656125598605
978.97 -62.87 0.1 3994.8498536833827
643.49 -146.44 0.11 3948.955621631907
622.21 -72.26 0.14 3860.761992985775
292.35 -79.6 0.08 4131.035134245094
523.65 -153.94 0.13 3884.0870583614833
650.51 -192.04 0.14 3860.757179307362
918.23 -46.91 0.07 4267.478809634646
594.43 -33.86 0.11 3947.982256680483
386.44 -8.55 0.1 3993.765292597879
549.64 -146.96 0.14 3860.7705967835927
756.68 -166.16 0.07 4217.118873540396
971.36 -100.21 0.05 4487.002110756491
513.5 -100.1 0.05 4648.824591558378
737.02 -179.25 0.1 3995.2996782155183
656.19 -146.75 0.08 4134.637320440028
565.89 -21.85 0.11 3948.0250551489708
888.18 -198.66 0.08 4129.939800347991
971.48 -104.34 0.08 4166.897170063422
728.01 -68.11 0.05 4970.069545443073
762.83 -156.88 0.07 4322.096751868954
