0.0 0.0
226.78 58.08 0.11 5867.055762609136
320.47 79.45 0.13 5876.04560885828
899.4 25.32 0.13 5876.06619870939
889.52 64.16 0.14 6662.745214126795
133.42 18.59 0.14 5999.418570596035
598.67 181.05 0.08 5838.43080178623
609.04 130.49 0.11 5866.943133026993
958.49 34.02 0.14 5878.050440811845
826.42 73.58 0.09 5853.45219271052
857.86 223.27 0.08 5838.791058447331
330.13 6.15 0.05 5955.313601203633
455.22 125.94 0.1 5858.5517711435195
761.65 158.01 0.1 5858.452498839009
713.17 72.58 0.06 5908.374567389126
768.88 35.91 0.1 5860.4399107662975
887.56 249.49 0.07 5833.189580963431
856.25 251.14 0.06 5800.0985091700295
351.24 7.57 0.07 5837.712142751799
701.63 44.37 0.08 5834.755786219124
520.21 39.65 0.12 5872.342524385903
617.47 78.87 0.1 5860.062779861086
423.32 26.27 0.11 5864.184430653075
939.25 41.45 0.06 5797.121810642873
680.53 163.29 0.07 5864.072519059036
867.8 26.39 0.1 5859.775480163335
750.63 104.51 0.08 5837.500178563769
646.61 6.15 0.14 5878.054029954383
435.82 25.32 0.15 5880.128464507303
534.48 141.71 0.14 5878.459917681679
376.12 1.52 0.11 5866.602468082119
576.61 131.19 0.06 5837.055711061765
187.51 4.8 0.13 6167.301635488955
464.37 50.91 0.14 5880.001666777333
919.98 36.45 0.14 5897.849518880457
768.13 232.62 0.08 5838.0990213288715
264.48 64.87 0.14 5878.046403783093
324.18 21.06 0.1 5859.408497917836
622.69 177.26 0.1 5858.599711184119
928.57 36.83 0.12 5872.356282200263
785.48 195.88 0.07 5817.901293118601
948.69 304.28 0.12 5874.021398852973
842.81 81.29 0.12 5872.391143800502
522.31 188.7 0.11 6580.6690493952565
913.79 389.07 0.11 6580.672642620563
892.34 388.87 0.11 6581.842778485743
808.29 498.66 0.06 6483.784499990818
863.44 502.92 0.11 6581.376158475683
609.87 276.32 0.13 6623.577525939418
768.25 422.81 0.14 6657.539300603561
784.28 454.58 0.13 6623.53101732815
391.31 127.85 0.08 6484.74427737494
799.37 375.28 0.11 6580.8705219739695
683.78 314.05 0.12 6603.93018373068
239.44 95.1 0.14 6640.473657758099
880.64 336.56 0.07 6447.559452689166
212.62 147.41 0.08 6493.761268782689
429.57 160.25 0.07 6435.505866059501
533.22 231.35 0.09 6518.485154977718
439.22 251.3 0.07 6425.925378956514
341.45 234.86 0.16 7269.329325233714
830.26 396.27 0.13 6623.8471914576785
226.0 147.26 0.13 6651.648225495622
558.06 332.24 0.13 6623.560980708798
493.33 168.22 0.11 6581.104588964715
492.3 269.31 0.08 6497.5758153142
664.22 324.09 0.14 6775.68321948399
827.33 412.4 0.07 6465.813112410977
806.86 531.82 0.05 6299.727435557302
898.21 303.07 0.06 6376.331677137257
646.17 357.75 0.1 6553.094204704617
663.52 447.2 0.14 6650.240553985765
855.87 436.68 0.13 6633.693427776224
451.65 278.58 0.1 6554.461417398399
55.83 21.01 0.12 6610.318199734823
306.32 219.66 0.07 6428.938767000308
882.87 408.25 0.11 6581.115300361279
765.62 554.82 0.13 6634.351246620323
631.46 406.75 0.1 6554.684693649364
787.79 561.07 0.08 6483.879481939198
773.22 460.78 0.12 6612.012995324522
507.48 331.21 0.1 6553.780564818329
366.14 121.7 0.07 6427.188159871512
174.48 104.13 0.05 6293.860420459303
235.91 306.03 0.06 9391.209371853005
619.98 586.8 0.1 8508.017233708595
567.08 669.57 0.09 8778.125001407514
773.74 580.84 0.1 8592.827553703097
317.51 315.39 0.09 8859.706341313797
300.75 407.4 0.08 9093.149737521477
468.45 582.58 0.12 8317.896968785199
381.9 472.04 0.15 7800.372592583064
694.74 638.71 0.11 8669.403502675466
599.31 758.83 0.07 9464.503694607956
297.39 270.72 0.07 9497.415090641141
415.01 380.4 0.13 8484.07989815699
331.07 382.35 0.14 8362.213439258956
788.89 612.51 0.06 9776.145771673262
596.34 561.16 0.08 9460.69711620643
329.96 425.38 0.09 9341.872913825535
229.01 218.77 0.06 9847.082276000074
680.18 605.66 0.06 9873.254443900987
652.57 564.27 0.08 9597.298399178186
269.3 342.0 0.12 9076.128996972948
595.11 443.58 0.08 9681.84820484675
703.77 696.38 0.07 9844.248071250053
205.79 248.73 0.12 9231.531925453122
625.95 605.8 0.12 9325.960253302812
611.14 720.1 0.12 9402.194146263668
368.47 351.6 0.07 10016.239529575589
515.39 465.39 0.1 9739.002421534113
641.94 554.47 0.14 9372.856539957804
223.88 192.5 0.06 9902.686973197504
580.9 776.99 0.1 9945.938318481836
591.68 594.77 0.1 10003.287104818723
395.48 360.34 0.08 10151.830717677381
410.47 436.24 0.15 9503.912172541466
459.34 497.38 0.06 9767.046216876255
234.91 305.21 0.12 10109.140944096667
111.72 90.4 0.11 10272.89838291381
603.08 571.26 0.1 10386.243940033659
666.84 495.47 0.07 10355.882511488315
369.69 820.81 0.09 8419.381788680177
42.46 63.92 0.1 8481.36522767858
335.93 642.33 0.13 7963.056600959886
255.6 676.45 0.1 8486.348971888234
112.68 188.69 0.07 8239.766931652945
376.28 801.93 0.09 8419.865766787465
486.28 869.53 0.05 8116.197293279744
477.86 702.97 0.11 8538.923257658245
479.81 865.95 0.1 8482.645287520027
368.28 681.49 0.11 8538.1604857567
511.6 719.56 0.12 8585.514714799476
399.97 809.27 0.05 8075.407929955843
218.64 350.9 0.06 8214.342015599672
374.5 732.68 0.14 8561.976366353003
314.14 779.93 0.1 8483.35972077107
218.74 544.13 0.14 8662.089586386584
115.68 305.14 0.13 8626.378138812644
100.54 200.27 0.17 8569.277936445067
326.38 577.05 0.12 8585.928798221641
428.71 705.26 0.08 8337.420338035266
390.09 760.02 0.13 8626.773301270241
204.79 480.1 0.15 8694.425021135958
97.58 135.42 0.15 8693.026467054859
318.66 465.09 0.1 8489.044864014475
187.4 542.33 0.2 9184.822749465333
316.81 687.99 0.11 8537.632542389516
193.72 434.69 0.18 8772.34652900416
82.46 195.39 0.13 8626.773863523169
419.12 602.35 0.14 8662.086502318152
332.22 695.58 0.07 8301.520348766697
278.47 640.66 0.18 8766.445079029505
287.75 710.53 0.08 8348.838389384795
296.29 806.91 0.14 8484.397320396769
132.15 345.97 0.06 8214.347963322263
133.74 379.52 0.1 8483.147938595297
300.39 469.32 0.14 8662.147164607633
187.47 718.59 0.11 8246.661696270323
32.62 619.97 0.14 7631.843154442923
1.74 548.45 0.06 9457.135709344471
0.11 287.55 0.23 5918.584580830896
118.5 786.16 0.23 6222.766236358642
165.83 840.73 0.18 7337.918472777741
44.17 410.88 0.1 8919.763936768453
108.28 416.75 0.11 8788.549643267876
184.52 823.8 0.15 8143.508551167661
42.93 864.03 0.05 9926.584576416484
39.26 968.79 0.06 9708.954140860453
88.75 399.82 0.06 9797.746891595529
173.98 663.74 0.1 9180.204962443026
83.97 989.99 0.17 8202.177411180122
70.45 402.38 0.13 8895.154763903607
109.97 918.21 0.12 9137.734041553616
36.43 639.08 0.06 9694.233674170526
39.53 540.17 0.11 9383.276836776386
46.65 301.64 0.12 9339.655612848503
216.06 668.99 0.05 10196.068447859252
84.58 988.1 0.08 9889.206461393718
52.31 214.98 0.11 9237.243617907576
233.63 759.92 0.08 9589.571392937987
9.26 908.63 0.09 9522.291387874404
202.39 645.38 0.1 9842.636063554724
18.7 551.85 0.06 10097.819888331893
102.57 568.17 0.11 9917.205266059782
217.85 862.53 0.06 10181.909112902209
63.02 939.35 0.07 10159.786805351523
104.16 801.51 0.1 9680.051259404629
91.93 651.56 0.23 9508.345169372955
136.02 514.25 0.13 9990.646187864237
-117.79 918.12 0.07 6614.474904813438
-125.52 719.97 0.12 6749.645253965486
-133.94 722.51 0.13 6764.560364423562
-298.33 952.07 0.05 6515.536154965498
-11.39 936.57 0.08 6652.119129608603
-47.04 161.19 0.08 6671.3019910844505
-25.41 122.31 0.12 6729.44870389437
-96.64 533.09 0.12 6366.058466572809
-130.5 944.11 0.06 6597.5736649469
-234.83 860.24 0.15 6880.695768907887
-49.76 295.06 0.14 6792.544464720084
-91.45 531.19 0.11 6498.715855239079
-71.96 833.22 0.14 6777.493938360381
-125.65 966.69 0.09 6692.344554353093
-104.49 415.71 0.08 6657.113049998791
-63.31 372.79 0.13 6764.500783939664
-229.69 767.91 0.07 6677.73371982028
-109.55 444.47 0.07 6675.603359097773
-64.32 453.36 0.1 6653.994028809457
-173.16 568.6 0.09 6689.30146170005
-8.96 312.76 0.05 6822.506672085692
-21.53 342.95 0.1 6710.634096321475
-50.68 225.67 0.15 6938.08359043404
-11.66 233.57 0.08 6651.3432874718565
-77.73 492.26 0.14 6695.37893904154
-60.56 504.18 0.08 6650.503412482794
-12.33 982.67 0.16 6811.898851380207
-0.76 859.26 0.07 6619.039163625233
-76.3 742.12 0.06 6696.952839207095
-28.61 699.1 0.06 6643.33719002563
-73.98 749.98 0.1 6708.533264303688
-206.89 753.99 0.11 6731.409043673433
-128.14 872.65 0.07 6611.734996450485
-87.51 738.49 0.15 7145.586781143666
-90.2 585.07 0.11 6731.6491767071575
-192.06 807.26 0.09 6684.5193158689835
-12.03 589.14 0.06 6602.554501199735
-276.38 932.05 0.09 6695.863201819736
-215.6 911.21 0.15 6923.09214072487
-35.17 590.84 0.06 6649.880035228448
-5.31 628.5 0.05 6502.72373690461
-75.86 568.96 0.11 6731.291553384222
-11.03 432.51 0.11 6730.858480306146
-53.5 76.85 0.05 8240.377422178937
-350.51 923.57 0.05 8294.26305577082
-454.99 866.34 0.08 8727.815373402893
-301.65 581.53 0.07 8575.48796195601
-106.4 150.18 0.06 8344.875889572886
-319.22 642.93 0.1 8700.071719827663
-135.6 192.11 0.05 8292.310429362906
-329.87 570.57 0.09 8878.068062412587
-457.26 744.72 0.06 8352.791598378088
-477.38 861.56 0.06 8339.922643662845
-282.92 594.83 0.06 8417.142577233044
-242.64 434.04 0.11 8796.103717065691
-166.79 301.31 0.08 8725.887795667477
-196.45 382.35 0.11 8914.49213660694
-206.39 399.71 0.07 8572.946591295462
-365.72 540.79 0.12 8778.289564123988
-305.15 772.57 0.07 8544.436431275119
-528.39 819.21 0.1 9003.584322008099
-230.09 430.58 0.1 9002.4355667623
-322.63 483.42 0.12 9170.241828613762
-240.58 541.76 0.09 8876.356226072943
-299.55 669.82 0.12 8957.376180187837
-266.77 764.71 0.1 9002.550870872965
-316.07 669.52 0.1 9001.283775822272
-315.17 604.64 0.12 9203.785297383922
-371.36 868.5 0.1 9003.014021037905
-303.75 870.07 0.05 8085.200604671599
-420.99 867.11 0.12 9205.975067981772
-420.07 852.74 0.13 9306.812064974041
-431.04 855.08 0.06 8335.042859235802
-378.95 738.64 0.1 9002.57349673291
-305.6 839.11 0.08 8726.059014745444
-188.12 518.4 0.06 8352.674515574607
-401.86 567.77 0.11 9111.754068787333
-417.39 660.61 0.14 9362.491096862941
-299.43 679.67 0.06 8369.281116928589
-218.02 485.8 0.14 9278.524361823744
-374.53 516.04 0.15 9422.652287240806
-209.97 336.93 0.1 9008.485945808323
-371.91 789.34 0.13 9249.18188640831
-271.06 705.16 0.08 8725.709238816218
-341.36 268.69 0.06 8261.22484459799
-446.44 572.34 0.07 8364.85422463221
-649.47 570.41 0.05 7954.299876707315
-689.59 545.65 0.1 8596.943471647537
-711.43 648.76 0.08 8515.071659947176
-517.44 564.19 0.07 8369.502335203037
-528.86 445.43 0.08 8518.286794828085
-412.31 458.23 0.06 8154.279388222983
-511.65 572.92 0.08 8511.731712555267
-770.02 581.46 0.07 8390.11039641493
-572.74 549.07 0.07 8353.268009017496
-526.0 659.24 0.06 8153.730662968527
-415.46 486.09 0.05 7952.575668875974
-124.88 137.84 0.08 8517.514165212178
-555.03 715.08 0.09 8646.109259381483
-302.44 416.14 0.06 8179.469562902869
-297.29 291.69 0.13 8745.387807590032
-735.11 615.45 0.15 8546.872964209597
-222.71 291.84 0.08 8527.356233914712
-241.39 251.97 0.11 8867.500745956426
-496.04 475.03 0.11 8866.99066917638
-404.56 384.41 0.06 8159.763363276335
-607.65 481.2 0.15 9006.242572293182
-673.41 656.43 0.13 9035.485637948921
-478.26 491.37 0.13 9035.46879657934
-405.85 369.01 0.08 8514.716143234004
-228.59 237.56 0.13 9035.477282198257
-473.1 438.63 0.12 8956.539652564756
-252.41 316.17 0.14 9058.374461072286
-592.67 667.62 0.13 9017.493134051121
-625.46 667.87 0.06 8154.647351196736
-601.43 650.86 0.11 8867.671194802677
-200.77 239.02 0.1 8765.626379323887
-246.98 302.95 0.08 8514.141195401495
-179.6 193.0 0.14 9110.010229925341
-342.56 445.88 0.13 9035.41370677171
-292.44 295.66 0.15 9160.62588655312
-484.52 498.59 0.08 8509.35030063451
-529.13 430.09 0.06 8185.030245693539
-512.22 450.11 0.1 8766.843643223998
-652.72 356.72 0.12 8024.351260312595
-623.21 245.0 0.15 7373.761582251056
-771.58 502.58 0.1 8554.5900822393
-541.65 342.67 0.08 9032.221015267394
-570.49 370.93 0.11 8432.095930743326
-256.04 91.63 0.08 9104.50889428439
-620.95 305.64 0.08 9136.697361910497
-777.22 455.92 0.11 8552.520238116627
-464.54 334.85 0.06 9597.016724852196
-676.62 444.42 0.08 9223.589739928686
-832.42 385.23 0.07 9446.534177258254
-542.18 384.42 0.06 9661.260010067672
-820.04 281.74 0.11 8784.541799083663
-483.89 301.72 0.06 9723.39992322855
-629.26 365.43 0.13 8536.864821507828
-340.36 134.96 0.08 9444.555395263129
-367.66 207.45 0.13 8676.825055887415
-658.96 464.18 0.08 9532.632268585703
-890.98 327.63 0.1 9276.377337887394
-217.35 94.84 0.1 9272.313554971586
-674.63 399.2 0.06 9661.683240819708
-803.33 406.48 0.09 9577.700880404118
-742.59 522.6 0.08 9747.29167261052
-116.74 60.2 0.16 8830.371059181782
-813.3 289.21 0.12 9065.666512860931
-116.98 50.02 0.08 9309.565637292038
-462.03 297.75 0.07 9700.677676031024
-756.74 467.01 0.11 9723.533420838385
-731.67 429.4 0.13 9608.506516648833
-855.53 498.46 0.08 10003.918983606429
-380.17 236.33 0.07 9685.805716487059
-362.01 123.17 0.11 9951.542982449788
-543.19 180.98 0.18 9367.119568809625
-800.07 279.38 0.06 9772.823272432586
-803.74 325.42 0.12 9532.52378834023
-571.15 387.69 0.1 10112.992456771877
-552.87 246.02 0.08 9971.026426633678
-521.56 376.16 0.11 10020.46366676987
-714.31 460.41 0.17 10281.772409178007
-139.0 30.91 0.14 6588.121101712551
-744.47 81.43 0.1 6452.448619282464
-578.75 59.7 0.06 6243.949023399389
-924.44 271.71 0.14 6577.112187016484
-925.84 95.1 0.09 6407.056321959775
-903.7 90.1 0.14 6577.108884630135
-654.01 133.0 0.09 6412.166461372304
-724.87 115.17 0.13 6552.00122971846
-426.76 7.03 0.11 6490.73230963242
-828.72 227.73 0.13 6576.483200079577
-758.27 189.42 0.13 6552.033684217413
-659.92 173.51 0.12 6523.3026769449525
-937.73 147.08 0.05 6173.463735043829
-789.16 39.65 0.1 6452.364931869864
-925.28 60.35 0.13 6552.000234355193
-627.39 28.58 0.11 6490.226533826218
-592.36 69.89 0.1 6451.854189245016
-79.1 22.81 0.12 6523.290932649728
-651.22 140.71 0.06 6246.563141134206
-891.66 58.04 0.09 6407.236966885306
-710.38 139.76 0.13 6553.238111055049
-838.56 245.06 0.08 6355.631820790002
-722.89 195.25 0.09 6409.270403728856
-826.4 259.49 0.07 6293.313320729066
-947.09 64.38 0.14 6578.673247253568
-923.4 35.56 0.05 6380.724458505966
-867.24 121.14 0.09 6408.102368229494
-976.44 86.16 0.08 6363.112191359169
-874.56 185.61 0.09 6407.384703082749
-733.16 162.82 0.11 6490.241454399641
-753.92 133.93 0.09 6407.605430900967
-546.74 99.87 0.07 6300.673299466915
-553.02 31.34 0.13 6551.992080991923
-529.74 97.27 0.11 6490.195026380896
-636.58 87.99 0.13 6589.742405814262
-525.79 61.37 0.15 6694.111213441964
-557.24 99.39 0.13 6553.3513138978
-190.19 28.12 0.06 6221.501684893519
-237.23 60.3 0.1 6451.797372382074
-225.65 31.6 0.06 6235.807551533431
-712.65 164.9 0.07 6294.119555054478
-955.73 -271.15 0.09 8672.248947609336
-725.07 -182.57 0.09 8671.110000872717
-415.51 -82.92 0.09 8672.994250425441
-320.57 -86.13 0.08 8514.328385929604
-734.47 -84.9 0.1 8717.010960184725
-658.72 -76.1 0.09 8670.177156908372
-734.88 -3.7 0.07 8324.399382389996
-888.96 -150.07 0.12 8488.084099108608
-810.56 -87.28 0.08 8515.535001033084
-116.75 -28.74 0.11 8817.448166887003
-835.26 -179.74 0.08 8512.224516784645
-555.73 -98.2 0.07 8325.233960721758
-742.58 -135.0 0.06 8140.177366521768
-511.68 -91.92 0.1 8806.830089850497
-788.41 -33.11 0.05 7862.948433048303
-331.21 -95.07 0.08 8513.401869251153
-354.9 -54.81 0.07 8337.355971562642
-778.49 -119.34 0.09 8671.740765073195
-887.01 -178.91 0.06 8128.260368141051
-710.06 -144.86 0.09 8671.842033814484
-849.98 -210.46 0.06 8100.7553445464855
-576.28 -96.36 0.1 8805.862541255643
-776.08 -71.97 0.12 9025.142546485065
-550.01 -63.44 0.14 9201.045084059635
-561.1 -134.91 0.12 9026.822914394752
-17.12 -2.12 0.12 9025.151027764341
-441.95 -23.77 0.06 8103.057351729666
-95.93 -3.94 0.12 9025.167794316234
-812.85 -96.25 0.06 8112.820307330728
-792.26 -152.28 0.16 9171.952456044684
-804.06 -14.33 0.1 8807.025397794983
-291.81 -89.76 0.13 9117.861270941348
-489.03 -60.85 0.07 8328.292388747705
-566.28 -17.32 0.07 8328.588138319843
-409.29 -81.09 0.12 9065.31399578432
-958.32 -281.56 0.12 9025.165743644637
-513.43 -44.2 0.14 9194.185015438083
-871.27 -228.14 0.06 8177.508683860162
-697.58 -61.69 0.15 9283.164222437443
-555.91 -204.27 0.11 8248.626306646629
-788.87 -378.54 0.07 9201.376891761602
-583.33 -231.21 0.08 9005.920683699846
-771.66 -315.81 0.07 9252.47810287807
-506.3 -304.45 0.05 9706.372822009409
-715.08 -264.81 0.08 9067.113792898002
-818.64 -570.95 0.09 8898.449314418936
-383.66 -196.26 0.07 9352.530710195533
-713.31 -428.07 0.16 7624.698599683585
-116.16 -53.1 0.15 7897.539234312642
-833.96 -524.98 0.08 9287.075446934978
-704.58 -429.56 0.12 8588.834641211914
-413.23 -208.28 0.1 8997.25048087956
-226.74 -85.15 0.14 8392.75322744521
-471.19 -267.15 0.1 9138.858999968259
-430.9 -149.87 0.1 9202.918778090081
-405.62 -285.74 0.05 10013.13155648338
-828.63 -527.23 0.12 8982.250767107449
-346.59 -143.75 0.14 8800.150853148347
-545.85 -185.12 0.06 9962.603247446918
-666.29 -312.68 0.11 9309.841389463281
-697.46 -434.14 0.08 9717.727240139742
-673.26 -304.95 0.09 9669.799052695837
-627.1 -211.85 0.06 9736.994004473327
-479.15 -286.51 0.09 9743.231648724159
-758.16 -310.89 0.1 9687.72084685909
-299.29 -128.95 0.09 9850.766293579061
-748.25 -351.18 0.08 9988.126514951766
-702.24 -326.69 0.16 9281.44994848749
-691.74 -361.52 0.06 9750.717429620918
-591.27 -225.28 0.14 9603.450899149546
-826.82 -320.12 0.05 10070.886927247626
-517.9 -190.21 0.14 9680.394441811915
-177.47 -88.94 0.1 10095.799418127444
-577.73 -239.68 0.07 10131.703239272472
-450.29 -309.18 0.05 10263.164100582257
-633.95 -288.2 0.08 10348.793320156923
-316.99 -133.62 0.14 10101.46992123795
-297.87 -370.97 0.05 6430.859623155234
-562.84 -754.14 0.09 6910.60256929734
-592.56 -796.17 0.12 7235.7527926598905
-301.83 -232.92 0.1 7039.564558871658
-287.42 -312.63 0.13 7325.94445676294
-548.97 -588.18 0.12 8235.501633423159
-463.86 -480.1 0.07 6677.675063962015
-622.24 -781.24 0.06 6511.135087953786
-538.68 -614.48 0.06 6549.702531814865
-456.58 -550.37 0.07 6678.83544260422
-334.52 -345.03 0.1 7040.145361123143
-273.13 -352.81 0.09 6927.439195429574
-480.4 -532.36 0.13 7351.421676779168
-577.71 -503.78 0.09 6927.06532612959
-590.97 -465.99 0.06 6560.944894902432
-253.46 -268.48 0.07 6662.2070821327125
-500.48 -405.45 0.05 6368.629781620968
-509.96 -698.01 0.12 7235.738315700471
-574.85 -655.15 0.12 7238.716016764253
-494.01 -639.11 0.09 6926.155209055085
-439.59 -500.2 0.06 6545.455591809517
-580.24 -685.43 0.17 8334.213903095571
-299.22 -262.96 0.09 6892.047008455032
-529.44 -415.17 0.08 6801.084351862544
-534.45 -429.3 0.11 7235.495144919615
-405.75 -323.6 0.07 6663.530029351181
-315.16 -420.68 0.09 6902.559145700679
-621.0 -656.15 0.1 7039.858714900506
-453.99 -584.85 0.06 6603.325031635139
-478.0 -372.79 0.08 6805.981990055267
-381.94 -496.74 0.1 7039.9403016992
-743.05 -599.77 0.06 6511.641855998222
-504.89 -453.77 0.08 6802.041520982371
-524.25 -661.54 0.08 6810.595848742426
-527.52 -518.86 0.14 7573.82523111527
-562.02 -606.8 0.13 7321.439951954314
-460.67 -426.06 0.09 6902.559328972835
-176.79 -219.44 0.09 6927.805205632625
-198.92 -159.69 0.09 6928.264523228112
-497.43 -723.68 0.1 8481.784453162247
-179.94 -402.82 0.09 8753.728760579676
-316.49 -519.18 0.11 8354.241348867952
-561.79 -795.01 0.14 7770.753165468204
-254.13 -638.89 0.12 8283.193789746929
-427.35 -788.98 0.11 8549.737705009851
-185.14 -519.26 0.09 9006.780438437541
-344.23 -604.39 0.1 8842.283174048747
-84.55 -204.65 0.1 8903.679295972659
-354.59 -844.32 0.14 8232.80692321464
-342.92 -578.72 0.07 9538.815758678382
-285.5 -608.42 0.07 9562.544111621628
-226.79 -597.81 0.12 8720.430805222431
-517.39 -837.44 0.13 8659.54473114837
-355.65 -522.69 0.09 9357.984581458997
-208.52 -489.65 0.11 9103.366430924201
-350.63 -661.73 0.15 8625.988842916691
-334.88 -900.03 0.09 9546.94278705884
-128.43 -309.28 0.09 9601.016034912353
-380.67 -846.13 0.08 9776.260510363909
-321.41 -790.78 0.1 9575.10001944319
-265.72 -669.44 0.07 9965.553130720986
-515.73 -756.39 0.08 9884.344410694022
-241.36 -475.79 0.05 10245.387028048035
-435.74 -838.07 0.06 10154.86577158658
-401.75 -768.73 0.08 9972.121136405081
-408.07 -745.56 0.06 10200.551547962834
-358.89 -665.58 0.06 10221.767107408137
-427.88 -682.0 0.06 10239.760044760067
-228.28 -555.12 0.09 10004.345072142989
-194.7 -529.85 0.06 10288.606284977051
-265.84 -499.28 0.08 10150.737558686193
-128.45 -855.81 0.12 8023.418903699279
-256.49 -889.95 0.05 9657.291538961104
-83.57 -387.91 0.06 9451.571764918352
-116.74 -837.94 0.13 7972.229712465049
-187.91 -704.37 0.07 9301.366371642576
-90.7 -358.54 0.07 9323.277850833565
-183.93 -843.02 0.15 7720.489906278181
-85.49 -894.17 0.07 9389.46801024181
-40.24 -658.03 0.06 9611.455210003733
-234.21 -814.88 0.12 8472.978114682684
-143.15 -922.17 0.06 9656.119193323097
-102.96 -555.43 0.09 9118.971550103015
-136.41 -703.29 0.05 9669.453557590543
-31.02 -187.85 0.08 9366.84152690306
-2.59 -866.3 0.06 9750.85808805613
-115.53 -725.62 0.07 9599.200321620196
-141.93 -473.71 0.1 9135.579975564911
-10.96 -473.96 0.05 9707.213500796955
-176.6 -544.0 0.14 8571.004419551306
-168.37 -520.74 0.12 8975.294141266515
-91.61 -443.84 0.05 9744.355241260688
-72.95 -684.94 0.08 9597.976475771824
-151.86 -929.13 0.08 9677.538611096556
-46.77 -707.02 0.09 9549.097368157272
-8.16 -740.21 0.16 8796.13809242779
-44.69 -704.52 0.13 9248.35714706058
-130.69 -494.48 0.14 9224.806322651366
-147.56 -565.72 0.07 9433.707634616034
-125.03 -635.05 0.13 9456.264842498547
-108.45 -751.62 0.09 9906.977535119693
-188.76 -717.89 0.06 9603.752284366103
-31.03 -183.38 0.12 9511.332089381911
-20.98 -965.77 0.12 9782.249796038363
-180.19 -922.18 0.17 9531.152921003031
-58.99 -655.69 0.15 9687.394684426377
-70.64 -854.61 0.07 9597.98197640513
-17.71 -842.61 0.07 9933.512009423914
-24.21 -389.36 0.11 9468.176766037079
-99.1 -557.45 0.15 9941.029472256923
-130.62 -793.38 0.1 9701.561043087417
45.42 -796.8 0.13 6232.618950943044
105.51 -724.69 0.07 6010.61308219031
34.26 -495.84 0.13 6231.244610510203
120.26 -402.29 0.06 5969.252694991495
196.64 -822.59 0.09 6101.023010137271
31.29 -603.83 0.11 6175.891400871645
116.47 -758.51 0.07 5998.1057248917
115.77 -435.33 0.09 6100.747096062253
189.09 -920.43 0.12 6212.656027459983
6.78 -846.13 0.06 6012.183609655357
201.05 -658.4 0.15 6328.121772667797
188.25 -727.9 0.08 6052.805157984954
3.04 -474.13 0.15 6681.710438489559
29.25 -686.18 0.09 6101.0214864560785
214.38 -897.27 0.13 6231.237106050041
299.68 -937.47 0.12 6217.536116530158
210.73 -868.6 0.14 6253.944950500836
216.66 -903.94 0.08 6055.056437169414
150.7 -540.4 0.1 6141.944779715142
79.93 -462.5 0.07 6010.760195023587
46.88 -856.09 0.11 6175.643145956334
174.53 -906.35 0.13 6250.622777650404
266.94 -944.13 0.12 6205.513998882146
33.72 -637.38 0.09 6101.44772121637
37.5 -782.58 0.1 6141.77582782591
15.54 -123.51 0.1 6141.332056651814
31.6 -490.34 0.09 6102.87247990488
98.14 -782.96 0.11 6175.777889438494
97.32 -451.67 0.13 6247.527882506905
78.5 -279.95 0.09 6101.280266387312
18.49 -255.13 0.09 6100.776282761883
171.13 -554.18 0.11 6175.947411076245
88.94 -657.98 0.11 6175.941695658512
191.81 -718.49 0.08 6063.356715212025
132.83 -817.01 0.08 6053.460243577021
122.11 -787.65 0.13 6231.24090485505
61.6 -971.11 0.11 6183.113556698533
120.81 -830.4 0.08 6054.12993296735
88.08 -847.49 0.24 6371.818942280991
173.59 -918.83 0.06 5978.967021907549
441.07 -637.2 0.11 8252.787401747293
373.13 -705.12 0.09 8751.875322275033
474.17 -731.41 0.1 8563.73806522613
71.44 -208.65 0.11 8415.401267881236
306.71 -476.59 0.14 7866.970300292163
138.77 -286.65 0.12 8363.367726473512
305.81 -844.21 0.06 9605.229759940263
136.5 -381.87 0.11 8678.658377495442
278.86 -680.47 0.13 8375.4361885143
214.36 -502.2 0.14 8303.454279027532
167.0 -319.82 0.11 8893.31268068445
480.06 -724.93 0.08 9451.220842458028
182.19 -316.75 0.08 9491.584981434695
376.36 -699.43 0.06 9839.309317768457
487.98 -693.47 0.07 9706.697117640048
226.66 -669.97 0.1 9291.254682357934
265.45 -587.5 0.08 9619.391983740492
213.29 -301.47 0.08 9650.456980449577
335.07 -569.7 0.08 9685.809324798136
262.99 -524.94 0.05 10115.376884440506
227.7 -393.53 0.06 9999.037262945581
321.08 -508.88 0.11 9393.117835432417
124.29 -191.41 0.05 10175.36714646573
174.24 -427.75 0.09 9729.651473892332
250.59 -482.99 0.09 9770.68748856171
221.52 -567.05 0.05 10247.21461996568
108.24 -305.81 0.11 9652.730650251844
279.96 -268.3 0.08 7120.263211429437
699.95 -531.34 0.08 7120.915140648217
551.94 -698.24 0.13 7265.097644069613
525.71 -629.62 0.07 7120.358636340979
732.96 -586.99 0.07 7097.076540687738
583.34 -466.07 0.16 7306.629741578161
382.57 -289.6 0.13 7264.9736095750795
403.92 -364.95 0.16 7306.865187355268
300.23 -222.56 0.14 7281.644273370988
61.49 -47.87 0.05 6948.056604161806
510.26 -519.04 0.07 7101.613476366876
475.58 -402.44 0.17 7388.763437493308
552.97 -452.32 0.05 7226.379974658862
599.42 -466.75 0.14 7281.590725964617
510.14 -433.74 0.08 7126.301359570714
497.48 -498.66 0.12 7244.971260244472
489.23 -664.89 0.1 7194.361592647343
129.38 -164.2 0.11 7222.315249392403
256.62 -332.12 0.18 8669.141168576236
561.43 -498.99 0.08 7145.614014644283
500.61 -607.75 0.09 7145.006741124496
431.38 -322.92 0.12 7245.003724578229
659.31 -548.28 0.12 7245.263511578511
248.3 -204.32 0.05 7117.614607966214
594.45 -541.07 0.13 7265.06889743767
574.55 -475.69 0.18 7477.280469558807
498.31 -456.83 0.12 7245.564521866658
395.76 -430.92 0.14 7281.711707151546
555.99 -762.14 0.08 7148.016020922863
603.58 -641.24 0.1 7193.353690658977
427.68 -312.95 0.14 7281.577239760834
378.58 -307.5 0.12 7244.792795118586
348.24 -261.34 0.15 7295.846581333832
389.1 -382.51 0.1 7198.232658165461
611.83 -659.2 0.07 7144.61098247184
189.67 -213.69 0.05 7078.824992365787
333.97 -434.76 0.1 7198.353661178264
679.53 -530.65 0.12 7245.690949440842
303.51 -185.19 0.06 6622.257620644238
254.09 -120.75 0.08 6582.736706026287
754.43 -413.07 0.15 6979.489851752813
859.16 -490.67 0.16 6990.121312284169
799.16 -353.99 0.09 6615.286893176302
849.06 -324.33 0.13 6715.581436594672
862.43 -350.66 0.07 6583.455038844522
607.58 -342.33 0.08 6589.0497671568755
432.16 -170.9 0.12 6693.301764878764
859.51 -369.69 0.13 6715.54217025342
762.18 -400.26 0.07 6528.419694665134
665.31 -388.99 0.13 6715.559984431142
557.93 -237.43 0.06 6476.186995165539
653.12 -440.49 0.07 6534.39034066024
814.79 -507.17 0.07 6531.08355028277
828.83 -537.65 0.14 6735.927871642241
835.63 -300.55 0.15 6779.494181111988
890.38 -335.94 0.08 6600.099096204503
746.23 -328.19 0.12 6693.195950066592
648.88 -272.02 0.07 6584.595984342086
472.11 -256.28 0.13 6715.576535365323
484.72 -233.04 0.07 6542.942361965755
568.33 -191.04 0.08 6575.9652136157665
226.17 -93.38 0.09 6616.332083256153
686.71 -411.88 0.1 6644.829341892646
561.33 -252.62 0.12 6693.249986078772
470.41 -210.43 0.08 6571.365518672524
753.39 -495.23 0.06 6506.599637586178
734.61 -260.78 0.12 6692.883816067004
291.01 -201.97 0.14 6755.29950119889
719.73 -504.24 0.13 6715.565990546104
886.08 -340.22 0.13 6715.2243782764
712.8 -495.24 0.12 6693.191256765949
805.1 -496.49 0.12 6693.3981821631005
720.72 -463.43 0.06 6487.811175377705
655.85 -400.46 0.1 6640.853989418125
437.41 -297.72 0.05 6716.135693335469
761.79 -349.37 0.05 6436.46449600405
719.83 -348.19 0.16 7160.473842711046
677.8 -468.58 0.05 6433.431847482914
732.31 -251.68 0.11 6668.184545518503
151.03 -82.26 0.11 6668.86249912944
752.61 -158.41 0.1 8455.371091895784
985.33 -155.98 0.11 8319.443816364492
620.89 -59.08 0.1 8460.032378342148
935.96 -121.73 0.06 8117.256277561373
827.87 -133.56 0.07 8153.829718554854
809.97 -82.08 0.11 8531.590850962712
230.84 -10.34 0.05 7801.475366397819
56.49 -3.41 0.07 8146.092053513088
336.73 -65.26 0.11 8531.269466853093
378.87 -68.91 0.1 8457.200201106803
368.67 -14.33 0.12 8595.082116924146
952.59 -75.85 0.06 7995.5997229966315
799.3 -50.6 0.06 8024.6713024790515
683.41 -57.86 0.13 8624.534636596074
367.14 -94.25 0.13 8651.065155599721
787.98 -196.2 0.06 8091.662770906608
771.43 -92.68 0.13 8650.908141123818
973.33 -173.07 0.06 8004.665024461004
942.04 -44.83 0.08 8267.923277009473
878.52 -195.75 0.1 8456.49786662455
984.0 -60.82 0.14 8703.22945905734
857.94 -202.54 0.13 8636.814818759292
577.8 -17.99 0.15 8688.05436705509
468.6 -28.49 0.08 8264.639307520183
969.47 -125.41 0.14 8699.910336672592
794.35 -234.32 0.07 8141.517223758731
483.82 -113.86 0.06 8038.638758413448
662.07 -108.08 0.09 8381.971309505761
455.28 -33.0 0.11 8532.698828972765
837.08 -191.17 0.13 8651.084431911298
804.48 -210.07 0.14 8707.895509684457
728.51 -7.86 0.16 8781.600217008849
265.47 -59.99 0.12 8595.613802581145
983.98 -78.73 0.07 8151.90042946812
415.62 -19.79 0.13 8651.070967208783
950.2 -262.48 0.13 8650.989072345908
863.46 -14.21 0.08 8267.491771441313
674.57 -74.83 0.15 8626.506738343327
675.24 -121.27 0.1 8458.740663642871
