0.0 0.0
768.88 35.91 0.1 5927.49689554498
826.42 73.58 0.09 5916.434901036246
750.63 104.51 0.08 5898.845507476412
899.4 25.32 0.13 5954.773130097083
680.53 163.29 0.07 5909.950365710034
842.81 81.29 0.12 5946.878114001316
617.47 78.87 0.1 5927.277385811957
887.56 249.49 0.07 5888.138656861
785.48 195.88 0.07 5877.376627650297
867.8 26.39 0.1 5927.1101761127775
320.47 79.45 0.13 5954.763667285632
761.65 158.01 0.1 5926.340347110585
226.78 58.08 0.11 5937.780479661265
133.42 18.59 0.14 6013.867045674246
351.24 7.57 0.07 5891.326810465195
609.04 130.49 0.11 5937.719511694151
713.17 72.58 0.06 5936.68652679414
264.48 64.87 0.14 5961.655658933148
187.51 4.8 0.13 6096.053682665451
520.21 39.65 0.12 5946.853778548042
919.98 36.45 0.14 5969.980151752809
768.13 232.62 0.08 5899.242578963094
330.13 6.15 0.05 5969.333055318453
701.63 44.37 0.08 5897.026327673906
948.69 304.28 0.12 5947.694337542203
939.25 41.45 0.06 5853.406606167972
856.25 251.14 0.06 5855.6208865517765
928.57 36.83 0.12 5946.860664699756
423.32 26.27 0.11 5936.226807117102
622.69 177.26 0.1 5926.425996082504
646.61 6.15 0.14 5961.6588498052315
857.86 223.27 0.08 5899.7014958851105
576.61 131.19 0.06 5883.177045421662
598.67 181.05 0.08 5899.462588684695
889.52 64.16 0.14 6343.7304044994435
534.48 141.71 0.14 5961.828694200827
958.49 34.02 0.14 5961.65734806796
376.12 1.52 0.11 5937.535117071386
455.22 125.94 0.1 5926.398103957028
464.37 50.91 0.14 5962.474138660022
435.82 25.32 0.15 5968.412869738655
324.18 21.06 0.1 5926.8966079460015
341.45 234.86 0.16 7097.097777773393
880.64 336.56 0.07 6575.134759472806
558.06 332.24 0.13 6771.902947904107
898.21 303.07 0.06 6502.869523514674
663.52 447.2 0.14 6795.973104405285
882.87 408.25 0.11 6724.345305198452
646.17 357.75 0.1 6694.046153280828
366.14 121.7 0.07 6560.4530531467135
174.48 104.13 0.05 6416.297517633229
239.44 95.1 0.14 6791.3257210355205
55.83 21.01 0.12 6753.25029270909
492.3 269.31 0.08 6627.584213637982
226.0 147.26 0.13 6786.2873042711135
863.44 502.92 0.11 6724.4966262062935
892.34 388.87 0.11 6724.767329150283
533.22 231.35 0.09 6657.398361057963
808.29 498.66 0.06 6584.538360750643
507.48 331.21 0.1 6694.468276064548
768.25 422.81 0.14 6799.455874702629
827.33 412.4 0.07 6588.320730489371
787.79 561.07 0.08 6618.188078314431
806.86 531.82 0.05 6420.941244534229
212.62 147.41 0.08 6624.96548671904
391.31 127.85 0.08 6618.780819177702
765.62 554.82 0.13 6777.415255669641
913.79 389.07 0.11 6724.0885440392685
855.87 436.68 0.13 6777.078711318529
683.78 314.05 0.12 6749.765649779645
306.32 219.66 0.07 6561.713309494625
451.65 278.58 0.1 6694.887066299987
799.37 375.28 0.11 6724.203319766084
429.57 160.25 0.07 6566.44332009112
830.26 396.27 0.13 6772.048939322052
664.22 324.09 0.14 6856.974616785767
493.33 168.22 0.11 6724.339091817239
522.31 188.7 0.11 6724.086459911254
439.22 251.3 0.07 6559.544147164159
609.87 276.32 0.13 6771.911387025403
631.46 406.75 0.1 6695.024414659111
773.22 460.78 0.12 6754.17574008568
784.28 454.58 0.13 6771.887664774846
694.74 638.71 0.11 8248.796391787077
619.98 586.8 0.1 8530.639648903167
788.89 612.51 0.06 9453.716349813301
468.45 582.58 0.12 8180.464136864049
331.07 382.35 0.14 7829.127708021859
205.79 248.73 0.12 8304.285879585814
596.34 561.16 0.08 9170.033703266767
234.91 305.21 0.12 8393.100477669852
415.01 380.4 0.13 8272.618337327625
329.96 425.38 0.09 9085.990927183584
223.88 192.5 0.06 9674.815099505358
680.18 605.66 0.06 9697.241075395385
317.51 315.39 0.09 9198.919714341795
599.31 758.83 0.07 9587.132835754606
652.57 564.27 0.08 9445.150688280724
381.9 472.04 0.15 8393.218016411884
703.77 696.38 0.07 9703.705226097647
591.68 594.77 0.1 9269.864881353846
300.75 407.4 0.08 9557.33559451079
235.91 306.03 0.06 9682.936524604365
773.74 580.84 0.1 9345.545980423653
611.14 720.1 0.12 9232.619026804301
641.94 554.47 0.14 9060.747046937817
410.47 436.24 0.15 9037.516884893763
269.3 342.0 0.12 9472.198622894133
580.9 776.99 0.1 9747.882246473135
459.34 497.38 0.06 9992.548572859989
595.11 443.58 0.08 10001.933698477476
515.39 465.39 0.1 9886.763848910648
111.72 90.4 0.11 9856.038560320696
666.84 495.47 0.07 10230.507806118574
567.08 669.57 0.09 9396.015124101834
368.47 351.6 0.07 10231.294650691774
625.95 605.8 0.12 9933.49672825343
395.48 360.34 0.08 10332.690054462078
297.39 270.72 0.07 9815.310465529961
229.01 218.77 0.06 10059.134673827992
603.08 571.26 0.1 10349.969199152314
218.64 350.9 0.06 8388.415787458971
318.66 465.09 0.1 8509.27402486427
428.71 705.26 0.08 8537.959939204658
132.15 345.97 0.06 8388.420574243768
287.75 710.53 0.08 8546.497429402785
133.74 379.52 0.1 8688.594589519043
332.22 695.58 0.07 8484.962455296196
278.47 640.66 0.18 7214.124494623809
218.74 544.13 0.14 8091.56969334982
335.93 642.33 0.13 8380.37095092924
399.97 809.27 0.05 8243.457048902224
314.14 779.93 0.1 8688.74177395031
511.6 719.56 0.12 8745.074856185598
479.81 865.95 0.1 8688.245269857742
419.12 602.35 0.14 8577.83358158273
255.6 676.45 0.1 8690.81958838625
42.46 63.92 0.1 8687.355768497337
115.68 305.14 0.13 8837.605941127107
204.79 480.1 0.15 8822.937807219458
97.58 135.42 0.15 8907.486840186957
100.54 200.27 0.17 8849.8170581519
316.81 687.99 0.11 8745.459299560483
112.68 188.69 0.07 8437.081046552692
376.28 801.93 0.09 8622.270835471194
368.28 681.49 0.11 8745.812366560496
486.28 869.53 0.05 8277.415908421715
300.39 469.32 0.14 8874.912538017825
187.4 542.33 0.2 9200.357684732693
82.46 195.39 0.13 8837.849921501786
296.29 806.91 0.14 8771.48917637719
369.69 820.81 0.09 8621.921733689796
374.5 732.68 0.14 8816.24884632723
193.72 434.69 0.18 8988.600886545672
477.86 702.97 0.11 8746.32251550188
326.38 577.05 0.12 8795.293968000415
390.09 760.02 0.13 8837.849574840118
104.16 801.51 0.1 8457.205450677235
165.83 840.73 0.18 6717.633643314022
118.5 786.16 0.23 5820.49223006561
0.11 287.55 0.23 6104.656263106865
184.52 823.8 0.15 7853.322440001044
44.17 410.88 0.1 8891.345239188282
83.97 989.99 0.17 7695.483511459751
70.45 402.38 0.13 8511.788889226184
187.47 718.59 0.11 8944.233573129437
52.31 214.98 0.11 9008.316603289273
39.53 540.17 0.11 9066.147379935239
109.97 918.21 0.12 8982.636993583914
18.7 551.85 0.06 9910.755869566217
91.93 651.56 0.23 7559.296348281861
108.28 416.75 0.11 9324.720256998451
173.98 663.74 0.1 9518.35406718634
9.26 908.63 0.09 9693.503641991698
217.85 862.53 0.06 10080.837835830194
102.57 568.17 0.11 9537.79168465419
36.43 639.08 0.06 9831.18545110815
202.39 645.38 0.1 9734.60592914963
216.06 668.99 0.05 10245.955033284414
32.62 619.97 0.14 8938.986460024254
42.93 864.03 0.05 10010.160345524155
233.63 759.92 0.08 9794.966043569351
39.26 968.79 0.06 9843.5312263368
1.74 548.45 0.06 9633.354354644063
46.65 301.64 0.12 9732.483042843909
63.02 939.35 0.07 10235.832255639509
84.58 988.1 0.08 10030.63613002636
88.75 399.82 0.06 9918.151349004993
136.02 514.25 0.13 10124.81918813408
-77.73 492.26 0.14 7021.316148787122
-130.5 944.11 0.06 6760.520197360194
-104.49 415.71 0.08 6855.3877586393955
-0.76 859.26 0.07 6803.119247371004
-63.31 372.79 0.13 7032.420140094751
-96.64 533.09 0.12 6807.761443854499
-109.55 444.47 0.07 6843.994487358186
-125.52 719.97 0.12 7003.79127925394
-11.03 432.51 0.11 6971.789708318324
-50.68 225.67 0.15 7150.089263033369
-60.56 504.18 0.08 6850.869183694673
-35.17 590.84 0.06 6800.302435903321
-25.41 122.31 0.12 6992.936685954237
-75.86 568.96 0.11 6972.038693657915
-192.06 807.26 0.09 6897.873797204209
-206.89 753.99 0.11 6972.106246064288
-64.32 453.36 0.1 6903.070206696524
-8.96 312.76 0.05 6914.54980369883
-90.2 585.07 0.11 6972.244318763363
-276.38 932.05 0.09 6905.224056542755
-76.3 742.12 0.06 6836.271478523338
-5.31 628.5 0.05 6657.866361203929
-73.98 749.98 0.1 6936.218056749708
-234.83 860.24 0.15 7124.271760189251
-87.51 738.49 0.15 7247.672012304508
-28.61 699.1 0.06 6795.315404576944
-21.53 342.95 0.1 6937.501854931271
-117.79 918.12 0.07 6799.832656008239
-11.39 936.57 0.08 6851.973359608543
-173.16 568.6 0.09 6900.970732266076
-128.14 872.65 0.07 6797.860574182845
-71.96 833.22 0.14 7059.075790887838
-229.69 767.91 0.07 6845.539153215879
-125.65 966.69 0.09 6902.942704062954
-11.66 233.57 0.08 6851.443120558217
-47.04 161.19 0.08 6865.101800169226
-49.76 295.06 0.14 7066.112896463322
-133.94 722.51 0.13 7032.450085103006
-215.6 911.21 0.15 7143.294439019025
-298.33 952.07 0.05 6668.0315259906765
-91.45 531.19 0.11 6841.856149297695
-12.03 589.14 0.06 6764.2998839507845
-12.33 982.67 0.16 3000.4659905654285
-135.6 192.11 0.05 8605.455954807869
-206.39 399.71 0.07 8942.413321174276
-371.36 868.5 0.1 8546.214184537706
-454.99 866.34 0.08 9033.695417455863
-371.91 789.34 0.13 7980.223819793335
-106.4 150.18 0.06 8709.28019974014
-431.04 855.08 0.06 8701.563226217671
-188.12 518.4 0.06 8715.40411302776
-319.22 642.93 0.1 8830.098401958669
-305.15 772.57 0.07 8920.699899756228
-266.77 764.71 0.1 8920.364448313801
-305.6 839.11 0.08 9107.45891578159
-417.39 660.61 0.14 8304.554476763864
-303.75 870.07 0.05 8436.878060552637
-401.86 567.77 0.11 8939.322449912777
-365.72 540.79 0.12 8841.37212087688
-316.07 669.52 0.1 9222.63958674328
-477.38 861.56 0.06 8705.392262961192
-166.79 301.31 0.08 9107.33257442365
-282.92 594.83 0.06 8766.146868711141
-528.39 819.21 0.1 9392.211979427937
-301.65 581.53 0.07 8944.351030296735
-350.51 923.57 0.05 8607.054459777235
-242.64 434.04 0.11 9295.486183450415
-218.02 485.8 0.14 9188.318014639568
-322.63 483.42 0.12 9497.53030282767
-299.43 679.67 0.06 8728.454935791138
-53.5 76.85 0.05 8563.002923538796
-240.58 541.76 0.09 9261.864182815989
-420.07 852.74 0.13 9675.13636146599
-230.09 430.58 0.1 9391.416788528093
-457.26 744.72 0.06 8715.496076760277
-209.97 336.93 0.1 9395.605992746063
-420.99 867.11 0.12 9599.230663228545
-374.53 516.04 0.15 9820.750549339773
-271.06 705.16 0.08 9107.20082045026
-196.45 382.35 0.11 9372.443034576949
-378.95 738.64 0.1 9391.512261590946
-299.55 669.82 0.12 9440.881572351704
-329.87 570.57 0.09 9263.088302068132
-315.17 604.64 0.12 9597.81457020145
-496.04 475.03 0.11 8238.572469130433
-649.47 570.41 0.05 8286.961075115936
-555.03 715.08 0.09 8779.059319609349
-415.46 486.09 0.05 8285.567229943044
-711.43 648.76 0.08 8886.773415674948
-200.77 239.02 0.1 8702.125315494906
-222.71 291.84 0.08 8895.77712375684
-528.86 445.43 0.08 8889.128963783889
-405.85 369.01 0.08 8886.512988476732
-412.31 458.23 0.06 8508.630275307794
-625.46 667.87 0.06 8508.91775499496
-241.39 251.97 0.11 8810.407979006446
-511.65 572.92 0.08 8884.327112160448
-302.44 416.14 0.06 8528.327409427126
-529.13 430.09 0.06 8532.680069651526
-572.74 549.07 0.07 8717.106639439446
-601.43 650.86 0.11 9070.638851319602
-512.22 450.11 0.1 9149.715345712204
-228.59 237.56 0.13 8920.555498634905
-404.56 384.41 0.06 8512.91551125417
-673.41 656.43 0.13 9064.061430281155
-607.65 481.2 0.15 8906.822799386035
-246.98 302.95 0.08 8886.09183787301
-341.36 268.69 0.06 8592.485692862549
-179.6 193.0 0.14 9262.840720890334
-124.88 137.84 0.08 8888.56284237708
-297.29 291.69 0.13 9251.939781497775
-292.44 295.66 0.15 9454.923458646375
-478.26 491.37 0.13 9426.336593522385
-484.52 498.59 0.08 8882.583304611295
-689.59 545.65 0.1 9034.45981674875
-517.44 564.19 0.07 8729.40077383529
-342.56 445.88 0.13 9426.3027683031
-592.67 667.62 0.13 9415.31330059941
-770.02 581.46 0.07 8745.029068652775
-252.41 316.17 0.14 9469.811472855774
-526.0 659.24 0.06 8508.201584350649
-446.44 572.34 0.07 8725.879231711862
-473.1 438.63 0.12 9345.711314154138
-735.11 615.45 0.15 9227.925298593094
-541.65 342.67 0.08 8933.449774665167
-340.36 134.96 0.08 8960.829500030472
-570.49 370.93 0.11 8333.879097715184
-652.72 356.72 0.12 8184.129528804182
-629.26 365.43 0.13 8034.239218627735
-771.58 502.58 0.1 8727.546729207963
-813.3 289.21 0.12 8370.188239418036
-483.89 301.72 0.06 9604.777872499682
-674.63 399.2 0.06 9624.048168354382
-217.35 94.84 0.1 8891.08478931133
-464.54 334.85 0.06 9676.895342867005
-620.95 305.64 0.08 9338.798023670694
-777.22 455.92 0.11 8860.030131370031
-462.03 297.75 0.07 9592.23769569096
-362.01 123.17 0.11 8941.951149491222
-367.66 207.45 0.13 8687.104057441247
-552.87 246.02 0.08 9526.156828025112
-855.53 498.46 0.08 9555.784020130877
-800.07 279.38 0.06 9886.461922117378
-623.21 245.0 0.15 8671.702434694813
-803.33 406.48 0.09 9565.751455181891
-542.18 384.42 0.06 9792.715575444538
-256.04 91.63 0.08 9407.037927991352
-676.62 444.42 0.08 9497.609294715683
-890.98 327.63 0.1 9603.396937366382
-742.59 522.6 0.08 9901.731740383591
-820.04 281.74 0.11 9311.114413254028
-380.17 236.33 0.07 9834.556114097551
-731.67 429.4 0.13 9577.571539105551
-116.98 50.02 0.08 9563.454848232315
-543.19 180.98 0.18 9382.110998840526
-521.56 376.16 0.11 9994.91845147762
-756.74 467.01 0.11 9946.209980225936
-658.96 464.18 0.08 9735.986019669237
-571.15 387.69 0.1 10215.891597023221
-832.42 385.23 0.07 9641.28848160588
-803.74 325.42 0.12 9837.590416834933
-714.31 460.41 0.17 10145.068427805265
-116.74 60.2 0.16 9572.538570094803
-654.01 133.0 0.09 6577.386397871451
-722.89 195.25 0.09 6575.533740451825
-651.22 140.71 0.06 6397.521867605916
-636.58 87.99 0.13 6738.51222643754
-139.0 30.91 0.14 6749.1949104520445
-529.74 97.27 0.11 6658.199370907991
-546.74 99.87 0.07 6460.958808779289
-891.66 58.04 0.09 6574.233479901304
-710.38 139.76 0.13 6720.087061586017
-937.73 147.08 0.05 6314.855628368161
-867.24 121.14 0.09 6574.786795132084
-578.75 59.7 0.06 6395.569342271568
-753.92 133.93 0.09 6574.469055955196
-924.44 271.71 0.14 6744.037807091407
-237.23 60.3 0.1 6619.614828042644
-724.87 115.17 0.13 6719.46628714189
-426.76 7.03 0.11 6658.505841758182
-744.47 81.43 0.1 6620.008706679647
-627.39 28.58 0.11 6658.217341962933
-592.36 69.89 0.1 6619.649189206237
-712.65 164.9 0.07 6456.308245782904
-828.72 227.73 0.13 6731.796568897456
-976.44 86.16 0.08 6525.7980204085625
-925.28 60.35 0.13 6719.465787675854
-789.16 39.65 0.1 6619.958089043623
-733.16 162.82 0.11 6658.225852328874
-553.02 31.34 0.13 6719.461696383246
-947.09 64.38 0.14 6744.767890854624
-925.84 95.1 0.09 6574.1179908452805
-874.56 185.61 0.09 6574.327932636488
-838.56 245.06 0.08 6520.752091579117
-903.7 90.1 0.14 6744.036263034433
-79.1 22.81 0.12 6691.135567507141
-525.79 61.37 0.15 6807.3818257923285
-826.4 259.49 0.07 6455.736412521779
-923.4 35.56 0.05 6478.834810416316
-758.27 189.42 0.13 6719.482572655537
-557.24 99.39 0.13 6720.14388821779
-659.92 173.51 0.12 6691.141863157214
-225.65 31.6 0.06 6389.491903809629
-190.19 28.12 0.06 6378.825959301935
-320.57 -86.13 0.08 8936.846343856058
-849.98 -210.46 0.06 8520.230420976703
-415.51 -82.92 0.09 8795.973336049083
-331.21 -95.07 0.08 8953.222059247342
-561.1 -134.91 0.12 8241.662984496223
-710.06 -144.86 0.09 8927.120259108484
-511.68 -91.92 0.1 8770.035985829054
-116.75 -28.74 0.11 8629.348247108432
-788.41 -33.11 0.05 8259.105951970128
-734.88 -3.7 0.07 8755.839791570015
-812.85 -96.25 0.06 8529.54600084616
-734.47 -84.9 0.1 9009.475428709697
-871.27 -228.14 0.06 8579.631447596541
-354.9 -54.81 0.07 8765.534539340328
-742.58 -135.0 0.06 8550.699081293124
-804.06 -14.33 0.1 9205.915550079846
-291.81 -89.76 0.13 8813.7622803225
-835.26 -179.74 0.08 8952.3691253062
-441.95 -23.77 0.06 8522.007211054992
-887.01 -178.91 0.06 8541.479462219739
-810.56 -87.28 0.08 8954.76763678752
-778.49 -119.34 0.09 9118.357450381021
-658.72 -76.1 0.09 9117.261030073392
-725.07 -182.57 0.09 9117.915130881327
-955.73 -271.15 0.09 9118.713830184948
-958.32 -281.56 0.12 9485.393724334737
-409.29 -81.09 0.12 9510.843740461354
-566.28 -17.32 0.07 8758.972911562536
-555.73 -98.2 0.07 8756.463957586688
-95.93 -3.94 0.12 9485.395020917942
-888.96 -150.07 0.12 9158.308582143862
-550.01 -63.44 0.14 9663.965090125615
-489.03 -60.85 0.07 8758.751660945301
-792.26 -152.28 0.16 9714.771526699704
-776.08 -71.97 0.12 9485.379057433132
-513.43 -44.2 0.14 9659.938771049492
-697.58 -61.69 0.15 9743.153647063114
-17.12 -2.12 0.12 9485.38441989875
-576.28 -96.36 0.1 9258.26270433305
-788.87 -378.54 0.07 9167.620426418502
-704.58 -429.56 0.12 8059.911330213363
-383.66 -196.26 0.07 9228.782129451076
-673.26 -304.95 0.09 8808.518283604822
-116.16 -53.1 0.15 7597.397587466693
-748.25 -351.18 0.08 9119.723980940857
-471.19 -267.15 0.1 8745.215466491001
-226.74 -85.15 0.14 8014.627572430977
-555.91 -204.27 0.11 8686.475020800779
-627.1 -211.85 0.06 9664.306499846083
-666.29 -312.68 0.11 8765.957652158537
-713.31 -428.07 0.16 7978.6732628770715
-715.08 -264.81 0.08 9428.218076373236
-479.15 -286.51 0.09 9291.469031696251
-833.96 -524.98 0.08 9499.818977291614
-697.46 -434.14 0.08 9529.929091968155
-506.3 -304.45 0.05 9892.19307385229
-828.63 -527.23 0.12 9012.211781892096
-405.62 -285.74 0.05 10072.46316790641
-826.82 -320.12 0.05 10088.778822408924
-430.9 -149.87 0.1 9438.532285308713
-818.64 -570.95 0.09 9457.949652169484
-413.23 -208.28 0.1 9574.108228688952
-633.95 -288.2 0.08 9845.480944301373
-517.9 -190.21 0.14 9214.170316432019
-177.47 -88.94 0.1 9714.382554742493
-583.33 -231.21 0.08 9474.577728831991
-346.59 -143.75 0.14 9478.089070672208
-577.73 -239.68 0.07 10166.378606312443
-691.74 -361.52 0.06 9966.187480967468
-316.99 -133.62 0.14 9677.265969882843
-758.16 -310.89 0.1 10062.698649559665
-299.29 -128.95 0.09 10148.914014368951
-450.29 -309.18 0.05 10374.285943823037
-591.27 -225.28 0.14 10002.160268854615
-702.24 -326.69 0.16 10039.207742347433
-771.66 -315.81 0.07 9607.19033873689
-545.85 -185.12 0.06 10143.09240547757
-456.58 -550.37 0.07 7215.368633003402
-590.97 -465.99 0.06 7054.77615047165
-478.0 -372.79 0.08 7372.105780503833
-198.92 -159.69 0.09 7516.072846196468
-334.52 -345.03 0.1 7645.029771092846
-463.86 -480.1 0.07 7214.591249220026
-577.71 -503.78 0.09 7515.346561319334
-538.68 -614.48 0.06 7046.8347613158785
-622.24 -781.24 0.06 7019.678089452746
-534.45 -429.3 0.11 7812.157105044896
-527.52 -518.86 0.14 8125.995283229839
-509.96 -698.01 0.12 7864.706880905032
-439.59 -500.2 0.06 7043.837755428793
-405.75 -323.6 0.07 7205.1256517310285
-562.84 -754.14 0.09 7505.392606712507
-621.0 -656.15 0.1 7644.864749591126
-592.56 -796.17 0.12 7864.714380149349
-562.02 -606.8 0.13 7958.596905312772
-574.85 -655.15 0.12 7866.2499544596285
-299.22 -262.96 0.09 7494.210545279664
-176.79 -219.44 0.09 7515.794644537821
-529.44 -415.17 0.08 7368.988178911989
-480.4 -532.36 0.13 7973.3502633012085
-381.94 -496.74 0.1 7644.911717895403
-297.87 -370.97 0.05 6874.803497655121
-273.13 -352.81 0.09 7515.572974937493
-504.89 -453.77 0.08 7369.597265339684
-460.67 -426.06 0.09 7500.540674178175
-500.48 -405.45 0.05 6828.549906918915
-453.99 -584.85 0.06 7084.813713135343
-494.01 -639.11 0.09 7514.795464930476
-743.05 -599.77 0.06 7020.0340459959325
-301.83 -232.92 0.1 7644.695415010657
-315.16 -420.68 0.09 7500.540563707451
-253.46 -268.48 0.07 7204.241375865098
-548.97 -588.18 0.12 8441.09370908934
-524.25 -661.54 0.08 7375.045083582416
-580.24 -685.43 0.17 8574.054731729939
-287.42 -312.63 0.13 7960.805517967209
-254.13 -638.89 0.12 8020.221669240698
-427.35 -788.98 0.11 8309.269870895125
-354.59 -844.32 0.14 7711.317840574826
-517.39 -837.44 0.13 7999.530728010453
-497.43 -723.68 0.1 8700.112290991588
-208.52 -489.65 0.11 8543.637109130943
-561.79 -795.01 0.14 8042.324168353194
-226.79 -597.81 0.12 8509.142302417767
-316.49 -519.18 0.11 8769.453966856056
-194.7 -529.85 0.06 9704.033083988012
-179.94 -402.82 0.09 9205.066384257618
-435.74 -838.07 0.06 9755.123697676114
-228.28 -555.12 0.09 9264.270378553947
-355.65 -522.69 0.09 9304.25989887798
-358.89 -665.58 0.06 9816.847465497227
-350.63 -661.73 0.15 8444.132931081193
-185.14 -519.26 0.09 9436.740422449668
-321.41 -790.78 0.1 9334.167333292859
-342.92 -578.72 0.07 9803.9582279135
-408.07 -745.56 0.06 9962.696406300129
-84.55 -204.65 0.1 9476.192725435258
-380.67 -846.13 0.08 9782.855633933039
-515.73 -756.39 0.08 9814.829347008357
-285.5 -608.42 0.07 9970.868776126457
-334.88 -900.03 0.09 9782.121825451366
-265.84 -499.28 0.08 9928.664144964014
-427.88 -682.0 0.06 10165.69137629966
-241.36 -475.79 0.05 10286.511965805
-265.72 -669.44 0.07 10109.205376025979
-128.43 -309.28 0.09 9963.895995235483
-401.75 -768.73 0.08 10097.85323104934
-344.23 -604.39 0.1 9996.526627413517
-168.37 -520.74 0.12 7999.7529475327165
-183.93 -843.02 0.15 7407.167730580904
-31.02 -187.85 0.08 9026.296636581164
-176.6 -544.0 0.14 7777.967318414904
-2.59 -866.3 0.06 9523.6635398394
-151.86 -929.13 0.08 9122.418866245953
-83.57 -387.91 0.06 9566.895619791365
-136.41 -703.29 0.05 9784.460197375827
-143.15 -922.17 0.06 9605.578649519579
-40.24 -658.03 0.06 9626.310105499273
-116.74 -837.94 0.13 8352.491528934766
-234.21 -814.88 0.12 8615.664770719934
-85.49 -894.17 0.07 9553.809771123862
-256.49 -889.95 0.05 9773.943004527731
-102.96 -555.43 0.09 9272.350216488574
-115.53 -725.62 0.07 9638.106813295624
-180.19 -922.18 0.17 8073.4198420142675
-147.56 -565.72 0.07 9640.410953352854
-188.76 -717.89 0.06 9752.48244621119
-70.64 -854.61 0.07 9760.996760100665
-108.45 -751.62 0.09 9497.330605216262
-128.45 -855.81 0.12 8942.507921142313
-8.16 -740.21 0.16 8733.730945054882
-91.61 -443.84 0.05 9849.322474199325
-24.21 -389.36 0.11 9474.418456015264
-90.7 -358.54 0.07 9552.180237086885
-44.69 -704.52 0.13 9377.56619656822
-141.93 -473.71 0.1 9518.24503953135
-20.98 -965.77 0.12 9636.622310747101
-130.62 -793.38 0.1 9885.935019368828
-17.71 -842.61 0.07 10045.914746953245
-125.03 -635.05 0.13 9755.569306255082
-72.95 -684.94 0.08 9797.549503857917
-130.69 -494.48 0.14 9723.097977870435
-10.96 -473.96 0.05 9817.139642013322
-187.91 -704.37 0.07 9534.736168476564
-99.1 -557.45 0.15 10003.826039325044
-58.99 -655.69 0.15 10025.157997513743
-31.03 -183.38 0.12 9839.459134042261
-46.77 -707.02 0.09 9785.740448496534
116.47 -758.51 0.07 6253.960377571957
196.64 -822.59 0.09 6388.264215327934
171.13 -554.18 0.11 6490.971629116643
6.78 -846.13 0.06 6227.627323263745
34.26 -495.84 0.13 6572.760617830818
214.38 -897.27 0.13 6572.757254221663
61.6 -971.11 0.11 6494.735703722626
173.59 -918.83 0.06 6203.548158852178
18.49 -255.13 0.09 6388.1158093309405
97.32 -451.67 0.13 6580.082447807283
31.29 -603.83 0.11 6490.942240409266
216.66 -903.94 0.08 6326.787364360756
37.5 -782.58 0.1 6443.008641785289
3.04 -474.13 0.15 6808.302633011985
189.09 -920.43 0.12 6537.397804233269
98.14 -782.96 0.11 6490.882682131113
201.05 -658.4 0.15 6661.443721456636
45.42 -796.8 0.13 6573.37678551104
191.81 -718.49 0.08 6332.106881194668
174.53 -906.35 0.13 6581.479358647402
78.5 -279.95 0.09 6388.418962889085
15.54 -123.51 0.1 6442.7587708841
122.11 -787.65 0.13 6572.75895690056
120.81 -830.4 0.08 6326.194089565548
150.7 -540.4 0.1 6443.103779620773
120.26 -402.29 0.06 6196.525327792489
266.94 -944.13 0.12 6533.919507115075
46.88 -856.09 0.11 6490.811986190391
29.25 -686.18 0.09 6388.2632988125
105.51 -724.69 0.07 6262.465463056451
299.68 -937.47 0.12 6539.779336417143
132.83 -817.01 0.08 6325.76532627284
210.73 -868.6 0.14 6608.291167788889
88.94 -657.98 0.11 6490.9686301992215
79.93 -462.5 0.07 6262.565599861119
115.77 -435.33 0.09 6388.0982541185695
188.25 -727.9 0.08 6325.345964527023
31.6 -490.34 0.09 6389.376920649136
33.72 -637.38 0.09 6388.519696773146
88.08 -847.49 0.24 654.6696510588235
214.36 -502.2 0.14 7552.642626855214
373.13 -705.12 0.09 8755.710642773516
124.29 -191.41 0.05 9676.917984928245
441.07 -637.2 0.11 8402.185620909202
474.17 -731.41 0.1 8671.973476592491
306.71 -476.59 0.14 7924.28555379777
305.81 -844.21 0.06 9588.918112957646
71.44 -208.65 0.11 8657.561371004587
278.86 -680.47 0.13 8361.583832986558
138.77 -286.65 0.12 8634.29420224137
182.19 -316.75 0.08 9385.841019370024
226.66 -669.97 0.1 9082.897202488533
487.98 -693.47 0.07 9623.886969315427
213.29 -301.47 0.08 9491.477222322059
167.0 -319.82 0.11 9063.26349845995
321.08 -508.88 0.11 9120.274538046411
108.24 -305.81 0.11 9173.859112295135
136.5 -381.87 0.11 9245.768544995259
480.06 -724.93 0.08 9712.08333425008
265.45 -587.5 0.08 9748.721542453846
250.59 -482.99 0.09 9655.733420737757
174.24 -427.75 0.09 9695.404006070705
335.07 -569.7 0.08 9854.763847387174
376.36 -699.43 0.06 10113.144058392969
221.52 -567.05 0.05 10241.510891242524
262.99 -524.94 0.05 10255.412997234542
227.7 -393.53 0.06 10167.298977832419
129.38 -164.2 0.11 7440.731210928288
248.3 -204.32 0.05 7235.875775639569
382.57 -289.6 0.13 7503.4022132282025
427.68 -312.95 0.14 7530.156456711004
732.96 -586.99 0.07 7267.946847524395
333.97 -434.76 0.1 7405.504174199568
500.61 -607.75 0.09 7348.841468791362
431.38 -322.92 0.12 7473.577588593923
300.23 -222.56 0.14 7530.19050045036
497.48 -498.66 0.12 7473.558957609668
348.24 -261.34 0.15 7554.671992830279
603.58 -641.24 0.1 7402.30397670377
574.55 -475.69 0.18 7676.290942592513
551.94 -698.24 0.13 7503.469306704924
699.95 -531.34 0.08 7309.162010257172
679.53 -530.65 0.12 7473.972009743929
510.14 -433.74 0.08 7312.965564599477
378.58 -307.5 0.12 7473.456540320035
189.67 -213.69 0.05 7204.260876203352
510.26 -519.04 0.07 7271.3093210368215
594.45 -541.07 0.13 7503.453756732658
489.23 -664.89 0.1 7402.9488762770525
389.1 -382.51 0.1 7405.42669751303
599.42 -466.75 0.14 7530.163305775729
61.49 -47.87 0.05 7098.270310690919
525.71 -629.62 0.07 7285.217847500133
498.31 -456.83 0.12 7473.899444595176
552.97 -452.32 0.05 7324.934154013681
583.34 -466.07 0.16 7576.677808200517
561.43 -498.99 0.08 7326.623082772008
659.31 -548.28 0.12 7473.726682442816
555.99 -762.14 0.08 7328.323869616484
611.83 -659.2 0.07 7303.250253112716
403.92 -364.95 0.16 7576.781738283264
279.96 -268.3 0.08 7308.701803706192
395.76 -430.92 0.14 7530.224748033399
256.62 -332.12 0.18 8251.282355428124
475.58 -402.44 0.17 7627.484039126724
665.31 -388.99 0.13 7001.965322140627
814.79 -507.17 0.07 6736.757962075566
862.43 -350.66 0.07 6774.22830374967
561.33 -252.62 0.12 6968.033583744148
653.12 -440.49 0.07 6739.116813777374
226.17 -93.38 0.09 6849.739829286044
151.03 -82.26 0.11 6931.25102986929
291.01 -201.97 0.14 7042.30268987594
484.72 -233.04 0.07 6745.221719419957
761.79 -349.37 0.05 6603.043770240085
648.88 -272.02 0.07 6775.047256726966
859.51 -369.69 0.13 7001.9564824920235
712.8 -495.24 0.12 6968.002348039291
557.93 -237.43 0.06 6666.089330861658
754.43 -413.07 0.15 7162.3394063683845
470.41 -210.43 0.08 6793.299215025656
568.33 -191.04 0.08 6796.410681060876
254.09 -120.75 0.08 6800.995045260472
303.51 -185.19 0.06 6776.444636922903
799.16 -353.99 0.09 6849.07024965173
746.23 -328.19 0.12 6968.004844195042
835.63 -300.55 0.15 7073.148065798658
849.06 -324.33 0.13 7001.975967072773
719.83 -348.19 0.16 7254.248091346364
886.08 -340.22 0.13 7001.798797589922
472.11 -256.28 0.13 7001.9735349924695
686.71 -411.88 0.1 6892.842901921837
437.41 -297.72 0.05 6826.180050793491
828.83 -537.65 0.14 7033.347468877537
762.18 -400.26 0.07 6734.858437094141
607.58 -342.33 0.08 6805.273096331277
432.16 -170.9 0.12 6968.061123157439
719.73 -504.24 0.13 7001.968302471113
720.72 -463.43 0.06 6674.812416717144
734.61 -260.78 0.12 6967.838840856524
890.38 -335.94 0.08 6812.770052864324
805.1 -496.49 0.12 6968.112405288099
753.39 -495.23 0.06 6688.933682802161
732.31 -251.68 0.11 6930.866165003084
677.8 -468.58 0.05 6600.651103855818
655.85 -400.46 0.1 6890.442017052754
859.16 -490.67 0.16 3178.6884514693907
468.6 -28.49 0.08 8526.379317329393
794.35 -234.32 0.07 8399.220385811086
950.2 -262.48 0.13 7896.871856833192
942.04 -44.83 0.08 8528.802386132917
336.73 -65.26 0.11 8465.488873432207
787.98 -196.2 0.06 8322.718278769802
56.49 -3.41 0.07 8402.71402408906
378.87 -68.91 0.1 8722.68704544432
863.46 -14.21 0.08 8528.48396178275
265.47 -59.99 0.12 8586.647538799118
368.67 -14.33 0.12 8659.507945184887
984.0 -60.82 0.14 8405.069232551314
878.52 -195.75 0.1 8722.204603824073
415.62 -19.79 0.13 8745.274202861308
973.33 -173.07 0.06 8253.76577021409
675.24 -121.27 0.1 8723.745334728308
983.98 -78.73 0.07 8407.15142712984
952.59 -75.85 0.06 8246.60340215594
230.84 -10.34 0.05 8045.4873771826615
935.96 -121.73 0.06 8343.076765876967
804.48 -210.07 0.14 8972.863750640725
969.47 -125.41 0.14 8968.18279549995
809.97 -82.08 0.11 8798.23193611411
483.82 -113.86 0.06 8280.646125371462
455.28 -33.0 0.11 8798.965034630211
857.94 -202.54 0.13 8910.368142860301
771.43 -92.68 0.13 8918.970790386084
752.61 -158.41 0.1 8721.430685640193
683.41 -57.86 0.13 8902.886877031136
662.07 -108.08 0.09 8642.295918721107
728.51 -7.86 0.16 9049.88978729636
367.14 -94.25 0.13 8919.066733717566
799.3 -50.6 0.06 8269.587665214309
837.08 -191.17 0.13 8919.07851261585
577.8 -17.99 0.15 8980.757502938992
620.89 -59.08 0.1 8724.63287097018
827.87 -133.56 0.07 8408.62577096203
985.33 -155.98 0.11 8659.70385394745
674.57 -74.83 0.15 8946.792104765427
