0.0 0.0
704.73 114.3 0.14 11205.6868696606
465.7 100.38 0.15 11240.621948829363
890.04 59.76 0.09 10926.770284741286
426.78 32.35 0.1 11002.2592420317
869.45 50.7 0.15 11240.111771267038
806.33 202.42 0.1 11008.89814322467
827.59 31.54 0.05 10386.567014620941
535.36 108.39 0.13 11168.27887947678
924.21 93.84 0.1 11003.779082867399
876.95 199.74 0.07 10727.20671668996
557.35 67.91 0.07 10704.692618416075
503.3 136.73 0.07 10763.566196268515
692.46 0.16 0.09 10938.327403206982
778.44 109.99 0.12 11119.862835020213
569.97 84.57 0.14 11205.523810907072
658.81 95.72 0.15 11240.231919179181
919.58 147.25 0.15 11240.059156868794
562.72 180.65 0.06 10665.789987721768
939.56 194.44 0.08 10850.756709078618
195.96 47.03 0.07 10769.7396154756
936.2 191.32 0.05 10551.237232879612
598.49 74.6 0.08 10842.21660166375
879.79 127.14 0.08 10837.261284129063
275.32 70.59 0.12 11120.108791504865
168.4 24.16 0.08 10877.56852642156
877.34 197.65 0.09 10944.57182932704
905.82 246.52 0.1 11013.216646804112
295.31 18.81 0.12 11122.021225398636
737.81 10.19 0.07 10731.315075104945
561.92 161.7 0.12 11122.808933445649
243.18 37.61 0.08 10824.906380438117
936.7 172.31 0.11 11066.40133996605
779.32 188.56 0.05 10372.239363017035
927.04 170.31 0.06 10535.726927605658
888.26 8.91 0.12 11120.98080767981
694.28 47.83 0.12 11119.928674575054
458.34 37.34 0.1 11001.950474009396
697.78 148.78 0.08 10870.159710329812
699.27 164.35 0.12 11120.454148606113
866.67 30.3 0.07 10736.13728016226
274.5 48.36 0.09 10948.147314090935
806.13 166.26 0.11 11071.273475849492
396.58 230.25 0.13 3144.436233704203
461.19 164.57 0.1 3147.7418024644107
347.51 182.65 0.15 3150.6347285017
791.43 434.09 0.06 3235.470331599772
691.82 392.91 0.11 3143.460249920101
391.45 217.73 0.14 3147.254577192979
693.59 424.51 0.12 3142.8491471948228
632.3 217.95 0.09 3158.181847614257
454.08 185.68 0.14 3147.254577183378
367.05 127.32 0.1 3147.747219140107
381.26 215.27 0.1 3147.7566356341936
709.54 511.07 0.14 3147.254577346208
416.89 239.21 0.06 3337.3887046105465
765.38 510.87 0.05 3610.6378751422358
719.78 408.68 0.05 3423.4587395978306
831.74 468.84 0.12 3142.8490094237372
752.75 285.88 0.13 3144.4362335387905
761.23 370.52 0.07 3228.54226879792
407.07 226.32 0.14 3147.2545774824966
798.81 382.9 0.13 3144.4362334732878
177.34 100.28 0.14 3147.254577239125
794.02 287.55 0.07 3062.143906951499
123.79 56.55 0.07 3223.296195648924
716.43 388.48 0.08 3181.4198277022624
333.33 182.42 0.07 3218.0106923440776
494.03 288.97 0.08 3179.0618919100702
916.68 339.32 0.12 3142.8490630401648
801.54 287.38 0.14 3147.254577217098
198.3 104.76 0.11 3143.460382028875
261.62 168.58 0.08 3181.784076510595
158.4 97.98 0.14 3147.2545773500124
817.63 543.69 0.08 3295.2070693665046
594.35 354.58 0.09 3158.6002262007655
585.64 402.23 0.05 3408.2811693095264
603.34 230.65 0.08 3174.9159507607087
567.52 362.51 0.11 3143.4549103807362
644.9 414.54 0.08 3180.7572630785608
779.71 403.07 0.08 3181.3080392457673
148.37 74.26 0.06 3311.632392783442
290.39 193.37 0.09 3158.6420648441626
714.17 492.67 0.05 3578.612451985944
467.94 332.05 0.11 3143.455229648119
447.32 229.5 0.07 3052.018077880834
445.99 232.17 0.09 3158.5076387675203
522.49 228.95 0.06 3288.2996329522234
838.98 452.55 0.06 3288.644941327795
693.44 331.97 0.13 0.6964668443320079
716.91 494.89 0.08 1313.7876530788747
826.78 465.21 0.1 762.4772888925454
83.68 53.15 0.11 -2023.1223898478243
609.71 651.34 0.13 3058.2373569109864
514.23 555.61 0.12 3011.644814389374
747.96 566.64 0.13 3058.237356821033
497.05 632.59 0.12 3011.644816354124
289.71 275.46 0.11 2965.126670125102
265.91 253.98 0.14 3104.184152252353
570.49 512.52 0.14 3104.184152250089
511.7 562.43 0.13 3058.237356677733
484.72 476.67 0.13 3058.2373569223273
139.69 120.63 0.12 3011.644813857737
501.76 578.51 0.11 2965.126680522599
461.54 475.06 0.12 3011.644813787326
263.61 220.49 0.06 2872.6128358967994
578.9 494.83 0.13 3058.237356829161
216.31 165.39 0.15 3148.950225858344
440.57 356.18 0.1 2919.733911246642
572.44 567.06 0.09 2877.1262813049443
388.61 309.71 0.13 3058.237356914912
138.27 119.48 0.07 2814.7813811947044
500.93 661.04 0.12 3011.644814669801
670.84 710.71 0.1 2919.732595795379
520.44 432.45 0.12 3011.6448141196174
529.18 645.88 0.07 2818.2067740599723
719.8 611.26 0.11 2965.1266763848503
541.36 414.93 0.07 2803.6429864403485
737.17 671.97 0.1 2919.7319177296035
755.28 557.05 0.1 2919.7322538212475
580.18 705.49 0.08 2839.8688137754134
389.35 532.69 0.07 2814.827137545256
349.64 393.84 0.09 2877.126397826725
657.45 643.54 0.15 -1122.011126633613
604.86 538.73 0.08 2846.938883079849
538.63 647.34 0.09 2877.1263233614377
415.69 333.93 0.07 2816.5205354936165
419.81 314.74 0.06 2708.46907614437
138.65 153.12 0.15 -1122.0111267845382
291.8 388.4 0.12 -398.5690360068338
381.51 288.55 0.13 -642.1214218999307
533.62 609.16 0.08 628.7508238074117
188.15 466.87 0.13 6533.315908125616
468.93 852.14 0.12 6538.573889656715
423.57 876.12 0.09 6565.841450668804
199.8 537.78 0.07 6636.814390961847
204.78 557.3 0.12 6538.718258460608
28.51 60.48 0.11 6545.518645857337
66.4 116.03 0.12 6539.175352898019
519.4 793.78 0.1 6554.001977567861
103.49 191.03 0.05 6644.272740814447
312.74 460.38 0.06 6645.190910124869
443.81 755.18 0.11 6545.346320313889
318.71 706.45 0.14 6529.048580203093
417.78 742.59 0.08 6578.704844417456
332.76 648.97 0.07 6619.863874694007
131.49 251.78 0.09 6572.620071168402
337.0 888.69 0.09 6567.369470374186
385.6 630.5 0.12 6538.577997571729
334.9 723.92 0.14 6529.036295804538
391.07 742.18 0.07 6647.466054817253
492.46 865.26 0.1 6554.970755123863
342.7 886.13 0.13 6533.328736576792
116.02 277.82 0.14 6529.047467055534
160.87 285.4 0.06 6677.211007354225
162.11 409.44 0.07 6634.331005291218
318.36 835.26 0.09 6467.608310791517
317.81 489.45 0.09 6566.19662737297
484.75 800.03 0.05 6708.185609514705
466.59 764.31 0.15 6525.72015301556
191.48 407.19 0.14 6529.038648499164
382.86 876.98 0.13 6533.291661751962
281.2 740.37 0.15 6525.731022822178
460.94 657.54 0.09 6565.060476128906
283.45 484.15 0.11 6545.336096815323
247.77 506.78 0.13 6533.239291044998
313.9 885.5 0.07 6615.433609863247
270.75 672.06 0.1 6554.576520088765
483.52 734.45 0.05 6615.407599308259
474.73 786.47 0.1 6554.721711393465
356.69 554.78 0.08 6577.002636301818
483.94 712.47 0.06 6658.186232732573
419.27 701.97 0.1 6556.225555072199
293.29 701.89 0.1 6554.264600182278
168.15 494.17 0.08 6581.544661735828
270.87 695.5 0.1 6554.38100911287
186.57 294.91 0.1 6553.893535243702
163.53 522.15 0.08 4330.284141971721
20.56 773.08 0.14 3747.0616435780858
58.14 670.57 0.12 3689.4536179812076
211.99 938.06 0.15 3775.9837494109574
105.97 346.47 0.14 3747.0616435781217
59.13 901.64 0.13 3718.163695598296
54.63 625.23 0.07 3536.033729307635
14.38 636.33 0.12 3689.4536179812035
104.81 633.73 0.07 3559.1550358049763
209.3 924.09 0.08 3578.901554608833
98.3 357.58 0.14 3747.061643578018
131.95 569.44 0.14 3747.0616435777383
28.5 456.65 0.07 3687.41657582288
36.17 680.4 0.08 3571.1383806594813
46.25 800.53 0.11 8319.246860854231
0.52 313.21 0.09 4900.458556150235
5.81 349.59 0.1 3632.2019497737024
211.3 680.31 0.07 3535.9238957704874
92.09 874.09 0.12 3689.453617981149
61.43 708.8 0.05 3479.840496565642
9.5 608.43 0.1 3632.201949789677
222.92 847.13 0.13 3718.1636955999734
220.16 740.49 0.07 3798.851504594074
111.57 376.51 0.07 3535.7921513711426
202.39 740.98 0.08 3571.1981176823147
12.21 252.48 0.08 3571.1421308209365
63.09 216.39 0.09 4600.023968950401
108.82 581.72 0.14 3747.061643577998
1.79 847.08 0.12 3689.4536179811867
153.7 856.53 0.13 3718.163695599978
204.31 916.01 0.09 4900.4061932005625
167.48 976.29 0.06 3494.5363779520476
92.92 423.94 0.09 3602.665687260483
266.29 905.5 0.1 3632.2019498106324
29.48 909.91 0.05 3414.2734086743985
56.03 377.0 0.05 3448.0100957408504
230.71 751.86 0.09 3602.665989000119
172.1 767.02 0.12 3689.4536179812026
33.94 633.32 0.11 3660.9036977571905
101.15 557.46 0.1 3632.2019497853594
14.25 924.46 0.06 3511.0753187557684
28.86 915.41 0.06 3494.4123150658215
-217.37 838.44 0.14 4951.821554810109
-125.3 925.88 0.14 4951.831482709801
-280.27 862.92 0.11 5020.339941347631
-71.65 429.38 0.07 5236.212831692202
-36.7 440.28 0.13 4970.65868225423
-57.03 694.66 0.09 5100.143938770305
-207.7 868.67 0.12 4993.194862477098
-54.92 676.94 0.09 5095.45956427364
-170.37 746.99 0.1 5054.095914123855
-151.47 916.0 0.08 5147.287362559066
-178.0 565.61 0.08 5165.130620106429
-33.82 892.68 0.14 4951.82585561761
-43.92 351.87 0.08 5153.566190875023
-14.31 56.74 0.09 5098.811279202791
-4.89 567.07 0.14 4951.822659464297
-127.97 555.82 0.15 4935.809830540749
-270.8 843.2 0.08 5148.199516175862
-59.71 733.78 0.1 5053.760950145554
-35.78 513.3 0.14 4951.819844439346
-127.3 486.22 0.1 5056.052590751697
-199.06 659.19 0.14 4951.829932923023
-13.7 728.53 0.15 4935.810028539793
-148.7 566.7 0.13 4970.643273209762
-107.4 536.77 0.05 5628.051228287
-212.44 809.89 0.07 5213.465155721174
-54.31 979.04 0.15 4935.809606353962
-92.49 288.27 0.08 5151.0445797628745
-57.35 829.79 0.08 5151.713135395237
-171.97 737.24 0.1 5054.537194967968
-119.44 450.05 0.07 5222.44288122568
-92.32 437.44 0.12 4993.09211698404
-54.97 786.03 0.15 4935.809716235433
-231.74 933.38 0.11 5020.647308332221
-113.3 775.0 0.1 5055.565478714189
-65.53 386.24 0.15 4935.8123815747695
-180.89 947.24 0.07 5267.592537874951
-20.65 624.12 0.15 4935.813127452811
-57.69 955.48 0.06 5390.456055032545
-109.25 843.96 0.06 5389.982373590011
-56.07 758.12 0.08 5150.842890286144
-223.52 827.82 0.13 4970.662849750536
-122.5 775.56 0.12 4993.264437218208
-75.69 781.01 0.1 5053.991051663392
-24.31 165.07 0.1 5055.963071429969
-253.07 652.99 0.09 9148.573882195398
-179.5 460.85 0.08 3222.645420728354
-243.07 450.72 0.15 3290.088522156261
-346.53 557.35 0.15 3290.088522257348
-394.17 859.86 0.1 3266.535869231529
-300.2 689.24 0.09 3247.699631915658
-318.67 698.34 0.08 3222.6719851300695
-295.47 806.54 0.14 3293.4234619704994
-256.97 777.63 0.13 3292.9147796905077
-288.46 478.68 0.07 3192.3193396526985
-441.76 638.03 0.1 3266.5358692768646
-480.54 771.17 0.14 3293.4234619777303
-499.4 864.98 0.11 3279.8925534202845
-264.46 784.1 0.06 3158.4909102791826
-479.33 726.76 0.09 3247.6996035854995
-226.31 357.11 0.1 3266.5358692302902
-348.35 692.97 0.07 3189.501681620988
-164.17 330.94 0.08 3222.6508115855067
-149.17 218.45 0.08 3458.4214653353474
-230.94 675.3 0.08 3222.6791314807997
-339.32 747.87 0.11 3279.892553489135
-437.23 798.4 0.11 3279.892553798754
-339.0 786.72 0.11 3279.892553872856
-406.39 697.32 0.05 3147.8254151699985
-393.69 617.85 0.11 3279.8925537002
-539.16 830.9 0.13 3292.914779712061
-327.41 853.24 0.08 3222.659239643092
-500.93 806.1 0.11 3279.89255386873
-289.27 716.65 0.07 3189.5233630880416
-37.03 89.98 0.13 3292.9147797063433
-127.83 362.91 0.05 3042.653124430469
-341.3 556.15 0.06 3164.029589345927
-125.6 357.52 0.11 3279.8925538717617
-263.59 396.82 0.13 3292.9147797155447
-315.34 492.21 0.07 3191.858428811575
-298.45 527.41 0.11 3279.8925538672793
-167.99 499.86 0.11 3279.8925534663113
-265.05 581.18 0.12 3288.5050413361178
-166.33 323.98 0.1 3266.5358701268015
-338.54 546.89 0.11 3279.892553658493
-562.36 482.28 0.13 3061.0292462068487
-538.62 397.15 0.11 2980.2676455827927
-583.49 599.26 0.12 3018.535816366211
-510.69 419.97 0.11 2980.2676378612646
-695.74 559.0 0.12 3018.5358163777005
-260.61 252.17 0.1 2946.0587871050084
-93.76 101.61 0.14 3107.9471026462993
-159.76 191.83 0.15 3159.453602802789
-173.13 193.29 0.06 2883.2915744478328
-536.47 648.71 0.06 2784.8048171982928
-595.04 448.11 0.07 2873.337194947255
-590.66 777.75 0.1 2946.0589269394195
-484.99 472.55 0.14 3107.947102617894
-703.0 581.78 0.09 2915.912399070325
-247.42 196.47 0.11 2980.267645026499
-593.43 684.68 0.13 3061.0292462020952
-560.67 752.75 0.06 2815.852212846729
-594.82 433.6 0.12 3018.535816383055
-407.61 391.0 0.08 2889.966329844049
-484.01 477.83 0.14 3107.9471026586725
-180.05 168.96 0.11 2980.267645856923
-569.55 539.8 0.14 3107.947102780636
-553.1 448.31 0.12 3018.5358163774413
-168.1 128.75 0.15 -1055.355364704351
-445.01 537.57 0.05 2757.2525793173663
-460.43 542.37 0.08 3760.6137480741227
-605.44 620.51 0.1 2946.059381069926
-585.13 528.47 0.12 3018.5358163679425
-481.96 394.8 0.06 2812.6491894072933
-417.82 403.66 0.1 2946.0588970926747
-140.36 153.88 0.06 2878.1198566727994
-271.96 238.83 0.08 2942.871567808488
-625.56 528.85 0.1 2946.058986952402
-724.03 629.48 0.08 2890.410585592408
-682.97 601.65 0.06 2878.448922256555
-81.75 79.19 0.07 2871.0177579099573
-360.95 282.01 0.07 2864.8061795058857
-564.32 621.97 0.08 2890.40321924791
-212.75 252.58 0.07 2871.935270481031
-650.01 488.01 0.06 2867.5081283594664
-341.98 308.69 0.14 -797.0692814135873
-618.09 585.92 0.06 1080.5106718438271
-606.58 331.23 0.11 4694.6842857821775
-789.06 279.64 0.09 4771.7693764149435
-320.71 104.37 0.1 4729.240848692762
-33.84 19.84 0.08 4824.083493656402
-765.06 546.93 0.1 4728.561504017243
-182.39 69.62 0.12 4667.437070489457
-655.52 289.77 0.05 5091.946319311692
-424.06 160.37 0.05 5340.238473247409
-442.06 294.15 0.1 4728.310583572009
-689.77 251.12 0.14 4626.163464516821
-513.85 194.61 0.12 4667.447927466411
-517.6 172.65 0.11 4694.920315256356
-469.44 252.58 0.09 4776.813424197593
-677.01 464.38 0.11 4694.882337754063
-600.0 356.14 0.07 4893.284893607288
-772.99 477.43 0.12 4667.473421552387
-845.57 403.49 0.07 4900.052010875635
-593.68 288.55 0.08 4829.516887782559
-95.8 54.51 0.14 4626.165976255722
-316.56 214.13 0.1 4729.530028055891
-293.94 137.4 0.06 5043.340389902787
-257.69 180.31 0.14 4626.162086073607
-588.68 298.82 0.12 4667.492739038006
-526.85 206.97 0.12 4667.509896029975
-299.13 169.71 0.08 4837.233009924853
-263.07 122.24 0.11 4694.652235271194
-748.5 273.03 0.14 4626.16109324687
-806.15 337.63 0.07 4892.241993081451
-709.37 384.4 0.14 4626.160421476571
-415.27 262.65 0.07 4911.888383902983
-268.1 137.08 0.1 4729.3792598382215
-414.24 286.05 0.07 4907.586563907217
-733.48 342.13 0.12 4667.4089291746
-606.27 373.55 0.15 4610.246406095982
-375.54 135.46 0.12 4667.437922459712
-879.61 354.77 0.11 4695.185672431393
-785.04 317.69 0.09 4772.526509571073
-481.87 162.85 0.1 4730.302234664294
-719.39 444.4 0.12 4667.534154967456
-684.34 409.59 0.15 4610.245985061417
-461.25 275.17 0.1 4728.461496633647
-685.02 485.36 0.06 4998.322673434128
-583.72 423.89 0.08 4824.722036536924
-525.74 211.77 0.1 4728.519177477348
-380.51 202.57 0.1 4728.407299262998
-643.56 415.34 0.14 4626.167377778111
-790.57 226.28 0.06 3309.7129733141396
-827.89 166.14 0.11 11341.953131234848
-758.61 110.99 0.07 3332.6038532899665
-104.87 31.44 0.12 3316.470871353846
-746.3 133.83 0.12 3316.470871353846
-552.2 163.22 0.15 3278.986480457347
-820.39 139.46 0.07 3332.3701795696534
-777.45 45.81 0.06 3334.6248007311497
-507.88 137.8 0.14 3293.325691079972
-472.96 46.65 0.08 3335.563107795287
-241.17 44.38 0.05 3335.443269943819
-858.06 52.02 0.1 3331.468080322359
-878.72 236.38 0.12 3316.4708713538457
-404.04 98.09 0.09 4445.339526825774
-494.56 18.03 0.15 3278.9864804529343
-349.24 92.23 0.13 3305.833559245617
-724.15 48.8 0.13 3305.833559245615
-964.41 193.06 0.15 3278.986480452832
-449.89 72.05 0.09 3335.1376542592225
-780.44 230.69 0.11 3325.1036067525997
-943.86 292.21 0.12 3316.470871353846
-594.75 130.22 0.11 3325.1036054512642
-905.12 254.52 0.12 3316.470871353846
-475.67 72.56 0.11 3325.1036052253153
-656.13 209.31 0.08 3597.4039088089903
-634.18 138.29 0.15 3278.986480456229
-144.74 0.33 0.13 3305.83355924561
-783.78 71.41 0.08 3335.621467626008
-843.36 19.11 0.11 3325.103605303441
-942.3 13.57 0.09 3335.138404618197
-914.67 5.1 0.07 3333.1839781874583
-570.89 118.04 0.08 3335.515367224875
-308.58 18.54 0.07 3344.872977115689
-759.54 189.71 0.1 3331.468178354367
-943.73 290.94 0.06 3329.5032145977816
-433.35 79.6 0.08 3338.556753714998
-903.08 113.14 0.14 3293.3256910799705
-645.78 146.14 0.09 3326.073812199298
-588.25 74.78 0.09 3335.136778644423
-538.33 71.71 0.06 3221.7930616619888
-148.35 30.7 0.07 3331.6693699554685
-959.23 225.79 0.06 3313.259275169621
-576.44 98.71 0.07 1743.6357855688807
-704.58 -196.73 0.09 2840.6117874663946
-825.07 -224.29 0.13 2877.8775795519123
-729.97 -37.31 0.06 2896.439239095773
-498.5 -112.43 0.12 2866.474340350229
-400.54 -6.46 0.13 2877.877579561171
-956.94 -212.2 0.09 2840.59555060967
-514.56 -103.61 0.13 2877.877579559572
-771.62 -29.58 0.13 2877.8775795599086
-415.13 -97.06 0.1 2846.996171195093
-791.68 -98.9 0.14 2889.6270032604466
-708.24 -142.31 0.09 2840.5736073802036
-450.54 -12.37 0.14 2889.627003317192
-715.78 -160.16 0.11 2855.961630814326
-733.89 -13.16 0.12 2866.4743403567513
-987.96 -20.15 0.15 2901.209241257452
-938.84 -290.19 0.13 2877.8775795529687
-674.62 -48.31 0.14 2889.627003313965
-607.88 -185.75 0.13 2877.877579558692
-518.95 -72.2 0.13 2877.877579555928
-938.5 -225.01 0.05 2960.1852789988293
-939.88 -83.89 0.09 2840.5765926098074
-944.44 -75.25 0.14 2889.6270033035175
-566.33 -139.5 0.13 2877.8775795589722
-724.38 -55.83 0.13 2877.8775795558
-646.47 -33.6 0.09 2840.5971502057055
-809.25 -55.29 0.11 2855.961630389068
-859.98 -235.58 0.11 2855.9616303747393
-606.53 -37.32 0.09 2840.5883899586493
-841.69 -142.57 0.07 2840.501323887328
-715.63 -145.74 0.06 2871.472284746046
-587.56 -130.37 0.12 2866.474340344936
-355.3 -101.91 0.14 -621.0973110544469
-910.97 -157.09 0.07 2847.7641756001817
-574.82 -155.48 0.05 2721.0962137328315
-768.16 -110.93 0.06 2871.4070390408388
-863.81 -50.12 0.08 2838.9404892769153
-651.55 -100.84 0.06 2808.0290393318946
-627.29 -184.03 0.08 2838.945548434597
-192.01 -57.99 0.07 2840.158142637156
-848.53 -25.22 0.07 2846.76588765838
-633.85 -154.55 0.06 2875.517521331075
-890.01 -208.11 0.06 2809.605645166125
-769.35 -284.57 0.13 4786.320513607755
-873.48 -468.38 0.11 4716.412458361851
-617.83 -285.55 0.06 4403.25839148649
-752.32 -492.57 0.1 4672.904491535649
-694.36 -427.7 0.14 4814.701653448974
-936.91 -325.91 0.13 4786.320513610437
-816.72 -346.26 0.06 4401.906913075444
-406.45 -209.52 0.15 4839.696514953175
-501.01 -274.65 0.1 6303.404658156922
-481.71 -325.79 0.07 4488.715910459835
-890.35 -402.84 0.09 4621.873744698655
-451.25 -164.18 0.09 4621.873876937708
-236.85 -95.05 0.13 4786.32051360832
-741.04 -517.81 0.08 4561.350180747873
-724.64 -463.6 0.14 4814.701653447985
-135.27 -92.14 0.11 4716.412458363055
-477.83 -291.35 0.14 4814.701653435235
-771.16 -326.86 0.06 4405.762041009646
-542.8 -204.1 0.05 4293.05532776733
-848.94 -520.24 0.1 4672.904493304042
-810.45 -570.24 0.06 4400.000244623752
-164.74 -113.35 0.12 4753.84868898956
-391.22 -157.21 0.15 4839.696514953173
-463.86 -306.45 0.13 4786.3205136087945
-793.29 -512.78 0.07 4488.836408699187
-825.27 -420.65 0.12 4753.84868898328
-808.71 -547.55 0.08 4561.350420090084
-544.19 -181.08 0.1 4672.904491672909
-856.64 -464.75 0.1 4672.904492950007
-808.39 -340.3 0.11 4716.412458362553
-208.7 -144.09 0.09 4621.873966481073
-555.16 -222.82 0.13 4786.320513611057
-153.12 -62.43 0.13 4786.3205136088945
-747.35 -299.83 0.09 4621.874067384459
-800.0 -416.48 0.06 4404.037753490463
-743.54 -267.48 0.13 4786.320513608789
-520.73 -275.29 0.06 4398.309917406578
-528.1 -288.04 0.08 4561.3596777218645
-775.23 -489.08 0.11 4716.412458362736
-289.84 -239.98 0.13 4812.146851263776
-544.35 -554.63 0.06 4341.402755699945
-464.83 -570.26 0.1 4661.896704445697
-247.56 -300.63 0.09 4598.20389961613
-450.65 -558.91 0.05 4200.648499254982
-686.54 -548.52 0.12 4767.694579127785
-241.47 -228.49 0.11 10532.899220391362
-573.64 -432.32 0.11 4717.925059218736
-590.14 -631.33 0.1 4661.89670472802
-370.01 -327.69 0.12 4767.6945791244625
-205.27 -151.68 0.06 4372.76647194255
-638.37 -633.8 0.11 4717.925059228079
-616.27 -617.65 0.11 4717.925059235429
-705.32 -550.91 0.07 4439.1464111746445
-743.55 -581.55 0.11 4717.925059231525
-373.0 -488.91 0.13 4812.146851256859
-140.56 -140.05 0.06 4333.536423565805
-529.63 -652.11 0.1 4661.896704459794
-376.81 -443.8 0.11 4717.92505932301
-428.54 -356.36 0.05 4220.342049435294
-678.89 -567.07 0.09 4598.213642068975
-623.46 -495.72 0.07 4438.891965318129
-479.2 -567.47 0.12 4767.694579065108
-516.56 -660.38 0.14 4851.885768075075
-512.95 -424.67 0.09 4598.203618786634
-708.18 -606.12 0.05 4228.533009607697
-217.75 -200.36 0.05 4219.350754847219
-637.98 -759.51 0.07 4438.960660246097
-131.49 -149.59 0.12 4767.694579083907
-343.11 -436.83 0.07 4438.566093286582
-518.96 -614.19 0.07 4666.597264593256
-420.17 -390.59 0.05 4190.021777470611
-756.76 -602.61 0.12 4767.694579036921
-465.6 -435.5 0.09 4598.203777684596
-322.68 -309.48 0.14 4851.885768028128
-219.82 -260.89 0.07 4438.968883492462
-578.06 -603.74 0.1 4661.896704551433
-447.09 -404.32 0.05 4225.333709258363
-500.99 -549.5 0.12 4767.6945790779955
-330.95 -328.86 0.05 4221.984474798641
-637.4 -726.92 0.15 4887.261414297205
-173.07 -341.89 0.15 2618.446145415761
-259.93 -360.98 0.11 2598.0673350564116
-406.34 -850.26 0.11 2598.0673356150987
-245.42 -588.89 0.09 2599.978107592801
-375.38 -561.96 0.13 2598.4438751086022
-151.24 -336.38 0.13 2598.443875212587
-546.07 -829.33 0.14 2605.3541342306235
-311.97 -627.97 0.13 2598.4438770315505
-541.27 -769.37 0.05 2950.58441845536
-170.62 -461.3 0.13 2598.443875101527
-337.97 -767.09 0.09 2614.1104314704094
-410.58 -612.96 0.13 2598.4438774674486
-136.94 -241.76 0.11 3068.833550015953
-118.92 -271.18 0.09 -1444.3525605071845
-106.74 -204.09 0.1 2603.617199133306
-244.17 -637.93 0.09 2614.0800800873753
-410.2 -634.49 0.13 2598.4438751371767
-289.38 -490.01 0.13 2598.4438752030005
-212.8 -523.09 0.11 2598.0673158371765
-271.12 -473.64 0.14 2605.3541350955184
-148.35 -392.94 0.13 2598.443876036506
-212.67 -560.65 0.13 2598.443875416524
-301.44 -666.25 0.13 2598.443876974396
-419.65 -699.15 0.12 2596.305457226005
-354.74 -625.71 0.13 2598.4438752330066
-133.25 -226.27 0.09 2614.119383950381
-119.45 -301.42 0.06 2742.3198645500233
-516.84 -774.31 0.13 2598.4438766152293
-418.97 -620.67 0.08 2632.843076659765
-378.31 -810.14 0.09 2614.26374439695
-198.43 -361.43 0.1 2603.612755997942
-319.94 -933.81 0.1 2603.6097194383888
-343.39 -670.04 0.09 2614.187953799687
-245.16 -625.05 0.1 2603.6187261847535
-109.06 -159.69 0.08 2633.9304699420636
-360.4 -902.21 0.07 2679.1188782400486
-135.74 -397.83 0.1 2603.6108162551645
-236.97 -422.59 0.07 2679.0084303227186
-326.78 -594.71 0.1 2603.613002537847
-233.8 -683.72 0.08 3160.518040101154
-329.6 -471.09 0.08 1853.2983264380339
-259.11 -709.42 0.05 2006.7521530000731
-415.77 -781.73 0.06 1452.770375529126
-95.86 -189.71 0.08 802.8514037289117
-23.43 -919.69 0.1 4952.806907042779
-88.87 -427.84 0.1 4952.80690949736
-23.57 -329.41 0.07 4723.824930326759
-110.11 -349.3 0.08 4816.955724835135
-94.78 -584.42 0.1 4952.806909314197
-193.72 -633.93 0.06 4634.138625669026
-1.5 -342.4 0.06 4653.129745201456
-168.78 -719.71 0.12 5053.658376759613
-10.88 -149.18 0.09 4889.407662648538
-94.58 -732.52 0.13 5094.337377441732
-102.79 -986.63 0.08 4814.25606271601
-48.14 -285.12 0.05 4488.268421673482
-47.59 -190.75 0.06 4613.841909812169
-138.83 -470.25 0.05 4491.315722365493
-123.64 -433.73 0.07 4723.942792621563
-22.63 -368.26 0.15 5161.649263324047
-79.69 -317.63 0.12 5053.6583767596
-117.37 -531.51 0.13 5094.337377441221
-11.99 -873.43 0.1 4952.806909189458
-97.6 -484.69 0.07 4876.521792416099
-100.64 -756.91 0.14 5130.052255223116
-56.63 -676.61 0.09 4889.407691406518
-186.34 -964.98 0.13 5094.337377458212
-3.93 -283.95 0.13 5094.337377440679
-110.33 -492.37 0.1 4952.80690674442
-46.71 -615.71 0.11 5006.9437328047625
-218.28 -808.7 0.07 4908.446037374932
-145.92 -513.54 0.13 5094.337377444248
-69.38 -355.79 0.06 4624.747893358374
-53.71 -778.75 0.1 4952.806890303624
-59.22 -377.97 0.14 5130.0522552216735
-154.53 -835.42 0.06 4614.500631007047
-167.63 -720.27 0.1 4952.806909318051
-130.41 -907.03 0.07 4723.812773951346
-57.7 -851.77 0.06 4613.440897745314
-123.21 -935.72 0.05 4503.599995457717
-117.88 -520.98 0.08 4814.249994835073
-292.32 -921.32 0.05 4514.0308497565275
-21.62 -205.56 0.08 4814.249543533415
-70.46 -496.18 0.11 5006.943732779708
-49.47 -393.3 0.08 4826.456495891941
-78.49 -462.85 0.06 4617.576616460562
95.14 -319.65 0.08 4665.367000221751
42.18 -651.1 0.14 4465.101294974963
99.88 -344.14 0.05 4980.954131916957
91.11 -653.72 0.11 4533.9994272018685
32.0 -297.48 0.13 4483.795509965861
20.15 -863.08 0.12 4506.368655948327
69.87 -749.54 0.13 4483.77968810405
25.08 -310.28 0.12 4506.3591733748
59.01 -454.86 0.11 4534.0575994606215
239.81 -744.97 0.07 4762.924057310789
195.93 -616.62 0.14 4465.103285462034
80.54 -856.51 0.09 4611.544082652277
164.66 -644.05 0.14 4465.102625721251
260.42 -871.38 0.12 4506.415908341596
233.87 -816.75 0.13 4483.785339806069
26.21 -256.97 0.07 4752.453222472041
186.18 -843.5 0.07 4740.109147128665
130.47 -570.8 0.14 4465.105221109274
95.98 -905.46 0.09 4612.989216833919
16.11 -450.22 0.1 4568.005725258239
38.19 -695.51 0.06 4831.624778458292
64.01 -700.44 0.09 4614.275714865016
242.15 -931.44 0.14 4465.102336631848
135.75 -973.67 0.06 4865.728433962523
83.22 -293.63 0.14 4465.10138617169
147.01 -500.66 0.09 4610.9428501098955
131.75 -827.81 0.07 4741.711982511302
11.33 -153.32 0.1 4568.00756357769
161.02 -555.63 0.1 4568.08994069563
149.73 -813.41 0.14 4465.102936622166
105.41 -326.31 0.05 4943.813309373023
87.61 -972.78 0.06 4863.575756499712
51.82 -205.12 0.05 4980.844799812606
89.3 -471.17 0.08 4675.338877966733
38.78 -191.79 0.12 4506.358132973954
58.34 -653.18 0.06 4874.612992695394
148.59 -610.23 0.06 4837.515811185476
43.79 -760.66 0.1 4568.122909306299
101.62 -839.78 0.08 4667.616901396668
65.09 -564.85 0.07 4755.957027696061
104.92 -754.59 0.12 4506.3724273779535
77.09 -777.94 0.09 4612.8106808548055
132.46 -790.1 0.09 4610.9178042927815
127.75 -593.13 0.15 4449.524075788312
54.34 -973.69 0.06 4865.736499544049
53.88 -854.42 0.05 5134.756013543887
86.5 -760.0 0.08 4666.20655691424
130.75 -940.05 0.07 4761.483695797517
7.98 -236.26 0.11 4533.974277002146
516.79 -777.04 0.13 17415.867840664927
277.16 -719.8 0.1 16790.923645929808
342.47 -870.74 0.05 14871.479363479266
258.75 -502.54 0.12 17227.9318243711
258.68 -479.49 0.11 17020.57015968156
244.31 -596.91 0.1 16783.278101809858
173.68 -394.7 0.11 17021.32948822768
282.71 -752.44 0.12 17229.40133592825
51.25 -102.39 0.09 16505.676723809996
317.43 -557.85 0.1 16797.674385610004
374.43 -682.23 0.07 15856.931202840544
499.47 -774.57 0.09 16505.253899953652
280.43 -501.64 0.14 17574.58113570653
246.38 -605.25 0.08 16235.128994702081
312.48 -760.73 0.06 15332.053121388264
146.99 -414.48 0.1 16783.195266742605
307.96 -703.78 0.12 17229.26993104054
145.24 -279.33 0.11 17020.26980403116
297.83 -793.93 0.15 17718.240861983933
192.26 -584.9 0.06 15332.771590556187
464.78 -724.31 0.13 17410.92913947053
474.41 -749.2 0.06 15388.194270192533
307.9 -750.86 0.09 16506.62611794519
509.1 -755.51 0.11 17022.65817217282
94.46 -273.73 0.13 17415.691144338292
244.16 -377.7 0.07 15852.254766131951
456.41 -632.79 0.13 17416.621443216343
333.22 -767.97 0.05 14749.705455102867
233.83 -681.75 0.08 16189.669313587847
400.65 -881.73 0.09 16506.811455225557
154.97 -422.83 0.13 17413.32969235555
480.9 -861.19 0.14 17574.481991996465
137.96 -412.47 0.07 15871.885798586005
140.27 -256.39 0.07 15842.740586482643
252.52 -445.76 0.06 15333.143906651547
504.31 -805.42 0.13 17410.106869689975
386.41 -572.26 0.07 15847.957989383205
481.61 -662.44 0.13 6636.542978616737
653.63 -549.38 0.13 6636.430590603843
606.69 -519.47 0.13 6636.43995801555
650.12 -557.8 0.11 6653.546227013076
458.7 -520.02 0.11 6653.849991082881
325.63 -240.23 0.1 6664.984924630786
674.06 -512.84 0.09 6677.789341332502
316.91 -432.03 0.06 6855.889689592757
312.55 -262.64 0.05 6894.096610006631
488.07 -590.14 0.06 6785.178233834206
265.96 -352.05 0.07 6718.182242573999
295.3 -260.05 0.06 6719.077068005678
177.24 -170.79 0.09 6679.81179346311
308.36 -358.82 0.09 6676.893329115774
533.4 -578.4 0.11 6653.615906369826
416.15 -477.51 0.12 6644.420167294582
163.46 -216.99 0.08 6707.435255505689
695.47 -564.3 0.08 6692.428022454376
511.02 -374.46 0.12 6644.268335456129
609.37 -549.73 0.1 6667.569111734736
447.6 -611.03 0.12 6644.7419941105545
440.28 -418.86 0.09 6680.103952731663
410.52 -410.07 0.06 6719.1714840984
687.05 -516.86 0.09 6676.353400350979
617.7 -562.4 0.11 6653.485434928585
576.74 -524.31 0.11 6653.268384466044
558.52 -421.75 0.11 6653.558560945743
628.47 -726.59 0.11 6653.8077187612
482.03 -605.93 0.06 6851.839056679575
694.6 -578.72 0.05 6901.131259842134
579.04 -506.4 0.07 6726.605829308831
307.63 -421.38 0.06 6789.863089762561
407.0 -359.81 0.12 6644.39456297556
646.68 -539.7 0.09 6686.1496194212705
367.04 -381.88 0.06 6729.963948810416
427.01 -315.66 0.07 6713.915002962926
552.73 -533.13 0.1 6665.010901410398
151.48 -205.23 0.11 6654.6055928812475
455.68 -582.15 0.08 6696.15223029026
526.82 -399.05 0.1 6665.56216438871
310.77 -263.38 0.14 6629.807585374682
486.32 -652.3 0.05 6723.957846335325
604.39 -618.68 0.07 6712.91003884183
373.79 -362.13 0.08 6693.721395074844
597.64 -781.62 0.12 6644.376809236839
429.16 -583.47 0.14 6629.8076301389365
521.69 -422.26 0.09 6679.655994747008
434.37 -587.34 0.14 6629.8074586723615
375.73 -228.6 0.13 5786.109533172757
500.11 -234.33 0.09 5561.798038755254
121.63 -43.54 0.11 5689.83781913579
171.57 -123.3 0.11 5689.837819134791
79.08 -41.91 0.11 5689.837819143958
874.89 -367.79 0.06 5259.660242372728
77.27 -42.77 0.05 5111.9648636574
359.72 -183.42 0.15 5861.789089063266
867.7 -310.32 0.07 5381.252376534483
383.97 -174.52 0.08 5480.004368219941
312.43 -102.26 0.13 5786.109533083313
624.81 -416.97 0.1 5630.771673467505
213.89 -100.56 0.12 5741.099209774613
588.56 -370.26 0.05 5117.352030019085
877.11 -301.46 0.11 5689.837817923486
449.94 -281.77 0.09 5561.7980403418105
621.89 -285.48 0.06 5259.643192530115
695.67 -293.17 0.1 5630.771673456607
553.73 -201.08 0.1 5630.771673484721
672.22 -231.64 0.11 5689.8378191345155
584.01 -296.78 0.15 5861.789089000192
592.77 -338.93 0.09 5561.798039912932
632.08 -379.23 0.06 5259.374157571189
473.93 -295.66 0.06 5264.873988233134
582.64 -402.51 0.06 5259.936135042485
425.3 -245.69 0.06 5262.8093382658135
866.95 -329.26 0.11 5689.837819141739
821.22 -466.54 0.12 5741.099209809221
224.12 -125.88 0.08 5480.0079617879255
148.87 -91.35 0.08 5480.004358245577
822.66 -500.87 0.07 5432.045267068745
868.69 -366.76 0.08 5480.003957314781
347.5 -193.8 0.11 5689.83781913788
130.25 -48.68 0.14 5826.039998114569
782.72 -300.83 0.13 5786.109533186238
57.53 -38.5 0.1 5630.771673492976
851.03 -402.98 0.11 5689.83781915317
857.78 -298.74 0.1 5630.771673472069
621.89 -395.23 0.07 5381.277140350941
773.51 -341.12 0.08 5480.011366033465
734.9 -204.26 0.11 3320.809984478765
782.74 -214.67 0.11 6382.831592286133
523.65 -153.94 0.13 3274.0839336403546
513.5 -100.1 0.05 3871.4621896557
133.15 -0.32 0.09 3395.3941233905302
728.01 -68.11 0.05 4034.145710528601
744.54 -32.69 0.06 3706.2545557713906
643.49 -146.44 0.11 3320.805689203115
549.64 -146.96 0.14 3256.089081657377
471.61 -49.52 0.14 3256.089068935548
563.48 -13.15 0.09 3394.3931331011863
971.36 -100.21 0.05 3795.0763619630725
756.68 -166.16 0.07 3528.470925609919
292.35 -79.6 0.08 3451.973718725405
989.13 -109.92 0.1 3352.8496775518884
724.38 -126.48 0.13 3274.0836837591646
622.63 -157.97 0.13 3274.0837131752623
85.94 -19.99 0.14 3256.0890568009727
600.22 -152.02 0.13 3274.084026743173
796.54 -189.82 0.14 3256.089063435291
650.51 -192.04 0.14 3256.0890522102027
386.44 -8.55 0.1 3352.8752415838785
737.02 -179.25 0.1 3352.9880718793233
867.25 -0.01 0.12 3295.206595992646
971.48 -104.34 0.08 3458.5027202623796
923.3 -37.25 0.1 3352.929888539735
735.66 -202.35 0.09 3394.473223534884
656.19 -146.75 0.08 3452.621941779861
622.21 -72.26 0.14 3256.0890627745844
659.37 -180.85 0.1 3352.900213838142
862.19 -79.09 0.06 3728.3196095830654
432.5 -73.19 0.14 3256.0890560916005
256.04 -29.94 0.14 3256.622263196809
976.18 -105.3 0.15 3240.3202873773116
888.18 -198.66 0.08 3451.7769457602835
534.06 -160.79 0.11 3320.8338091270775
315.59 -67.01 0.07 3546.0035952133403
978.97 -62.87 0.1 3352.9549744259352
987.41 -51.99 0.06 3638.3309909079544
762.83 -156.88 0.07 3556.1609248654127
565.89 -21.85 0.11 3320.7669190242405
934.28 -83.3 0.1 3352.852719487247
594.43 -33.86 0.11 3320.765137094912
374.27 -46.62 0.08 3457.186445111529
172.03 -5.54 0.11 3320.767231469645
909.15 -240.43 0.1 1170.8665322641732
629.34 -79.21 0.12 632.6745025583095
918.23 -46.91 0.07 2098.7631564355434
