0.0 0.0
697.78 148.78 0.08 11035.681473014098
737.81 10.19 0.07 10899.704871433692
168.4 24.16 0.08 11041.67294312888
561.92 161.7 0.12 11300.190368930464
426.78 32.35 0.1 11177.93027167189
569.97 84.57 0.14 11386.198227346675
557.35 67.91 0.07 10877.66936308239
699.27 164.35 0.12 11298.481536174142
658.81 95.72 0.15 11422.124205690223
692.46 0.16 0.09 11109.949930566523
806.33 202.42 0.1 11183.019374121171
274.5 48.36 0.09 11117.683125518206
924.21 93.84 0.1 11179.095152684371
458.34 37.34 0.1 11177.693628609282
890.04 59.76 0.09 11100.853486607944
905.82 246.52 0.1 11186.330760357916
919.58 147.25 0.15 11422.00943980436
465.7 100.38 0.15 11422.383308678383
778.44 109.99 0.12 11298.052471568635
866.67 30.3 0.07 10903.698662282879
827.59 31.54 0.05 10550.57264260421
535.36 108.39 0.13 11346.987467175632
694.28 47.83 0.12 11298.100244727411
704.73 114.3 0.14 11386.309880985158
927.04 170.31 0.06 10709.40921770679
936.7 172.31 0.11 11243.254248598638
195.96 47.03 0.07 10931.548995061594
939.56 194.44 0.08 11019.99954120169
877.34 197.65 0.09 11114.866992262134
869.45 50.7 0.15 11422.044391324704
562.72 180.65 0.06 10819.836300979781
503.3 136.73 0.07 10926.429640498582
879.79 127.14 0.08 11009.100099035633
779.32 188.56 0.05 10538.125196356774
243.18 37.61 0.08 10999.127462619523
888.26 8.91 0.12 11298.863701176284
936.2 191.32 0.05 10693.999927978635
876.95 199.74 0.07 10896.302881960672
598.49 74.6 0.08 11013.101459833117
275.32 70.59 0.12 11298.230938604078
806.13 166.26 0.11 11246.889546227761
295.31 18.81 0.12 11299.618710330156
716.91 494.89 0.08 3632.4123108453614
801.54 287.38 0.14 2888.323538861005
826.78 465.21 0.1 7487.544160733631
391.45 217.73 0.14 2888.323538860589
454.08 185.68 0.14 2888.323538860424
752.75 285.88 0.13 2906.574531383222
719.78 408.68 0.05 3241.8596365253343
632.3 217.95 0.09 2984.8463881334505
333.33 182.42 0.07 3054.540956332259
494.03 288.97 0.08 3013.4174719003313
838.98 452.55 0.06 3120.682703945635
798.81 382.9 0.13 2906.574531377603
261.62 168.58 0.08 3014.6426351780924
445.99 232.17 0.09 2984.96779248609
831.74 468.84 0.12 2924.6244800927802
347.51 182.65 0.15 2869.653223236924
594.35 354.58 0.09 2985.00230239789
693.59 424.51 0.12 2924.6245014827846
290.39 193.37 0.09 2985.017897940983
691.82 392.91 0.11 2942.947877665728
765.38 510.87 0.05 3376.3923909284595
709.54 511.07 0.14 2888.3235388632284
396.58 230.25 0.13 2906.574531397412
791.43 434.09 0.06 3088.357384011926
416.89 239.21 0.06 3150.898121711959
158.4 97.98 0.14 2888.3235388632943
761.23 370.52 0.07 3060.1386641869194
522.49 228.95 0.06 3120.4706127098543
177.34 100.28 0.14 2888.323538861385
716.43 388.48 0.08 3014.4785506377702
148.37 74.26 0.06 3134.864268978824
407.07 226.32 0.14 2888.3235388655767
367.05 127.32 0.1 2962.45070550842
447.32 229.5 0.07 2970.810923431697
198.3 104.76 0.11 2942.9479075162185
567.52 362.51 0.11 2942.946671183252
603.34 230.65 0.08 3011.556456110685
714.17 492.67 0.05 3352.9839737149528
916.68 339.32 0.12 2924.6244884171356
123.79 56.55 0.07 3057.346259061752
585.64 402.23 0.05 3231.204392149086
467.94 332.05 0.11 2942.946743322133
381.26 215.27 0.1 2962.4535138759093
779.71 403.07 0.08 3014.428202060585
794.02 287.55 0.07 2975.663166327794
461.19 164.57 0.1 753.473015882998
817.63 543.69 0.08 1379.7920401013744
644.9 414.54 0.08 1265.3422338134305
533.62 609.16 0.08 9173.15115159063
511.7 562.43 0.13 3440.18565547051
578.9 494.83 0.13 3440.185655448908
572.44 567.06 0.09 3293.8415417340548
484.72 476.67 0.13 3440.1856554356173
500.93 661.04 0.12 3414.116469621197
570.49 512.52 0.14 3459.8102676769877
580.18 705.49 0.08 3240.271152804278
461.54 475.06 0.12 3414.1164696985406
497.05 632.59 0.12 3414.1164694735785
719.8 611.26 0.11 3381.165501620557
415.69 333.93 0.07 3183.670455343424
514.23 555.61 0.12 3414.1164696457745
501.76 578.51 0.11 3381.165501502488
747.96 566.64 0.13 3440.1856554500673
541.36 414.93 0.07 3180.177343200332
263.61 220.49 0.06 3153.116627616134
265.91 253.98 0.14 3459.810267676548
138.27 119.48 0.07 3183.193684113494
419.81 314.74 0.06 3093.0336887061776
388.61 309.71 0.13 3440.1856554366755
349.64 393.84 0.09 3293.8415541094128
216.31 165.39 0.15 3473.505371922194
139.69 120.63 0.12 3414.1164696923693
289.71 275.46 0.11 3381.1655017991734
609.71 651.34 0.13 3440.1856554372357
520.44 432.45 0.12 3414.1164696694173
440.57 356.18 0.1 3341.0545424563616
604.86 538.73 0.08 3241.5901364821257
737.17 671.97 0.1 3341.05447135057
389.35 532.69 0.07 3183.2062077647533
529.18 645.88 0.07 3184.1342079507986
670.84 710.71 0.1 3341.054495535874
755.28 557.05 0.1 3341.054483338275
538.63 647.34 0.09 722.284415438166
382.86 876.98 0.13 6468.272863746843
337.0 888.69 0.09 6511.408641481137
103.49 191.03 0.05 6599.687154767405
423.57 876.12 0.09 6510.369078841328
168.15 494.17 0.08 6527.783457767714
270.75 672.06 0.1 6496.949497916437
318.36 835.26 0.09 6444.0221713058045
160.87 285.4 0.06 6616.885762212318
483.94 712.47 0.06 6601.793376881233
199.8 537.78 0.07 6576.2078737478705
443.81 755.18 0.11 6485.581222667603
131.49 251.78 0.09 6514.982530927186
356.69 554.78 0.08 6524.527075580546
474.73 786.47 0.1 6497.042931102133
484.75 800.03 0.05 6652.619006412393
468.93 852.14 0.12 6476.283952988362
188.15 466.87 0.13 6468.285800156722
247.77 506.78 0.13 6468.244922167022
519.4 793.78 0.1 6496.579792082242
334.9 723.92 0.14 6461.155100107848
312.74 460.38 0.06 6591.497108982827
191.48 407.19 0.14 6461.156269401161
419.27 701.97 0.1 6498.0108160831005
391.07 742.18 0.07 6584.27110736306
332.76 648.97 0.07 6563.393628734833
162.11 409.44 0.07 6574.3291633033905
317.81 489.45 0.09 6510.610697089212
270.87 695.5 0.1 6496.823686750646
116.02 277.82 0.14 6461.160652246575
281.2 740.37 0.15 6454.783373056555
385.6 630.5 0.12 6476.2862949748405
66.4 116.03 0.12 6476.626880191179
417.78 742.59 0.08 6525.747257103216
283.45 484.15 0.11 6485.575019524153
28.51 60.48 0.11 6485.685783682698
466.59 764.31 0.15 6454.778367226621
318.71 706.45 0.14 6461.161205484655
460.94 657.54 0.09 6509.837843685171
483.52 734.45 0.05 6575.850952735385
492.46 865.26 0.1 6497.203200509452
204.78 557.3 0.12 6476.366261228486
313.9 885.5 0.07 6560.047932753052
293.29 701.89 0.1 6496.748779666445
342.7 886.13 0.13 6468.292644682351
186.57 294.91 0.1 6496.510015793054
33.94 633.32 0.11 3981.5574364690915
5.81 349.59 0.1 3944.928385612392
29.48 909.91 0.05 3657.028583091135
266.29 905.5 0.1 3944.9283856217994
0.52 313.21 0.09 4551.390106163104
222.92 847.13 0.13 4043.348694876945
230.71 751.86 0.09 3904.0934159057833
1.79 847.08 0.12 4014.3178796037646
92.09 874.09 0.12 4014.31787960376
63.09 216.39 0.09 4368.893339955808
104.81 633.73 0.07 3816.9537694984692
58.14 670.57 0.12 4014.3178796037682
108.82 581.72 0.14 4068.709094579405
28.5 456.65 0.07 3877.9512836742556
12.21 252.48 0.08 3858.350904186059
163.53 522.15 0.08 4231.350988267837
105.97 346.47 0.14 4068.7090945794075
101.15 557.46 0.1 3944.928385615362
92.92 423.94 0.09 3904.0933198898756
153.7 856.53 0.13 4043.348694876945
98.3 357.58 0.14 4068.709094579405
211.3 680.31 0.07 3806.427674942979
14.38 636.33 0.12 4014.3178796037673
202.39 740.98 0.08 3858.372359781055
54.63 625.23 0.07 3806.4770480575057
28.86 915.41 0.06 3746.092573604573
211.99 938.06 0.15 4090.458074878822
172.1 767.02 0.12 4014.317879603768
167.48 976.29 0.06 3746.1567006096784
36.17 680.4 0.08 3858.3494670671143
20.56 773.08 0.14 4068.7090945794066
204.31 916.01 0.09 4551.3570386801675
59.13 901.64 0.13 4043.348694876818
9.5 608.43 0.1 3944.9283856164616
131.95 569.44 0.14 4068.7090945794
14.25 924.46 0.06 3754.743452148197
209.3 924.09 0.08 3861.334814797879
61.43 708.8 0.05 3695.4652993654227
220.16 740.49 0.07 3934.633916513224
56.03 377.0 0.05 3676.6768242403314
46.25 800.53 0.11 6985.619439566518
111.57 376.51 0.07 3806.36845726442
-119.44 450.05 0.07 5060.727207034651
-127.97 555.82 0.15 4777.71277159352
-57.69 955.48 0.06 5211.387353649843
-170.37 746.99 0.1 4895.129133526696
-75.69 781.01 0.1 4895.070650109216
-212.44 809.89 0.07 5054.357098964275
-109.25 843.96 0.06 5211.024182938795
-280.27 862.92 0.11 4862.00928206219
-180.89 947.24 0.07 5092.8977120331365
-56.07 758.12 0.08 4990.081377102188
-107.4 536.77 0.05 5434.58846812715
-223.52 827.82 0.13 4812.781727942217
-71.65 429.38 0.07 5070.514993738298
-125.3 925.88 0.14 4793.90632895809
-4.89 567.07 0.14 4793.903196929611
-178.0 565.61 0.08 4999.515402880916
-231.74 933.38 0.11 4862.165105743515
-92.32 437.44 0.12 4835.1041159119195
-14.31 56.74 0.09 4938.098415282854
-151.47 916.0 0.08 4987.737889579669
-270.8 843.2 0.08 4988.338940428838
-148.7 566.7 0.13 4812.773788161774
-54.97 786.03 0.15 4777.712736797985
-207.7 868.67 0.12 4835.15099179744
-92.49 288.27 0.08 4990.214363009375
-171.97 737.24 0.1 4895.375263772841
-13.7 728.53 0.15 4777.712831866169
-43.92 351.87 0.08 4991.877465586545
-33.82 892.68 0.14 4793.9043314806695
-217.37 838.44 0.14 4793.902804806807
-35.78 513.3 0.14 4793.902197671383
-24.31 165.07 0.1 4896.170798159528
-59.71 733.78 0.1 4894.94232567608
-127.3 486.22 0.1 4896.220755230212
-57.03 694.66 0.09 4938.910012076209
-20.65 624.12 0.15 4777.713775203938
-54.31 979.04 0.15 4777.712703349108
-57.35 829.79 0.08 4990.655220101848
-65.53 386.24 0.15 4777.71354815152
-122.5 775.56 0.12 4835.182735396587
-113.3 775.0 0.1 4895.948934862943
-36.7 440.28 0.13 4812.780037696919
-54.92 676.94 0.09 4936.058407767555
-199.06 659.19 0.14 4793.905778821603
-265.05 581.18 0.12 3630.6027793653484
-167.99 499.86 0.11 3601.2212594884186
-393.69 617.85 0.11 3601.2212595115852
-243.07 450.72 0.15 3715.776385169407
-166.33 323.98 0.1 3569.6373575660837
-346.53 557.35 0.15 3715.7763851470704
-437.23 798.4 0.11 3601.221259521347
-480.54 771.17 0.14 3686.9355862745538
-226.31 357.11 0.1 3569.637357409874
-441.76 638.03 0.1 3569.637357417989
-164.17 330.94 0.08 3494.517562506154
-315.34 492.21 0.07 3448.2052692862817
-406.39 697.32 0.05 3350.2376283461117
-318.67 698.34 0.08 3494.524365209235
-339.32 747.87 0.11 3601.22125949068
-289.27 716.65 0.07 3447.28487550285
-327.41 853.24 0.08 3494.520270276415
-256.97 777.63 0.13 3658.856161779676
-125.6 357.52 0.11 3601.2212595285782
-295.47 806.54 0.14 3686.9355862755456
-499.4 864.98 0.11 3601.22125948386
-230.94 675.3 0.08 3494.526661253928
-394.17 859.86 0.1 3569.63735741009
-149.17 218.45 0.08 3581.174853290121
-341.3 556.15 0.06 3398.323125728463
-37.03 89.98 0.13 3658.856161778784
-179.5 460.85 0.08 3494.51583054475
-298.45 527.41 0.11 3601.2212595281344
-288.46 478.68 0.07 3448.387187316439
-253.07 652.99 0.09 7860.528393222744
-263.59 396.82 0.13 3658.856161778266
-264.46 784.1 0.06 3395.7144308894253
-339.0 786.72 0.11 3601.221259528687
-338.54 546.89 0.11 3601.2212595074543
-300.2 689.24 0.09 3534.570929752931
-348.35 692.97 0.07 3447.276339201968
-539.16 830.9 0.13 3658.8561617784617
-479.33 726.76 0.09 3534.5709227221937
-127.83 362.91 0.05 3293.442039313716
-500.93 806.1 0.11 3601.221259528278
-140.36 153.88 0.06 3119.9584144352903
-560.67 752.75 0.06 3094.805645572258
-81.75 79.19 0.07 3158.0066182796945
-159.76 191.83 0.15 3390.4169494110183
-583.49 599.26 0.12 3346.0616471786684
-417.82 403.66 0.1 3284.6138851793853
-407.61 391.0 0.08 3203.2443375616363
-593.43 684.68 0.13 3367.714627494528
-212.75 252.58 0.07 3158.297008052141
-445.01 537.57 0.05 3020.09683577747
-618.09 585.92 0.06 4114.646453803069
-93.76 101.61 0.14 3382.636037841634
-695.74 559.0 0.12 3346.0616471779754
-484.99 472.55 0.14 3382.6360378463746
-484.01 477.83 0.14 3382.636037839569
-562.36 482.28 0.13 3367.714627493972
-650.01 488.01 0.06 3115.557905827978
-173.13 193.29 0.06 3122.119611071963
-510.69 419.97 0.11 3318.172798867511
-481.96 394.8 0.06 3093.5562371909905
-360.95 282.01 0.07 3156.051239019669
-247.42 196.47 0.11 3318.172798888348
-585.13 528.47 0.12 3346.0616471785634
-625.56 528.85 0.1 3284.613891683417
-460.43 542.37 0.08 3557.910597218841
-569.55 539.8 0.14 3382.6360378192126
-538.62 397.15 0.11 3318.1727988899656
-553.1 448.31 0.12 3346.0616471779904
-271.96 238.83 0.08 3216.0834249128275
-590.66 777.75 0.1 3284.613887339687
-260.61 252.17 0.1 3284.613877218506
-180.05 168.96 0.11 3318.172798890763
-605.44 620.51 0.1 3284.613920209632
-594.82 433.6 0.12 3346.061647177652
-564.32 621.97 0.08 3203.344356190571
-536.47 648.71 0.06 3082.8842811084137
-682.97 601.65 0.06 3120.0956045907656
-703.0 581.78 0.09 3246.0401419167015
-595.04 448.11 0.07 3158.741486130114
-724.03 629.48 0.08 3203.3460434667504
-765.06 546.93 0.1 4563.2370211370835
-525.74 211.77 0.1 4563.214646615242
-95.8 54.51 0.14 4463.781314521805
-606.27 373.55 0.15 4448.063478468066
-685.02 485.36 0.06 4826.9498558159685
-320.71 104.37 0.1 4563.596183040526
-719.39 444.4 0.12 4504.116533407816
-606.58 331.23 0.11 4530.52001951223
-375.54 135.46 0.12 4504.0761691739
-263.07 122.24 0.11 4530.504828555322
-772.99 477.43 0.12 4504.091058818862
-583.72 423.89 0.08 4656.922749569838
-442.06 294.15 0.1 4563.104385581812
-600.0 356.14 0.07 4725.0344531006685
-709.37 384.4 0.14 4463.779589587606
-733.48 342.13 0.12 4504.064008540133
-293.94 137.4 0.06 4860.674284361704
-415.27 262.65 0.07 4737.927474903181
-424.06 160.37 0.05 5129.92332799967
-257.69 180.31 0.14 4463.780106496545
-588.68 298.82 0.12 4504.099161425335
-789.06 279.64 0.09 4604.812770127711
-513.85 194.61 0.12 4504.080365615558
-785.04 317.69 0.09 4605.254537016219
-643.56 415.34 0.14 4463.781749740183
-748.5 273.03 0.14 4463.7797981929925
-481.87 162.85 0.1 4564.157509975568
-299.13 169.71 0.08 4664.913706245867
-182.39 69.62 0.12 4504.075811829615
-684.34 409.59 0.15 4448.063370609903
-689.77 251.12 0.14 4463.780534546484
-806.15 337.63 0.07 4724.312963586984
-677.01 464.38 0.11 4530.613895164452
-526.85 206.97 0.12 4504.106357903208
-414.24 286.05 0.07 4734.9422798386295
-517.6 172.65 0.11 4530.631897316427
-655.52 289.77 0.05 4929.750196001115
-461.25 275.17 0.1 4563.18415612488
-879.61 354.77 0.11 4530.757691335313
-268.1 137.08 0.1 4563.669370739011
-316.56 214.13 0.1 4563.749096833901
-380.51 202.57 0.1 4563.155507626808
-593.68 288.55 0.08 4659.982529230974
-469.44 252.58 0.09 4607.757722225131
-33.84 19.84 0.08 4656.515530958807
-845.57 403.49 0.07 4729.7193398393165
-942.3 13.57 0.09 3427.8517164735754
-507.88 137.8 0.14 3481.9348062705603
-148.35 30.7 0.07 3405.599896522633
-144.74 0.33 0.13 3468.531387526618
-104.87 31.44 0.12 3456.9564752938936
-494.56 18.03 0.15 3497.656817031362
-790.57 226.28 0.06 3383.0324252473056
-905.12 254.52 0.12 3456.9564752938936
-827.89 166.14 0.11 9516.02530785695
-449.89 72.05 0.09 3427.8514717828534
-858.06 52.02 0.1 3437.2341630058004
-552.2 163.22 0.15 3497.656817030647
-964.41 193.06 0.15 3497.656817031378
-241.17 44.38 0.05 3386.8365373842503
-472.96 46.65 0.08 3417.7205656905235
-475.67 72.56 0.11 3446.710057163792
-645.78 146.14 0.09 3424.912415661717
-349.24 92.23 0.13 3468.531387526618
-724.15 48.8 0.13 3468.531387526618
-308.58 18.54 0.07 3411.8958456241426
-780.44 230.69 0.11 3446.7100574255132
-576.44 98.71 0.07 3411.3221023633323
-943.73 290.94 0.06 3393.84808326455
-783.78 71.41 0.08 3417.7439761142646
-903.08 113.14 0.14 3481.934806270561
-758.61 110.99 0.07 3406.043691520763
-878.72 236.38 0.12 3456.9564752938945
-914.67 5.1 0.07 3406.319336755765
-820.39 139.46 0.07 3405.932691850613
-634.18 138.29 0.15 3497.656817030828
-777.45 45.81 0.06 3396.6644565069273
-538.33 71.71 0.06 3336.3158364989895
-594.75 130.22 0.11 3446.710057202512
-588.25 74.78 0.09 3427.8511862467185
-433.35 79.6 0.08 3418.9230110506337
-404.04 98.09 0.09 3976.737260385269
-943.86 292.21 0.12 3456.9564752938936
-656.13 209.31 0.08 3534.165966749215
-746.3 133.83 0.12 3456.9564752938936
-759.54 189.71 0.1 3437.234187471613
-959.23 225.79 0.06 3384.9626468724273
-570.89 118.04 0.08 3417.7014159792375
-843.36 19.11 0.11 3446.71005717718
-729.97 -37.31 0.06 2986.8121042208604
-415.13 -97.06 0.1 3041.814082892865
-724.38 -55.83 0.13 3095.0236103555335
-859.98 -235.58 0.11 3061.320881821295
-768.16 -110.93 0.06 2975.091329634435
-791.68 -98.9 0.14 3108.8963583219406
-514.56 -103.61 0.13 3095.023610354941
-771.62 -29.58 0.13 3095.0236103548878
-606.53 -37.32 0.09 3021.1809112735596
-825.07 -224.29 0.13 3095.0236103561438
-607.88 -185.75 0.13 3095.0236103550787
-400.54 -6.46 0.13 3095.0236103546904
-733.89 -13.16 0.12 3079.1439055105957
-848.53 -25.22 0.07 2983.2850332060784
-566.33 -139.5 0.13 3095.0236103550346
-944.44 -75.25 0.14 3108.89635831178
-518.95 -72.2 0.13 3095.023610355513
-674.62 -48.31 0.14 3108.8963583093164
-574.82 -155.48 0.05 2878.40123344274
-450.54 -12.37 0.14 3108.896358308555
-938.84 -290.19 0.13 3095.0236103559773
-841.69 -142.57 0.07 2981.017850970029
-987.96 -20.15 0.15 3120.8651598139763
-715.63 -145.74 0.06 2975.1215778199194
-646.47 -33.6 0.09 3021.182469167906
-715.78 -160.16 0.11 3061.3208818238977
-809.25 -55.29 0.11 3061.3208818213798
-587.56 -130.37 0.12 3079.1439055114997
-627.29 -184.03 0.08 3000.6735403753346
-708.24 -142.31 0.09 3021.178282487773
-938.5 -225.01 0.05 3008.0945607084236
-910.97 -157.09 0.07 2983.6479440356593
-498.5 -112.43 0.12 3079.143905511095
-939.88 -83.89 0.09 3021.178813340932
-704.58 -196.73 0.09 3021.1850723107013
-890.01 -208.11 0.06 2947.1698942650146
-863.81 -50.12 0.08 3000.6721828077743
-956.94 -212.2 0.09 3021.1821846975427
-192.01 -57.99 0.07 2980.894161140731
-633.85 -154.55 0.06 2977.000068391384
-651.55 -100.84 0.06 2946.4771024674387
-793.29 -512.78 0.07 4768.242411925807
-135.27 -92.14 0.11 5007.212296381347
-890.35 -402.84 0.09 4908.74408853979
-856.64 -464.75 0.1 4962.021683159548
-775.23 -489.08 0.11 5007.212296381226
-501.01 -274.65 0.1 5898.411043849135
-808.39 -340.3 0.11 5007.212296381156
-743.54 -267.48 0.13 5079.512151873498
-752.32 -492.57 0.1 4962.021682557375
-617.83 -285.55 0.06 4675.323587361039
-694.36 -427.7 0.14 5108.826441301725
-153.12 -62.43 0.13 5079.512151873529
-769.35 -284.57 0.13 5079.512151873201
-528.1 -288.04 0.08 4845.149670329178
-724.64 -463.6 0.14 5108.826441301486
-520.73 -275.29 0.06 4672.297463899216
-825.27 -420.65 0.12 5045.961020900857
-741.04 -517.81 0.08 4845.14475221716
-873.48 -468.38 0.11 5007.21229638089
-542.8 -204.1 0.05 4556.32680278239
-463.86 -306.45 0.13 5079.5121518734995
-236.85 -95.05 0.13 5079.512151873362
-816.72 -346.26 0.06 4674.496693369747
-481.71 -325.79 0.07 4768.174405659099
-406.45 -209.52 0.15 5134.654705630799
-747.35 -299.83 0.09 4908.744240752346
-771.16 -326.86 0.06 4676.856280713254
-936.91 -325.91 0.13 5079.512151873973
-477.83 -291.35 0.14 5108.82644129839
-208.7 -144.09 0.09 4908.744193155697
-451.25 -164.18 0.09 4908.74415091763
-800.0 -416.48 0.06 4675.800581714565
-848.94 -520.24 0.1 4962.02168331028
-544.19 -181.08 0.1 4962.021682615816
-164.74 -113.35 0.12 5045.961020902956
-808.71 -547.55 0.08 4845.144876162913
-810.45 -570.24 0.06 4673.330657692899
-555.16 -222.82 0.13 5079.512151874153
-391.22 -157.21 0.15 5134.654705630798
-512.95 -424.67 0.09 5005.799150519224
-447.09 -404.32 0.05 4577.400964706655
-743.55 -581.55 0.11 5136.623509346537
-705.32 -550.91 0.07 4827.5757587895205
-450.65 -558.91 0.05 4561.8196747393085
-343.11 -436.83 0.07 4827.265352034348
-616.27 -617.65 0.11 5136.623509347915
-500.99 -549.5 0.12 5189.696170479121
-219.82 -260.89 0.07 4827.48079335617
-638.37 -633.8 0.11 5136.623509345321
-428.54 -356.36 0.05 4574.241641584559
-708.18 -606.12 0.05 4579.428141919019
-464.83 -570.26 0.1 5075.881452359461
-573.64 -432.32 0.11 5136.623509342022
-140.56 -140.05 0.06 4709.5992929327385
-322.68 -309.48 0.14 5277.513461032756
-529.63 -652.11 0.1 5075.881452365066
-590.14 -631.33 0.1 5075.881452471718
-241.47 -228.49 0.11 9266.440285149407
-376.81 -443.8 0.11 5136.623509378833
-131.49 -149.59 0.12 5189.696170480947
-289.84 -239.98 0.13 5236.339924950486
-686.54 -548.52 0.12 5189.696170494499
-205.27 -151.68 0.06 4732.5674775193775
-373.0 -488.91 0.13 5236.339924948653
-678.89 -567.07 0.09 5005.8035881468
-420.17 -390.59 0.05 4555.145123280984
-623.46 -495.72 0.07 4827.439649329261
-518.96 -614.19 0.07 4954.406503988058
-217.75 -200.36 0.05 4573.614747039292
-516.56 -660.38 0.14 5277.5134610431505
-637.4 -726.92 0.15 5313.994401465067
-465.6 -435.5 0.09 5005.799220868243
-479.2 -567.47 0.12 5189.696170475141
-247.56 -300.63 0.09 5005.79927485109
-544.35 -554.63 0.06 4714.18127106143
-370.01 -327.69 0.12 5189.696170493473
-637.98 -759.51 0.07 4827.476394629534
-330.95 -328.86 0.05 4575.280687761577
-578.06 -603.74 0.1 5075.881452401503
-756.76 -602.61 0.12 5189.6961704664345
-133.25 -226.27 0.09 2538.927773783514
-95.86 -189.71 0.08 4906.48756011214
-375.38 -561.96 0.13 2507.9554934640205
-410.2 -634.49 0.13 2507.955493459362
-109.06 -159.69 0.08 2553.189418847758
-198.43 -361.43 0.1 2529.391220290122
-541.27 -769.37 0.05 2777.0615814228313
-410.58 -612.96 0.13 2507.9554930794643
-311.97 -627.97 0.13 2507.9554931505277
-148.35 -392.94 0.13 2507.955493312747
-136.94 -241.76 0.11 2600.3107331204046
-418.97 -620.67 0.08 2552.8597661907006
-135.74 -397.83 0.1 2529.3910090295244
-516.84 -774.31 0.13 2507.955493218399
-354.74 -625.71 0.13 2507.9554934437388
-546.07 -829.33 0.14 2499.2730272784947
-271.12 -473.64 0.14 2499.2730270658553
-326.78 -594.71 0.1 2529.391247141376
-337.97 -767.09 0.09 2538.925943430984
-301.44 -666.25 0.13 2507.955493159845
-106.74 -204.09 0.1 2529.3917042090584
-236.97 -422.59 0.07 2581.347986327446
-170.62 -461.3 0.13 2507.955493465174
-245.42 -588.89 0.09 2536.0977117403213
-415.77 -781.73 0.06 2510.9617714376664
-419.65 -699.15 0.12 2515.075338811877
-289.38 -490.01 0.13 2507.955493448631
-259.93 -360.98 0.11 2521.870849659098
-319.94 -933.81 0.1 2529.390889574533
-343.39 -670.04 0.09 2538.9417946447415
-151.24 -336.38 0.13 -514.1055473432498
-360.4 -902.21 0.07 2581.393366953632
-406.34 -850.26 0.11 2521.870849667822
-212.8 -523.09 0.11 2521.8708493589947
-329.6 -471.09 0.08 -62.11670282709633
-173.07 -341.89 0.15 -972.9570344563585
-259.11 -709.42 0.05 2314.662766852365
-378.31 -810.14 0.09 2538.957295302169
-245.16 -625.05 0.1 2529.3918705292167
-119.45 -301.42 0.06 2627.3778599181787
-233.8 -683.72 0.08 2774.0940281944604
-244.17 -637.93 0.09 2538.9197383927426
-212.67 -560.65 0.13 -514.1055471393129
-69.38 -355.79 0.06 4963.394511456634
-79.69 -317.63 0.12 5429.623261297342
-53.71 -778.75 0.1 5321.243889082518
-292.32 -921.32 0.05 4832.520596512652
-22.63 -368.26 0.15 5546.634506481587
-23.43 -919.69 0.1 5321.24389648447
-94.78 -584.42 0.1 5321.243897488877
-102.79 -986.63 0.08 5172.612610427569
-130.41 -907.03 0.07 5075.467172504499
-10.88 -149.18 0.09 5253.241691430037
-23.57 -329.41 0.07 5075.474110908375
-47.59 -190.75 0.06 4956.684681228724
-49.47 -393.3 0.08 5179.065348953016
-110.11 -349.3 0.08 5174.0379376047595
-70.46 -496.18 0.11 5379.365946603975
-168.78 -719.71 0.12 5429.623261297345
-1.5 -342.4 0.06 4980.948449597558
-167.63 -720.27 0.1 5321.243897490582
-123.64 -433.73 0.07 5075.541383685191
-110.33 -492.37 0.1 5321.243896352538
-218.28 -808.7 0.07 5183.829808104667
-123.21 -935.72 0.05 4825.600101613552
-100.64 -756.91 0.14 5512.230421920449
-145.92 -513.54 0.13 5473.526213775083
-48.14 -285.12 0.05 4815.457772428408
-117.37 -531.51 0.13 5473.526213774131
-21.62 -205.56 0.08 5172.609170256968
-57.7 -851.77 0.06 4956.438339506416
-46.71 -615.71 0.11 5379.365946613987
-11.99 -873.43 0.1 5321.243897433718
-117.88 -520.98 0.08 5172.6094084084425
-138.83 -470.25 0.05 4817.470838814212
-3.93 -283.95 0.13 5473.526213773961
-59.22 -377.97 0.14 5512.230421920057
-88.87 -427.84 0.1 5321.243897569871
-78.49 -462.85 0.06 4958.980201770872
-97.6 -484.69 0.07 5164.680257461652
-186.34 -964.98 0.13 5473.526213779476
-154.53 -835.42 0.06 4957.089392022186
-56.63 -676.61 0.09 5253.241705373946
-193.72 -633.93 0.06 4969.187918905477
-94.58 -732.52 0.13 5473.526213774292
149.73 -813.41 0.14 4299.392627495052
20.15 -863.08 0.12 4339.322155153445
7.98 -236.26 0.11 4365.745085516982
59.01 -454.86 0.11 4365.783100053497
104.92 -754.59 0.12 4339.323661840083
147.01 -500.66 0.09 4439.628496799541
77.09 -777.94 0.09 4440.693152646062
89.3 -471.17 0.08 4498.774811102075
242.15 -931.44 0.14 4299.392455653653
83.22 -293.63 0.14 4299.392183435494
95.98 -905.46 0.09 4440.794951476701
101.62 -839.78 0.08 4493.929541569914
131.75 -827.81 0.07 4565.9209854428855
80.54 -856.51 0.09 4439.971125869166
127.75 -593.13 0.15 4283.930053688506
87.61 -972.78 0.06 4680.678133662764
38.78 -191.79 0.12 4339.317951243827
43.79 -760.66 0.1 4398.432376447747
132.46 -790.1 0.09 4439.614225207968
58.34 -653.18 0.06 4688.8767892724745
65.09 -564.85 0.07 4575.67263926314
195.93 -616.62 0.14 4299.392727405267
42.18 -651.1 0.14 4299.392157316155
51.82 -205.12 0.05 4803.833226325311
32.0 -297.48 0.13 4317.587177302721
86.5 -760.0 0.08 4493.045628135603
53.88 -854.42 0.05 4927.166873968393
130.47 -570.8 0.14 4299.393281789091
91.11 -653.72 0.11 4365.756559717133
239.81 -744.97 0.07 4580.451808588571
26.21 -256.97 0.07 4573.271560233396
69.87 -749.54 0.13 4317.581752160823
95.14 -319.65 0.08 4492.519598994111
38.19 -695.51 0.06 4657.017488906886
186.18 -843.5 0.07 4564.825431433734
64.01 -700.44 0.09 4441.528671033745
99.88 -344.14 0.05 4803.920166700762
164.66 -644.05 0.14 4299.392538450854
105.41 -326.31 0.05 4774.442936328538
25.08 -310.28 0.12 4339.318366880808
135.75 -973.67 0.06 4682.276169920252
54.34 -973.69 0.06 4682.28215831308
16.11 -450.22 0.1 4398.372259991251
233.87 -816.75 0.13 4317.583690058683
130.75 -940.05 0.07 4579.463239617702
148.59 -610.23 0.06 4661.371738603136
260.42 -871.38 0.12 4339.341032764625
161.02 -555.63 0.1 4398.415462961932
11.33 -153.32 0.1 4398.373203042836
51.25 -102.39 0.09 17031.5535953429
280.43 -501.64 0.14 18138.98763678331
258.75 -502.54 0.12 17779.254188678195
94.46 -273.73 0.13 17972.961359510886
246.38 -605.25 0.08 16742.283913772182
233.83 -681.75 0.08 16703.62667285577
312.48 -760.73 0.06 15819.438464670195
516.79 -777.04 0.13 17973.10082291549
509.1 -755.51 0.11 17565.890629242207
140.27 -256.39 0.07 16339.002462366363
307.96 -703.78 0.12 17780.3263367441
400.65 -881.73 0.09 17032.504045510468
282.71 -752.44 0.12 17780.431626165486
192.26 -584.9 0.06 15820.066780775078
374.43 -682.23 0.07 16351.249098116348
252.52 -445.76 0.06 15820.3923822025
146.99 -414.48 0.1 17318.25064823607
137.96 -412.47 0.07 16364.158817155161
154.97 -422.83 0.13 17971.097578163968
317.43 -557.85 0.1 17330.204772758596
342.47 -870.74 0.05 15327.288107544566
504.31 -805.42 0.13 17968.554175900565
244.16 -377.7 0.07 16347.21290464202
456.41 -632.79 0.13 17973.695637070865
277.16 -719.8 0.1 17324.63074376655
307.9 -750.86 0.09 17032.348805414727
333.22 -767.97 0.05 15219.160935828266
499.47 -774.57 0.09 17031.19944488346
258.68 -479.49 0.11 17564.19234903024
145.24 -279.33 0.11 17563.94806331185
297.83 -793.93 0.15 18288.939881930666
464.78 -724.31 0.13 17969.203074711055
244.31 -596.91 0.1 17318.319025414763
173.68 -394.7 0.11 17564.80993611317
480.9 -861.19 0.14 18138.91058673844
474.41 -749.2 0.06 15868.560429071107
386.41 -572.26 0.07 16343.504725587947
312.55 -262.64 0.05 6832.784008717343
687.05 -516.86 0.09 6632.669553310849
617.7 -562.4 0.11 6608.962547364752
533.4 -578.4 0.11 6609.042247449683
308.36 -358.82 0.09 6633.038762714421
526.82 -399.05 0.1 6620.822186538092
407.0 -359.81 0.12 6599.68869719949
604.39 -618.68 0.07 6669.9917742754205
694.6 -578.72 0.05 6838.660861623412
455.68 -582.15 0.08 6651.773556593577
310.77 -263.38 0.14 6584.9110420455745
579.04 -506.4 0.07 6680.362532245388
307.63 -421.38 0.06 6737.211636722735
650.12 -557.8 0.11 6608.99968270968
416.15 -477.51 0.12 6599.7034021953
427.01 -315.66 0.07 6670.752294336383
653.63 -549.38 0.13 6591.676295737269
410.52 -410.07 0.06 6681.079982002615
488.07 -590.14 0.06 6733.482307369511
177.24 -170.79 0.09 6635.034919445256
151.48 -205.23 0.11 6609.64687445753
373.79 -362.13 0.08 6650.0221911071785
429.16 -583.47 0.14 6584.911064480529
609.37 -549.73 0.1 6622.121922525965
521.69 -422.26 0.09 6634.928336650367
265.96 -352.05 0.07 6673.982399622664
674.06 -512.84 0.09 6633.65152693534
511.02 -374.46 0.12 6599.616203816486
482.03 -605.93 0.06 6786.669920658095
440.28 -418.86 0.09 6635.234793464766
558.52 -421.75 0.11 6609.0072170466665
163.46 -216.99 0.08 6659.909186482076
695.47 -564.3 0.08 6649.090544603692
316.91 -432.03 0.06 6789.910300435044
628.47 -726.59 0.11 6609.159422023948
295.3 -260.05 0.06 6681.005217128376
367.04 -381.88 0.06 6689.629799390403
434.37 -587.34 0.14 6584.910978544889
552.73 -533.13 0.1 6620.465253061696
646.68 -539.7 0.09 6639.372606952064
606.69 -519.47 0.13 6591.681332920694
481.61 -662.44 0.13 6591.736731491363
576.74 -524.31 0.11 6608.829963831322
325.63 -240.23 0.1 6620.44843432832
486.32 -652.3 0.05 6691.385359106593
447.6 -611.03 0.12 6599.888239971386
458.7 -520.02 0.11 6609.185245967119
597.64 -781.62 0.12 6599.67850097476
148.87 -91.35 0.08 5839.427567142124
57.53 -38.5 0.1 6003.912973462027
621.89 -395.23 0.07 5732.290711177242
857.78 -298.74 0.1 6003.912973451395
449.94 -281.77 0.09 5928.5127927169215
773.51 -341.12 0.08 5839.431665887897
121.63 -43.54 0.11 6068.69194908869
877.11 -301.46 0.11 6068.691948518255
867.7 -310.32 0.07 5732.275275356403
851.03 -402.98 0.11 6068.6919490968685
312.43 -102.26 0.13 6174.608700386852
425.3 -245.69 0.06 5602.788311959441
171.57 -123.3 0.11 6068.691949088221
347.5 -193.8 0.11 6068.691949089674
500.11 -234.33 0.09 5928.512791849664
624.81 -416.97 0.1 6003.912973449074
588.56 -370.26 0.05 5442.748648165262
553.73 -201.08 0.1 6003.912973457831
77.27 -42.77 0.05 5438.965977935339
695.67 -293.17 0.1 6003.912973443533
213.89 -100.56 0.12 6125.0507044700635
383.97 -174.52 0.08 5839.427572975968
868.69 -366.76 0.08 5839.4273326441835
473.93 -295.66 0.06 5604.156281670347
866.95 -329.26 0.11 6068.69194909149
582.64 -402.51 0.06 5600.885531385571
224.12 -125.88 0.08 5839.429674796878
632.08 -379.23 0.06 5600.513485438567
621.89 -285.48 0.06 5600.691589589005
584.01 -296.78 0.15 6257.902541258793
375.73 -228.6 0.13 6174.608700422176
79.08 -41.91 0.11 6068.691949092534
592.77 -338.93 0.09 5928.512792482485
821.22 -466.54 0.12 6125.050704485038
874.89 -367.79 0.06 5600.702877088865
672.22 -231.64 0.11 6068.691949088092
782.72 -300.83 0.13 6174.6087004275
822.66 -500.87 0.07 5764.114393364217
359.72 -183.42 0.15 6257.902541278961
130.25 -48.68 0.14 6218.582454248974
971.48 -104.34 0.08 3248.9394764782996
909.15 -240.43 0.1 5075.023823591559
549.64 -146.96 0.14 3074.9298440642124
918.23 -46.91 0.07 2882.4291095158173
622.63 -157.97 0.13 3089.6821422315234
976.18 -105.3 0.15 3062.753848872015
600.22 -152.02 0.13 3089.68217536277
796.54 -189.82 0.14 3074.929843587004
987.41 -51.99 0.06 3417.923442024796
643.49 -146.44 0.11 3129.91417748399
523.65 -153.94 0.13 3089.6821655256213
256.04 -29.94 0.14 3074.943892284947
513.5 -100.1 0.05 3626.760745376844
471.61 -49.52 0.14 3074.929843731047
862.19 -79.09 0.06 3478.5583557884565
762.83 -156.88 0.07 3331.803203663046
923.3 -37.25 0.1 3158.115473423005
622.21 -72.26 0.14 3074.9298435697015
756.68 -166.16 0.07 3315.505007360419
734.9 -204.26 0.11 3129.9153131337516
656.19 -146.75 0.08 3245.9642395359742
563.48 -13.15 0.09 3194.880030725886
724.38 -126.48 0.13 3089.6821391234535
934.28 -83.3 0.1 3158.08892687739
594.43 -33.86 0.11 3129.9034561088456
737.02 -179.25 0.1 3158.1354903278016
888.18 -198.66 0.08 3245.5375478166006
782.74 -214.67 0.11 5020.057431606305
971.36 -100.21 0.05 3569.545119333168
867.25 -0.01 0.12 3107.6636365246613
85.94 -19.99 0.14 3074.929843413261
650.51 -192.04 0.14 3074.9298432930364
744.54 -32.69 0.06 3463.558873396719
989.13 -109.92 0.1 3158.087880483931
315.59 -67.01 0.07 3325.803988465326
565.89 -21.85 0.11 3129.9039272091914
374.27 -46.62 0.08 3248.2726804203216
659.37 -180.85 0.1 3158.105264899341
534.06 -160.79 0.11 3129.9216124020177
728.01 -68.11 0.05 3751.0358505258855
735.66 -202.35 0.09 3194.913986421807
292.35 -79.6 0.08 3245.636892590115
386.44 -8.55 0.1 3158.096674352109
978.97 -62.87 0.1 3158.1241035970093
133.15 -0.32 0.09 3195.3045739001973
172.03 -5.54 0.11 3129.904009812578
432.5 -73.19 0.14 -95.88724512237786
629.34 -79.21 0.12 -2240.448041339386
