0.0 0.0
464.12 89.91 0.12 6293.2824322730485
596.0 166.41 0.28 1161.2207728818776
812.72 143.13 0.24 2486.402003646622
758.08 79.72 0.1 4239.527704692785
622.75 78.34 0.27 1373.8143674368316
914.56 99.38 0.22 1674.2497948026776
894.02 186.84 0.15 5478.068333692498
559.23 162.57 0.06 7891.4128376868575
211.63 53.79 0.29 1155.0627997693928
855.14 190.61 0.28 1144.641656653262
860.75 254.29 0.15 5531.019038022203
292.7 48.28 0.27 1745.813268461372
821.19 180.13 0.12 3657.4722844315174
740.65 86.75 0.21 1722.0623390973597
791.83 80.06 0.2 2356.1631743488924
942.38 268.89 0.26 1546.4649138350342
499.95 97.77 0.18 2569.9557414697074
559.16 126.6 0.17 2134.4669686323637
720.78 11.94 0.22 1723.503544833703
234.86 50.72 0.07 6464.505286095684
753.78 241.39 0.06 7222.244646534497
469.33 121.09 0.07 7461.334465015208
929.38 70.38 0.18 2360.8435047839585
332.8 69.98 0.29 1074.3044935888975
927.8 3.39 0.22 1672.8700871355472
937.78 58.77 0.16 2218.170724196736
558.16 38.39 0.18 2000.3736944235584
548.25 77.85 0.17 4556.006411798342
581.61 120.44 0.13 5473.282986608793
477.9 51.33 0.12 6479.217785619387
633.15 82.89 0.11 3241.0887676018715
187.13 54.74 0.21 2831.499223168226
684.21 188.91 0.2 1888.5671485692333
184.56 30.07 0.12 4401.280092273672
726.87 62.38 0.05 6450.137661388328
413.29 38.65 0.2 2192.0524376208973
191.78 18.64 0.22 2020.2205533627362
573.54 28.82 0.15 5304.448413018463
260.76 77.77 0.06 7455.7955672901835
12.16 2.87 0.29 -4501.146492899384
685.6 206.47 0.08 5025.392160309942
942.1 96.67 0.17 2935.2646434004564
982.77 18.58 0.13 6213.485211763917
895.35 175.64 0.21 3536.0058459119637
726.2 52.0 0.21 2714.6770110328002
827.42 35.83 0.12 6057.801155381938
687.99 90.71 0.3 -4661.507688412423
543.22 162.32 0.18 542.7462994306225
676.72 124.06 0.11 2201.93357534749
835.03 114.44 0.15 1755.366399508262
919.96 234.02 0.06 3155.2302653727374
519.35 117.0 0.13 1946.0682187416692
746.16 116.06 0.21 -1429.2809449423526
711.38 68.75 0.17 -2780.6864559590686
921.14 126.91 0.21 -4361.008696596495
215.56 122.8 0.27 914.4452343245935
765.46 296.67 0.26 1122.492802527035
662.44 441.73 0.24 1311.0423952190167
508.45 183.55 0.18 2258.7761223930866
600.94 318.58 0.08 5339.734502886942
683.76 333.04 0.27 1327.5106636258943
515.1 252.67 0.13 5349.221951056274
773.42 407.41 0.3 949.504182809219
612.41 228.74 0.25 1009.7562869150906
644.06 421.99 0.27 755.5989549862252
887.09 294.89 0.23 1325.8271714584898
886.88 454.23 0.29 -4300.986661878627
765.36 253.25 0.23 1229.8175717776153
747.46 314.22 0.08 7714.329934865888
738.13 434.84 0.15 2510.902761797813
821.35 278.22 0.24 1060.995367334126
638.41 422.14 0.07 5961.628122024103
831.38 504.05 0.24 1047.5481414406609
666.55 386.41 0.09 5041.585546518397
281.87 92.0 0.19 3292.731184812918
789.02 504.07 0.19 1571.9004341932896
109.2 36.11 0.07 6420.082497306229
461.43 258.17 0.26 -3456.528558514329
640.87 306.57 0.17 2306.070813027786
159.04 73.84 0.21 2386.2770124468375
474.05 290.98 0.28 1292.0021626346374
473.01 301.57 0.23 2265.6538711813337
345.23 168.18 0.07 6718.978165370914
742.61 361.33 0.09 4111.591921254167
595.04 332.28 0.22 2399.7252675014033
635.01 405.26 0.16 1954.413095639094
595.19 199.24 0.07 3981.3732058800174
886.74 357.88 0.15 2053.0047265670473
711.94 270.5 0.23 1548.2546625284995
703.66 273.84 0.19 3846.528642481975
428.66 290.59 0.18 2668.7154545749872
657.14 300.56 0.1 3260.834985245403
819.32 331.7 0.06 4273.775657403366
736.82 308.35 0.2 2692.8494425330273
679.11 346.26 0.1 4020.463290866279
408.47 171.43 0.11 5008.109572323762
419.18 291.58 0.19 3016.2638448609914
638.06 250.32 0.21 995.4261040444253
637.22 283.57 0.23 1058.0642056183106
446.5 313.78 0.29 -4977.539740092581
531.5 246.73 0.12 2620.7347010980016
135.77 52.69 0.18 2480.2969404505347
631.74 437.4 0.17 1105.9535577530278
797.08 481.4 0.25 -3447.293095645588
222.86 139.27 0.12 1923.0965210996733
477.86 293.82 0.15 2991.4976752034077
355.19 250.25 0.11 3614.4115583957214
606.89 253.83 0.11 4213.227471448707
559.3 258.98 0.27 -4290.182486988997
931.4 321.33 0.14 4266.106940185435
483.52 258.39 0.2 2330.6872222485517
241.25 91.3 0.25 -3413.911594074076
304.83 368.4 0.17 4420.43896333538
522.67 595.33 0.25 2866.4682754415453
163.18 182.39 0.27 3434.7673883139796
297.74 329.25 0.18 3334.8387933522586
654.67 752.71 0.23 3731.8893602236167
351.23 336.68 0.23 3056.042614774904
460.48 402.5 0.19 3600.7582538174156
311.08 260.9 0.18 3552.1146907532147
474.27 535.37 0.11 7323.316425920728
253.49 216.83 0.3 2808.0136502150417
293.13 316.02 0.09 6922.810991451222
460.11 598.7 0.24 2942.7029633208076
550.78 435.07 0.09 7990.880112627547
398.76 481.08 0.16 5217.369263022509
708.62 680.61 0.11 6418.397882723903
543.66 567.32 0.1 5482.311364236139
551.41 478.72 0.14 3579.0817695553833
568.52 753.16 0.26 2873.7810231337044
222.97 260.46 0.08 8203.39619921343
493.37 437.03 0.15 5936.351375359151
672.48 559.24 0.14 5706.518139269268
606.91 634.5 0.16 5266.008517133521
657.04 546.15 0.1 7380.892375291466
481.24 488.22 0.27 2735.2506408274976
514.42 443.09 0.11 5504.413621136291
582.48 797.88 0.21 3316.9079941973077
536.83 533.12 0.11 4673.921955589736
468.5 575.37 0.27 2744.953144487479
203.33 275.55 0.19 3747.5055160019556
98.88 128.2 0.27 2736.6200079871014
496.79 548.0 0.15 4196.871547576904
696.01 610.82 0.15 6249.430209599207
172.34 160.0 0.14 3631.3322345324655
545.05 732.7 0.13 4645.047970545949
115.17 131.58 0.12 4413.687037669011
447.94 578.7 0.05 8934.601560432433
482.49 573.55 0.09 6509.880007204415
607.86 444.67 0.17 3648.199414220486
562.14 767.47 0.1 4866.646397854085
412.17 521.97 0.15 3556.423973150136
743.65 653.75 0.13 4126.2967369696435
546.56 583.67 0.27 3333.971940874175
224.35 229.86 0.07 8424.505732014348
384.69 304.3 0.11 5612.725263569117
428.74 327.03 0.18 765.764995994492
464.26 635.23 0.2 843.4249603544376
301.01 554.37 0.27 3327.6223668711314
526.6 839.49 0.18 4265.087560685082
62.8 96.93 0.19 4382.908772290586
352.76 905.54 0.26 3046.542349669641
315.42 835.14 0.25 2954.7029975440555
282.07 530.06 0.29 2693.9567032358436
354.19 511.47 0.24 3076.8733196042476
319.47 571.03 0.27 2857.0906692533017
388.36 894.07 0.1 5138.798712593512
193.93 530.45 0.1 7215.360710984054
140.25 304.4 0.18 3341.761210310974
168.14 344.47 0.11 4359.405943652373
220.77 512.61 0.05 9013.405326293865
347.39 633.6 0.17 3842.6805144911455
267.78 675.04 0.28 3058.023354755328
387.18 542.15 0.07 6821.520966241133
554.64 831.46 0.05 7827.904298654378
79.08 197.1 0.25 3048.443928525073
162.42 248.13 0.16 4000.8108527695754
345.34 885.37 0.13 6054.414753826581
389.95 801.35 0.08 5092.6559211318745
365.25 781.8 0.23 3099.6928939448726
370.78 563.94 0.16 5329.090852862636
299.69 613.64 0.25 3046.8442782845395
244.1 610.51 0.19 4205.241084749667
324.15 751.54 0.17 3448.442816150793
9.52 19.57 0.05 8681.587584182531
128.58 201.1 0.14 6013.456532776033
214.22 490.14 0.11 6937.212384172946
357.29 519.58 0.12 4264.476966640483
553.29 787.88 0.28 3061.0047092491914
255.4 646.85 0.22 3382.2475614521627
150.92 239.08 0.24 3256.353562938307
358.48 831.73 0.12 4853.33060910839
545.05 801.81 0.16 5538.423682575111
197.42 329.83 0.13 6157.8283253270565
543.96 801.23 0.15 4535.77826911268
289.8 752.83 0.05 9117.910139428981
258.79 627.38 0.16 889.3751500892781
242.79 631.0 0.14 5103.049540300106
123.18 201.54 0.28 -3078.2607393151675
325.44 461.89 0.22 849.0629497400178
184.18 289.04 0.3 -2838.250200293028
233.39 886.02 0.29 786.9270545434879
158.89 713.0 0.28 893.2054627614389
94.01 991.86 0.25 1225.9810586438562
56.18 945.21 0.26 1097.586803706724
246.25 862.41 0.16 2774.127438874195
133.72 721.68 0.11 4355.600212126481
238.94 838.08 0.16 2392.050089044955
175.7 712.81 0.3 802.4978396288238
4.95 341.7 0.23 1500.9483006588353
107.59 436.16 0.07 6664.760895905571
270.28 958.77 0.29 1103.09237582799
125.2 428.43 0.22 1546.3109932086895
133.27 875.04 0.23 1385.19031099036
56.91 837.99 0.22 3034.328567067935
205.42 948.31 0.29 -4513.271681068742
66.92 862.61 0.09 6279.4796742257895
60.42 555.89 0.15 3609.1173934155313
44.7 572.64 0.17 3269.912696645756
50.91 591.73 0.3 -3707.382961003539
11.96 590.13 0.24 1730.0817991293966
3.06 588.58 0.29 787.8867311686136
119.58 735.75 0.23 1559.9033835610953
42.59 959.86 0.07 5799.46417065707
4.43 838.92 0.29 804.2513862424107
34.49 694.61 0.24 1411.526226655535
289.65 916.57 0.19 1719.8121744549494
209.48 771.75 0.19 2029.7298995627098
25.19 927.13 0.25 1791.6517332377894
55.62 859.53 0.08 4353.422345662459
8.98 765.83 0.2 1744.5626464732732
191.6 773.06 0.13 4775.796800077293
115.94 832.16 0.2 1896.7107781787945
20.69 748.27 0.18 3349.5857132549186
86.8 388.86 0.16 3136.030795728063
11.78 742.67 0.18 2072.7938386299925
51.55 794.87 0.06 5848.414772482099
132.31 972.57 0.14 3554.563707378291
99.53 634.83 0.14 2489.468325998543
30.47 824.72 0.09 6220.434902646907
80.11 835.49 0.14 5474.010937297176
236.37 835.74 0.27 -3200.100737809972
59.15 287.21 0.1 4426.43297458841
5.17 889.58 0.21 1739.0967023138664
159.03 806.58 0.16 828.066152867897
49.35 304.34 0.3 -5109.948841272764
158.7 777.42 0.14 1051.525947660215
77.56 822.23 0.17 3645.6798587264448
212.76 762.2 0.1 5721.0146318020925
103.81 874.74 0.16 3049.4047988740044
23.04 614.14 0.19 1838.4506854340161
139.15 673.56 0.3 -4420.224890584977
39.24 782.85 0.23 1053.3034234493089
241.85 779.09 0.16 2210.158396339543
70.2 784.04 0.25 -4211.576359233923
-244.25 905.0 0.26 2898.378451129961
-60.8 717.06 0.17 4529.534797682377
-116.95 730.9 0.24 1012.1150275632517
-238.64 958.76 0.25 1280.6088238862144
-230.4 800.12 0.3 694.7201963633702
-247.32 965.86 0.28 557.318649602626
-72.55 385.59 0.24 2029.7355866688401
-40.98 375.83 0.06 6272.412989834027
-56.4 315.08 0.16 2245.8066756256417
-94.29 360.79 0.24 975.2797281770945
-53.27 401.99 0.29 730.7412254766105
-218.8 964.48 0.12 4008.2402993198743
-10.55 916.83 0.26 859.3857660747453
-46.79 149.57 0.26 853.0380273078749
-113.92 644.43 0.19 1664.1722635026185
-98.91 412.45 0.25 1285.6695922119093
-66.35 900.63 0.27 1670.8919232989883
-51.86 770.63 0.29 1027.7244628133176
-68.03 584.77 0.26 778.2118937838809
-0.98 736.24 0.15 2047.3228581316741
-199.97 814.75 0.11 4871.0179372753655
-24.22 500.23 0.22 1335.3082436495833
-123.67 770.19 0.07 5978.13563833893
-89.3 455.54 0.09 3360.4379286883845
-25.15 345.08 0.12 5503.873814668147
-79.94 926.89 0.14 5339.710475229206
-95.19 630.31 0.08 4143.344960840522
-182.22 865.35 0.19 1601.7815371179508
-17.82 810.37 0.25 1187.5749373205967
-31.28 711.34 0.25 1856.4640753674983
-202.18 949.24 0.2 2902.993749321327
-168.35 794.25 0.27 -3912.392900775537
-254.81 804.38 0.07 5559.038039607072
-6.8 222.77 0.08 3666.4454722543624
-138.85 776.66 0.27 1713.2085861663318
-9.63 591.42 0.11 4836.6721721731155
-74.4 756.96 0.23 2050.0553585926923
-102.13 549.42 0.19 3102.5518704411766
-12.02 743.21 0.12 6439.006302793601
-261.26 873.64 0.12 5624.6333610278125
-204.45 868.45 0.24 1883.251505206477
-36.53 606.33 0.26 1933.5979405385472
-115.45 903.24 0.06 4142.718604314268
-135.68 616.73 0.13 2591.244400182442
-144.22 633.63 0.11 3894.118424793406
-212.26 682.94 0.27 -3595.3223392500267
-187.58 751.84 0.23 556.8309391669554
-201.57 725.32 0.11 2174.2155631642377
-27.26 397.85 0.23 1242.3437711299448
-164.03 906.2 0.27 -3679.4071242139034
-241.4 822.55 0.2 1868.6831389926783
-34.51 569.35 0.11 2711.1488338282047
-200.99 978.94 0.11 5917.738754334176
-5.34 98.07 0.29 -6036.876330871349
-115.78 484.26 0.24 -3424.2168818245655
-276.21 492.96 0.16 5035.671268732807
-228.73 487.75 0.24 1109.2115591536985
-389.46 607.56 0.07 5178.507072981914
-167.1 341.64 0.13 4784.60780744748
-187.16 477.31 0.25 1105.676063900687
-204.64 433.22 0.15 3718.8305840805647
-536.28 758.43 0.25 1102.118121106084
-357.21 641.03 0.28 1095.4238370897456
-345.02 501.23 0.11 5044.631166598009
-280.12 455.21 0.13 4360.3060929171315
-394.14 601.0 0.06 6340.713341629005
-318.07 520.89 0.29 847.6455660197453
-450.32 621.97 0.27 998.1506459470133
-315.96 758.53 0.2 2206.3167582673923
-310.98 568.93 0.08 7358.4126135067145
-227.23 554.3 0.27 1191.6712851563943
-294.65 695.97 0.17 4179.855463226124
-359.32 571.83 0.2 1557.7910404182353
-239.44 486.95 0.28 707.3367435594992
-283.06 547.67 0.09 3196.4789424591736
-240.71 506.39 0.27 778.7439915783643
-283.76 715.99 0.22 1938.2225655723846
-482.82 865.57 0.28 -3791.4390332761686
-314.32 479.64 0.3 663.3470706572384
-247.36 500.71 0.27 974.7225057570663
-203.06 482.3 0.11 3840.5658215388935
-312.73 477.24 0.24 2187.9377418396416
-192.27 356.94 0.1 6836.707613840306
-368.92 611.97 0.11 3856.389323621819
-375.89 879.21 0.3 -4696.7835381700115
-444.49 687.0 0.13 4914.149765752703
-138.94 228.28 0.24 2496.1549068884046
-230.62 367.4 0.18 2859.384291693585
-436.1 730.18 0.08 6114.594194319844
-419.84 888.85 0.18 1741.0895290392277
-258.44 780.9 0.25 1231.8052618405072
-249.2 709.08 0.07 6543.594463754057
-265.54 590.88 0.09 6886.006145964557
-389.72 747.99 0.14 5007.8419770141445
-398.45 859.94 0.11 2972.0153252105156
-310.42 574.67 0.26 1804.4866476480138
-375.63 612.88 0.09 4362.032159613853
-318.41 525.08 0.15 2927.3600971434907
-171.85 500.36 0.21 -3167.532835596495
-109.06 239.74 0.16 3914.260696699174
-109.14 217.47 0.27 -3763.639063379723
-278.1 779.54 0.27 -3831.3613950221998
-372.32 843.22 0.28 -3155.126543354747
-311.94 480.99 0.16 3633.1210877706876
-378.43 623.28 0.29 -3159.6584453832975
-166.48 407.92 0.18 1783.077505968161
-285.74 518.47 0.19 -3151.9392867777806
-655.27 651.68 0.14 3158.87884562054
-352.51 399.41 0.06 5162.634879622946
-613.14 571.51 0.29 1929.9974949741354
-482.79 541.97 0.29 2208.465905572354
-206.03 264.56 0.14 5033.4451529121925
-714.96 680.97 0.2 2865.846444173838
-359.8 451.79 0.13 3615.108508211117
-282.24 314.39 0.21 3656.63964099825
-397.92 348.52 0.08 4030.48036595053
-500.34 434.94 0.26 3056.55385484623
-222.72 219.7 0.25 2307.3105466322386
-700.39 599.6 0.25 2519.8725488068662
-334.26 244.38 0.27 2365.392422402545
-557.28 647.53 0.22 2587.922492603263
-472.09 622.71 0.28 2082.8299983777074
-618.66 539.65 0.21 3658.2727334748247
-664.13 492.15 0.22 2610.194149187751
-624.61 747.84 0.27 2122.5113373844442
-312.13 308.34 0.21 4085.058279612915
-435.86 536.46 0.29 1954.8017926219663
-601.18 580.41 0.25 2978.8243194524493
-342.74 436.66 0.15 4929.133834398416
-422.07 326.88 0.07 4555.061885735011
-254.57 335.46 0.22 4139.972316937756
-246.14 243.2 0.16 4738.013033926
-362.05 423.44 0.07 6596.165882009514
-455.1 419.36 0.25 2324.4135957251347
-491.68 525.78 0.08 7541.2056153046215
-542.29 654.72 0.1 3863.1085426555624
-231.88 263.46 0.19 2774.8899756742544
-349.01 325.6 0.11 3822.7056020079676
-252.47 291.79 0.09 3887.0988965509828
-442.55 532.09 0.25 3063.376809151473
-572.77 713.8 0.12 3741.0185442282964
-654.4 625.67 0.24 2703.843700257443
-568.9 716.71 0.11 5582.886929998545
-300.87 333.03 0.06 5584.0871319145035
-745.43 626.05 0.21 3861.4681832362494
-463.2 583.17 0.23 3485.1285077906277
-355.67 284.7 0.15 4371.660958138637
-366.2 321.62 0.15 4878.975595394692
-714.0 695.29 0.27 -2432.448632967201
-510.63 616.33 0.16 3599.346169076475
-356.44 167.24 0.09 5119.394600561352
-757.09 271.5 0.14 5899.242778882448
-496.45 211.38 0.18 3662.307554301492
-756.49 266.73 0.06 6153.684174132392
-725.51 351.41 0.11 5560.172192303387
-835.07 280.42 0.22 2297.464673865657
-810.88 382.9 0.3 1962.945681841211
-238.19 133.75 0.28 1933.3874926492213
-724.89 304.16 0.22 2613.0332076696304
-421.43 250.75 0.26 2001.9877040606493
-894.07 364.65 0.3 1659.7638869165703
-749.72 529.12 0.08 4162.941735262058
-475.32 238.72 0.27 2292.581709625335
-329.7 181.01 0.23 3050.6686089111495
-474.28 317.28 0.23 2217.461340797582
-722.6 330.76 0.08 5223.178520949818
-391.2 275.67 0.21 2352.688266789343
-824.68 288.08 0.08 6649.513103184041
-706.42 466.7 0.08 7423.974494610334
-807.68 412.44 0.09 5569.115808358995
-212.08 134.05 0.3 1647.1769929605462
-12.77 7.49 0.19 2764.6934311806535
-625.74 325.85 0.25 2211.736031612506
-131.66 71.36 0.13 3775.3489791089346
-542.49 179.09 0.22 2289.167961017492
-733.37 305.43 0.2 3005.463536719682
-736.64 485.94 0.2 3357.126491896487
-733.3 288.09 0.22 2455.133338129464
-471.89 188.45 0.12 6510.39947812631
-812.45 524.65 0.26 2393.453394287082
-749.55 283.11 0.23 3640.644173218871
-916.15 370.93 0.11 5704.881104779663
-720.81 405.65 0.05 8112.9867600835105
-426.38 192.42 0.11 4819.340744368582
-572.19 412.18 0.12 6015.2073079983675
-264.04 103.56 0.11 5114.769969060537
-824.62 361.4 0.13 3413.708457047973
-739.53 465.93 0.17 3702.035610794057
-674.64 469.71 0.08 3870.893324469975
-131.34 55.5 0.1 7006.720142819373
-569.53 392.11 0.07 5868.389781374149
-442.96 166.33 0.12 3561.5181296610235
-31.72 16.64 0.22 3867.48701568988
-857.95 332.04 0.18 2920.1082783175916
-498.72 336.11 0.14 4742.523145459771
-150.67 63.07 0.21 17.97148810923227
-683.02 470.5 0.29 -3713.057326206299
-731.32 337.55 0.1 3210.830095254571
-322.16 126.71 0.28 -2136.9865778354697
-475.81 222.86 0.25 -2137.3933977766324
-766.64 18.07 0.15 2764.937460451203
-831.87 243.02 0.21 2631.2954496853317
-451.89 83.03 0.24 1955.4840265773491
-365.96 0.09 0.1 7167.970259027223
-924.64 107.3 0.25 1562.4443853934645
-444.67 78.72 0.28 1345.3168358740922
-917.79 65.03 0.09 5252.3368905830075
-650.56 208.17 0.21 2229.978842852445
-532.91 169.88 0.15 2549.38815554923
-371.0 53.98 0.12 3706.7284276100513
-700.23 92.69 0.26 1439.3085258989668
-778.88 77.58 0.15 3020.379841717835
-869.59 0.48 0.22 2187.341241827887
-784.33 76.14 0.22 1770.048096241244
-124.18 26.27 0.13 2730.1921236561566
-513.81 91.98 0.21 1836.5752412464972
-831.24 136.5 0.09 4030.6805084077764
-979.04 36.59 0.27 1373.7663689830606
-200.62 63.15 0.06 7418.84719071263
-237.08 49.16 0.15 3220.098763825102
-244.06 48.26 0.15 4333.864468968588
-158.51 46.54 0.23 1888.0252271711038
-310.05 52.69 0.06 8036.005897210251
-466.14 87.28 0.23 1848.189354946242
-643.6 31.85 0.09 4039.8150338147707
-895.87 285.16 0.22 1759.873227659723
-551.25 170.97 0.21 1927.1846394052354
-939.97 73.75 0.29 1672.577702505138
-933.13 157.02 0.17 3096.9250135561465
-179.14 11.31 0.07 5996.198418053132
-311.32 98.85 0.22 1828.3429040987617
-385.46 111.04 0.2 2676.3439401840096
-670.6 109.16 0.19 2398.0871155393597
-470.2 131.89 0.11 6570.28326349434
-867.09 184.46 0.21 2946.463091964506
-866.94 249.91 0.23 2347.818557590368
-407.48 22.97 0.12 6603.478288671623
-854.14 275.86 0.3 -3575.775910582971
-264.81 40.89 0.19 2403.129997956294
-707.8 115.29 0.19 3259.454908554805
-491.8 149.47 0.18 2817.247292476178
-199.15 54.39 0.14 4635.594335603588
-743.2 5.55 0.13 4566.619316472812
-515.5 159.99 0.05 4094.600863257568
-969.56 31.82 0.12 3409.43345753971
-795.7 245.83 0.23 3132.4136336759093
-884.26 151.42 0.13 6213.119677973045
-551.02 155.05 0.13 3330.644745944718
-648.68 80.1 0.25 -2656.360169064723
-321.17 95.58 0.23 -1390.2406856344296
-520.94 60.99 0.15 1430.555211588498
-454.82 -9.14 0.11 3595.745741680811
-628.58 -44.69 0.27 1228.52889500247
-877.41 -228.19 0.1 6755.938750249951
-839.23 -3.11 0.29 789.2269024715783
-849.39 -65.6 0.14 4010.0589577555056
-681.61 -159.94 0.23 1350.2851635060292
-360.04 -105.99 0.23 1353.4106051197537
-829.2 -170.73 0.13 6137.681233523586
-728.02 -213.61 0.28 1478.447104953736
-880.82 -176.68 0.24 1267.841180696792
-830.05 -192.04 0.21 1576.2284524065717
-613.83 -69.35 0.18 2840.945373899709
-149.49 -42.89 0.18 3239.0860556642
-372.85 -66.71 0.09 3307.750984398337
-478.47 -118.83 0.06 6809.116817007663
-220.13 -53.35 0.11 2950.9489714257616
-954.01 -99.59 0.21 1528.251267030057
-559.77 -2.48 0.22 3229.2460356572205
-72.19 -17.59 0.18 2271.8112582273716
-479.22 -38.17 0.06 4978.209292773671
-72.01 -2.54 0.27 1685.3448190523018
-113.36 -24.45 0.26 -5145.291467643279
-848.2 -30.52 0.06 6760.163329457405
-839.39 -239.18 0.13 2939.575593347488
-435.16 -130.54 0.09 3805.175321301369
-601.95 -99.96 0.14 3731.9209474940903
-871.39 -157.14 0.06 4569.904980380328
-692.33 -104.57 0.18 1889.6829038463115
-759.7 -150.62 0.12 4220.090642421259
-755.95 -28.29 0.17 3531.155719446964
-774.33 -224.21 0.11 4876.204663831418
-806.8 -60.62 0.25 1212.9006493631805
-631.68 -136.31 0.11 4090.485623849556
-794.32 -139.15 0.14 4157.160592703999
-753.57 -45.47 0.1 5353.356961429834
-913.23 -107.02 0.21 2431.3768334306383
-618.56 -162.63 0.1 3197.1173832376767
-201.7 -28.47 0.2 2821.358630683596
-840.74 -35.05 0.16 2793.4651859077157
-618.8 -131.8 0.09 4662.961845870913
-524.88 -2.76 0.12 5181.263250790762
-708.26 -205.29 0.08 4016.445041428815
-713.13 -39.9 0.18 2406.91626825011
-775.8 -14.49 0.16 2061.6433648536863
-444.7 -42.39 0.23 1561.7335205690638
-370.77 -71.49 0.27 1422.7437823337004
-595.45 -149.67 0.3 -3638.5319365399396
-697.18 -9.68 0.15 2465.510020409264
-832.16 -32.58 0.12 4160.443948179635
-422.86 -108.03 0.16 2215.429343699749
-528.89 -123.31 0.14 1838.8085458249943
-905.5 -120.03 0.24 -1590.8314312615194
-594.04 -57.71 0.2 1160.50979149278
-557.23 -80.01 0.11 4014.584615929554
-403.46 -51.08 0.16 1408.3883444751086
-897.8 -10.18 0.21 598.9927035443197
-276.3 -131.11 0.15 2536.1950758828566
-60.41 -27.85 0.27 840.6770329326146
-354.27 -166.8 0.11 3064.4077032084783
-418.09 -217.99 0.27 1156.9982152928296
-860.2 -310.39 0.05 7366.556873901267
-569.42 -187.14 0.1 6867.739267604897
-502.95 -300.83 0.27 925.3234337652293
-577.65 -318.97 0.29 776.4580286989785
-481.18 -168.38 0.11 4770.797163078457
-791.4 -313.27 0.29 1162.020719685739
-657.69 -284.28 0.29 1167.0299973151468
-456.12 -239.97 0.25 1403.5233703885988
-214.15 -74.65 0.2 3454.4273469636605
-481.06 -249.93 0.3 646.2520522205582
-823.88 -294.32 0.18 4394.238424696384
-670.01 -486.61 0.13 2918.483967424018
-589.59 -214.37 0.1 5319.192591954607
-619.67 -278.87 0.22 2705.761075122393
-388.54 -152.0 0.25 1049.2499088435775
-291.31 -201.77 0.08 6096.990139207939
-692.47 -476.2 0.2 2488.2694962186397
-120.43 -86.18 0.3 -4697.966514096229
-437.24 -190.73 0.1 3757.905843053637
-527.49 -231.09 0.11 2831.035128446227
-712.48 -460.39 0.2 1587.6815827941514
-825.59 -297.67 0.27 1728.8038812859077
-554.3 -370.6 0.16 4940.229754765527
-604.83 -311.94 0.26 1059.405491403843
-596.21 -320.04 0.19 1625.0559567439786
-667.7 -478.11 0.17 3001.8429106296508
-253.45 -160.56 0.17 4624.879449723022
-317.36 -210.3 0.1 4193.207943989733
-132.77 -52.11 0.29 -4150.698672644997
-549.09 -230.81 0.12 3913.46943204163
-585.3 -238.82 0.24 1364.8928131595326
-842.91 -295.04 0.27 1233.342610140959
-417.8 -153.15 0.28 1161.6024177625332
-756.43 -485.33 0.12 3448.1645385449174
-672.89 -278.19 0.15 2775.045407648675
-404.86 -257.6 0.23 2801.7252443462285
-773.69 -279.28 0.24 2210.9029258325713
-375.2 -189.02 0.11 5112.558829886957
-911.59 -373.5 0.07 5579.227649837545
-416.07 -140.83 0.18 3490.9228442114554
-621.33 -331.17 0.2 2771.213047370467
-421.72 -169.79 0.19 -820.9292538182435
-680.08 -285.64 0.15 2866.055981088982
-793.78 -570.89 0.3 -4702.689944734472
-54.51 -54.69 0.19 3880.4430534872704
-132.45 -109.76 0.25 3594.95711529998
-464.95 -350.43 0.28 2582.7282431115127
-688.52 -582.06 0.28 2574.3835363023545
-384.5 -364.3 0.19 3163.6342167062994
-235.71 -282.41 0.22 3671.9305872229397
-516.51 -656.03 0.26 3409.268139357132
-282.59 -317.64 0.24 2884.1168351590677
-488.18 -420.64 0.11 4009.0965047298046
-495.69 -514.34 0.3 2424.696351050793
-199.71 -272.76 0.1 4884.326982788551
-690.88 -573.27 0.13 6287.409389242253
-748.5 -607.56 0.06 6564.865549163773
-518.9 -565.59 0.2 3161.1096950471624
-514.47 -591.68 0.06 7652.737985969023
-556.08 -488.58 0.17 4373.598827417316
-445.17 -406.45 0.12 5842.374974106445
-530.69 -511.87 0.2 3422.001073532502
-420.05 -367.68 0.3 2514.2676515642324
-574.66 -790.05 0.08 6487.4039809293245
-737.07 -565.25 0.26 2757.29369834499
-594.47 -685.74 0.16 4357.517624899559
-493.68 -663.74 0.22 3103.6140674010026
-612.12 -677.96 0.21 3025.347586993737
-726.7 -612.95 0.06 5108.45492654258
-606.53 -670.52 0.11 4555.010795851071
-365.35 -275.33 0.26 2724.3347001685715
-217.13 -296.38 0.07 5177.116887685919
-424.09 -562.14 0.07 8639.390536644867
-576.73 -636.22 0.19 4588.035878036567
-590.59 -558.17 0.16 3439.9155387119463
-279.1 -254.88 0.06 4359.7641398228225
-312.85 -331.18 0.15 3785.9174741587735
-493.2 -442.64 0.18 3750.107794923509
-650.21 -690.32 0.13 5181.871085219058
-538.31 -456.93 0.14 4966.931573837349
-435.23 -426.72 0.11 4434.725094800144
-70.67 -54.2 0.16 5757.98515886604
-524.81 -627.73 0.16 3541.3345761083892
-427.34 -472.45 0.18 4183.48179397182
-666.69 -594.29 0.17 723.8876493143316
-414.92 -646.86 0.29 3345.4596680627405
-435.08 -845.39 0.25 4143.308885087157
-344.51 -628.66 0.13 4980.632355857036
-232.15 -706.13 0.25 3319.0725071099005
-104.76 -278.76 0.29 3125.3051268301506
-365.63 -860.82 0.19 4929.702497453034
-313.7 -865.56 0.25 3510.523965202229
-330.54 -528.77 0.28 3136.7576265331645
-313.41 -855.12 0.11 4571.485814780501
-279.87 -420.79 0.23 4533.9388579301685
-113.9 -157.19 0.13 6474.398134737031
-237.32 -469.75 0.07 7727.501262853832
-83.67 -202.27 0.21 4201.265191842946
-212.26 -533.24 0.24 3426.9174580827894
-298.48 -672.69 0.13 5251.103889409365
-269.27 -599.91 0.06 5411.827896201991
-401.74 -862.6 0.1 5976.358908352872
-338.22 -630.65 0.26 3254.041216681312
-432.31 -889.63 0.05 7725.176417455046
-295.78 -791.75 0.13 4127.855495592432
-463.56 -741.21 0.21 3557.0861654642904
-481.01 -669.97 0.15 4166.127369108313
-494.15 -696.39 0.21 3897.915124880434
-201.71 -439.72 0.08 6102.648837990683
-339.88 -709.79 0.25 3291.9408027798772
-434.62 -677.51 0.14 6724.96386917247
-289.71 -685.22 0.27 3353.634954091031
-135.28 -231.39 0.05 6096.016224846105
-259.57 -754.45 0.25 3372.3735186544254
-461.45 -670.2 0.06 7376.116838992694
-174.8 -264.93 0.21 3633.828932257905
-324.5 -781.33 0.15 5923.4432857501515
-72.1 -193.62 0.21 4335.9288384062465
-221.95 -464.49 0.15 6038.515176178709
-157.45 -429.56 0.07 4972.4341439757945
-296.13 -766.67 0.2 4088.7948808147594
-172.13 -300.67 0.07 5018.8854005977455
-441.49 -886.97 0.19 3770.658689455223
-355.74 -900.99 0.23 750.653019077723
-95.4 -394.26 0.24 2305.694966036279
-90.22 -976.44 0.12 6223.00516648971
-173.46 -769.26 0.12 6175.546701510319
-45.54 -466.7 0.07 5609.586337020601
-86.7 -829.04 0.22 2007.0892545384622
-169.78 -913.28 0.19 2231.075722993903
-238.68 -847.68 0.22 1907.2618159227031
-86.17 -334.12 0.11 5473.367979731276
-74.39 -568.5 0.27 1468.6165021298648
-269.85 -942.41 0.1 6907.0624093557035
-13.54 -793.03 0.25 1683.3788953943176
-230.96 -938.74 0.18 2463.6320106461662
-65.88 -518.73 0.16 4216.612940729219
-101.08 -863.62 0.06 6939.358127180161
-235.04 -858.63 0.24 2348.0600921467026
-199.35 -855.67 0.12 5573.826587900897
-32.27 -703.02 0.11 6217.7106957278165
-38.19 -970.71 0.25 1650.0682536480376
-0.39 -731.06 0.11 3284.1492920444443
-296.1 -951.15 0.1 4957.078018839719
-20.34 -395.84 0.25 1662.6924063737429
-72.91 -445.21 0.11 4265.494012506268
-84.44 -729.64 0.06 4819.733337230041
-152.98 -918.46 0.24 1749.6839481058914
-2.78 -205.41 0.25 1684.1860948014755
-20.34 -531.39 0.3 1194.9531332050424
-156.39 -562.82 0.25 2432.995670574589
-190.89 -797.8 0.06 6219.524091599191
-145.36 -963.63 0.18 4758.556932710083
-135.29 -792.32 0.18 3952.6458666681574
-86.96 -327.09 0.23 2031.075281026156
-65.01 -639.71 0.08 4814.389170375149
-37.39 -741.14 0.1 4901.557184498847
-204.65 -781.37 0.06 7709.775101831739
-255.38 -955.92 0.22 2011.624721104491
-85.58 -668.79 0.1 5111.395092053478
-76.3 -520.09 0.1 3350.0275395294366
-38.97 -684.41 0.19 2230.3468822600685
-8.68 -369.95 0.08 4016.1365523024115
-96.92 -986.6 0.06 4133.036954820353
-100.98 -804.46 0.09 5113.884255576286
-58.71 -725.95 0.1 6578.472956291181
-180.36 -644.46 0.11 5006.47875693264
-63.89 -675.54 0.23 2511.0081338090567
-55.43 -314.9 0.23 2532.6063408218615
-128.53 -695.52 0.29 -3544.4155182130044
-3.48 -111.09 0.29 -3937.0146040966183
-97.57 -706.66 0.22 1832.9581726346587
-13.71 -599.95 0.14 841.9942737861338
-89.37 -301.56 0.21 777.8739867031973
-62.55 -625.26 0.07 5258.221236127857
-25.16 -405.6 0.17 2290.672005352053
-84.66 -320.74 0.11 2118.3635077218473
168.96 -739.09 0.28 2505.159012713005
10.28 -639.78 0.15 3257.061797547138
145.82 -711.73 0.21 2728.6971801987715
81.02 -843.9 0.09 7673.193911044925
67.5 -796.69 0.17 3197.8307749397304
24.69 -580.13 0.19 4725.478806304658
35.0 -894.75 0.16 3073.75714064948
13.13 -51.87 0.29 2188.061799482369
15.23 -114.39 0.1 7482.381317160058
111.97 -560.76 0.21 3284.4407570455974
50.75 -841.77 0.14 4583.791724460802
231.19 -814.24 0.18 2971.239212898367
184.23 -830.46 0.11 4918.367711269924
76.79 -987.58 0.21 4075.3644071588433
44.25 -694.28 0.28 2403.8608434936386
76.0 -748.51 0.13 5131.426084919819
149.8 -756.82 0.07 6772.259595749949
83.68 -815.84 0.28 2218.640393705082
67.22 -615.78 0.18 3520.379850834809
217.82 -832.27 0.14 5092.625906310483
4.21 -689.06 0.19 5004.892535319585
89.41 -806.77 0.23 2587.549949420267
48.96 -589.17 0.23 2583.778443109828
139.27 -673.1 0.16 3674.8018781688515
41.52 -390.59 0.18 3865.882079218917
80.51 -850.52 0.08 4320.009736116053
146.06 -458.6 0.19 3549.0064529458177
33.63 -780.42 0.13 6252.6833029794825
17.75 -729.13 0.21 2703.4435672927066
224.07 -911.76 0.15 4226.407476166082
110.92 -564.89 0.1 5473.154927096108
203.77 -852.04 0.14 3989.17774545605
36.17 -364.56 0.26 3185.460937013527
29.78 -782.57 0.2 4109.563722079867
112.69 -600.24 0.09 5420.128464414517
102.86 -572.47 0.1 4112.578445440255
141.16 -844.58 0.14 3398.3913469232
36.6 -596.49 0.17 3602.5662837871237
300.04 -928.88 0.13 5536.88218418351
138.63 -616.35 0.19 4938.857803674219
87.34 -492.5 0.11 6609.735799459725
8.61 -560.7 0.13 6672.938071762032
11.84 -426.83 0.11 5278.494971974704
16.0 -364.07 0.14 5715.133514483315
112.23 -346.8 0.12 5578.298827056764
90.43 -395.16 0.1 6210.667756818709
55.37 -380.51 0.25 583.0400193586256
145.45 -940.5 0.14 980.3314279725591
232.14 -923.38 0.09 3071.7252851824774
173.29 -971.88 0.24 -4790.020886824565
134.2 -191.41 0.12 5947.511250738717
386.4 -878.44 0.28 1808.8503370344824
382.36 -803.49 0.18 4904.955832220525
311.64 -743.41 0.15 5604.6819745802295
494.0 -816.67 0.27 2038.200333867143
370.75 -898.89 0.21 2288.9880332406233
428.04 -812.26 0.1 6305.933431790767
453.28 -708.21 0.24 2033.7566130870168
318.64 -565.11 0.3 1509.9386903839886
182.13 -484.94 0.17 2891.4067467992572
403.75 -876.31 0.29 1694.677247104241
305.19 -593.2 0.26 1865.4165544370112
372.5 -822.47 0.27 1823.4659120878846
415.79 -686.12 0.14 4146.5895610198495
75.65 -224.8 0.1 7209.669568714702
368.3 -547.15 0.05 8927.010409248063
114.07 -219.99 0.26 2078.157744720891
424.76 -882.86 0.21 2480.480104730957
451.36 -649.79 0.19 3641.784953189341
522.22 -772.09 0.15 4150.557820631357
154.5 -464.63 0.2 3851.0060966107967
22.07 -67.79 0.28 1903.64356215937
579.0 -805.56 0.17 4110.263082611227
214.49 -309.57 0.25 2053.671729923844
299.79 -432.7 0.23 2107.146599581527
284.86 -704.25 0.17 4060.3096323130585
346.1 -691.57 0.16 2823.685492321079
218.87 -566.68 0.12 3784.2040385070186
298.36 -771.25 0.17 4946.771715452466
243.92 -646.68 0.19 3476.9872338687046
58.0 -102.15 0.23 2206.6688630482504
139.1 -289.89 0.23 2954.5809503106575
170.58 -411.58 0.2 3644.712879236775
328.28 -619.83 0.13 3058.581956318666
338.77 -646.12 0.09 7022.183273403058
392.35 -784.75 0.11 6510.187770737242
16.82 -23.45 0.09 3838.1986129571324
327.56 -845.71 0.18 3123.6079046728564
113.74 -307.23 0.08 7586.707820356274
260.18 -768.38 0.23 2638.617391119877
83.82 -134.3 0.11 6453.557213553338
382.89 -910.2 0.19 2807.129999434686
319.33 -936.18 0.15 1774.7205377139667
372.41 -709.63 0.07 3574.366593610386
160.84 -275.25 0.29 -3244.891459372676
374.7 -769.7 0.25 -2340.316820375704
314.6 -607.66 0.19 925.4729986552902
565.03 -619.83 0.18 1731.9003445897874
666.88 -498.58 0.24 1134.2362074646499
601.05 -618.48 0.17 2778.7296208803664
458.25 -367.31 0.25 2232.5379036328623
252.92 -262.04 0.1 5433.306054971543
316.45 -293.65 0.26 1818.309364043861
620.72 -503.47 0.15 4449.102499729772
273.56 -319.28 0.15 2345.4863853328234
677.69 -542.93 0.15 3262.3848881815247
432.31 -346.35 0.26 958.8278687380098
195.5 -175.39 0.24 1853.304865927063
555.68 -622.19 0.26 1052.0850048987277
650.41 -744.57 0.21 3469.7388394725567
113.52 -89.21 0.14 5823.947750739718
477.3 -454.23 0.07 6502.37807061763
483.63 -396.79 0.13 2711.3810086550943
515.66 -406.1 0.09 6939.560908154725
623.77 -453.39 0.28 1040.5477594323424
586.82 -598.0 0.12 4666.160204941877
208.21 -190.4 0.05 8375.639441164978
367.16 -279.45 0.25 1030.7275399187033
658.11 -487.02 0.27 899.9523535304961
128.97 -102.89 0.07 5266.648440639436
54.97 -71.0 0.08 6553.656514005217
542.76 -510.37 0.1 2938.1235375342503
360.37 -310.97 0.1 3422.4300856671516
421.91 -579.99 0.2 3050.8656589954644
495.13 -619.85 0.19 2901.2114704875553
340.98 -434.75 0.28 733.8360761287217
486.37 -622.45 0.2 1969.1736587514465
397.07 -314.48 0.07 7941.067517367375
343.66 -308.89 0.21 1547.3065826628062
581.35 -593.31 0.22 1724.3434277797078
559.95 -624.97 0.07 7959.890720213438
381.88 -291.59 0.24 1568.586251137941
342.61 -431.63 0.28 1145.0708391717212
277.12 -373.99 0.23 2395.4597016543084
569.29 -707.8 0.1 4015.9467382183866
476.41 -528.08 0.08 6234.535382582375
155.31 -178.79 0.11 5565.672443709587
435.7 -535.43 0.2 -3794.1341821871374
675.31 -636.88 0.14 4736.393527827655
617.14 -769.38 0.12 3016.6453216895175
449.19 -519.19 0.17 1853.1321507046641
657.04 -643.56 0.1 3358.1808642646224
553.6 -715.6 0.24 2375.4056779316816
604.74 -560.8 0.15 5351.968533533785
720.65 -619.49 0.2 3059.8357208364637
256.87 -280.51 0.14 5306.125606567745
499.35 -663.48 0.11 2281.614486552186
508.11 -423.07 0.15 4152.013668606289
488.75 -393.43 0.08 7415.340221415213
704.13 -521.44 0.17 4599.993282084053
269.19 -222.04 0.13 1112.0507204258988
468.36 -393.19 0.06 3125.484726618247
520.12 -397.65 0.26 -3406.3067671340204
597.13 -628.19 0.05 3418.928036734619
613.04 -568.41 0.29 -3707.6644775116815
503.12 -541.16 0.15 3001.6742895109687
219.33 -266.32 0.26 -3032.0753196432797
716.28 -455.68 0.22 2688.6616703898435
675.93 -325.97 0.27 2418.145084177245
567.3 -386.54 0.11 7108.751510951859
289.5 -122.87 0.27 2345.6398785906185
830.5 -373.42 0.26 2640.052875025981
594.04 -195.14 0.19 4602.441234758717
805.74 -286.31 0.28 2441.8222437885597
836.25 -315.56 0.16 4643.589232187476
771.56 -472.11 0.29 2551.164662372895
214.59 -127.77 0.23 2638.359278590464
813.94 -297.31 0.18 3028.544345090712
804.49 -307.6 0.23 2645.9354800680603
858.66 -394.42 0.15 3213.4473187117455
697.09 -246.46 0.25 2562.5580733813786
897.13 -359.08 0.23 2635.078154444028
676.05 -312.35 0.12 4192.53386693398
684.1 -351.5 0.29 2268.7284222876056
770.45 -358.36 0.11 3734.6040568208127
576.8 -393.0 0.12 6241.87798595141
795.11 -292.88 0.17 3917.276600663288
797.63 -444.38 0.08 5058.7734131569605
920.05 -369.38 0.26 2431.063087232148
795.84 -377.24 0.05 8991.766449025221
858.77 -408.16 0.11 4726.561357041854
663.64 -448.87 0.29 2307.9813740945574
619.0 -333.83 0.18 5243.641341070201
463.27 -291.38 0.21 2796.4827205519764
411.43 -201.36 0.07 5199.393491126109
266.47 -172.54 0.15 3827.3585021372082
421.27 -292.01 0.08 4491.773843448002
750.67 -305.03 0.13 6534.573893247784
546.27 -239.34 0.26 3188.6174809142362
823.37 -543.55 0.1 5494.692131380503
488.85 -175.77 0.18 4675.267244449316
731.07 -529.2 0.16 3467.790714416714
504.9 -288.95 0.12 3894.020555803154
695.97 -303.6 0.11 7145.9798276355805
879.05 -476.15 0.27 -2900.8803820021653
480.54 -269.84 0.19 962.1548644774848
478.95 -272.09 0.29 -3733.1390154184182
707.2 -456.45 0.2 1922.3588905801198
691.75 -226.93 0.17 1762.0601887518478
728.43 -350.24 0.16 2369.0136983564576
817.47 -193.45 0.29 1638.1178771113064
814.72 -15.28 0.26 1247.4894149503484
423.41 -38.12 0.09 4172.205086071706
619.85 -189.79 0.19 1934.918269156759
667.29 -5.2 0.22 1882.1980912854656
869.18 -260.52 0.19 1894.4694746204345
301.99 -1.18 0.13 6106.427693610349
965.29 -224.17 0.26 1390.220907273896
992.15 -81.07 0.05 4829.01590231777
900.53 -223.72 0.08 6071.1167619576445
953.58 -213.89 0.26 1245.6134436846828
953.85 -254.82 0.25 1338.1288418732256
314.24 -28.06 0.28 1041.5843455729837
694.24 -183.33 0.24 1436.7704420129617
961.28 -94.76 0.19 3466.621005098491
718.23 -39.45 0.24 2194.7670874489945
581.91 -55.41 0.19 2669.4673656018076
810.86 -225.71 0.09 6747.1866475019915
839.89 -52.41 0.2 2253.5279032075664
688.74 -134.18 0.2 3271.2434327533247
339.34 -56.61 0.2 2989.8538695979623
564.27 -135.14 0.08 5714.327596832893
866.95 -231.78 0.19 2133.5081216472254
837.08 -138.58 0.13 4255.951987830962
862.46 -49.61 0.15 4229.051818233417
791.95 -188.31 0.2 2614.881318515475
702.46 -7.97 0.07 4701.867439785188
796.83 -248.61 0.15 3150.190811004213
657.13 -112.55 0.27 1822.69126637119
823.53 -3.04 0.06 7049.042779321306
909.12 -53.28 0.06 4682.080357746913
786.5 -206.46 0.23 1890.279499461647
414.67 -90.02 0.12 4735.951993731228
943.42 -116.47 0.15 3613.6924480057796
396.5 -67.35 0.23 1957.5882493008758
271.77 -74.57 0.13 5287.46660459525
740.73 -114.49 0.26 2075.066543264715
415.73 -77.31 0.12 4408.518221825387
675.55 -208.86 0.17 2228.790923471567
405.43 -15.13 0.09 5827.235813648531
720.97 -31.77 0.19 2099.240114559955
655.96 -76.69 0.07 7194.174993517556
986.26 -64.61 0.18 3567.9836821417093
571.83 -19.83 0.06 7133.712335756611
923.55 -244.65 0.06 4896.031002059693
280.06 -22.57 0.29 -3701.495432231063
690.82 -165.43 0.21 2279.3704759710367
873.41 -144.03 0.15 3492.472718422292
757.09 -115.01 0.18 3722.4365427762723
424.22 -45.99 0.14 5836.748003556007
624.35 -192.4 0.18 674.6609719789385
791.29 -157.38 0.18 1622.6433768198995
708.17 -74.1 0.27 -3760.883935634868
704.24 -85.41 0.18 608.6270488995387
969.17 -199.19 0.21 2123.014161273598
594.41 -138.17 0.15 1693.148996779349
867.34 -225.59 0.28 -5526.601971461995
