0.0 0.0
857.86 223.27 0.08 6051.322238385463
826.42 73.58 0.09 6064.204111040488
856.25 251.14 0.06 6009.471703022848
939.25 41.45 0.06 6008.53587031563
919.98 36.45 0.14 6085.758069502359
867.8 26.39 0.1 6072.575180307636
761.65 158.01 0.1 6072.411891664731
622.69 177.26 0.1 6072.430055914956
576.61 131.19 0.06 6021.163053514056
958.49 34.02 0.14 6085.030325914165
899.4 25.32 0.13 6084.434899221685
598.67 181.05 0.08 6051.249322992517
609.04 130.49 0.11 6078.605295339905
423.32 26.27 0.11 6078.345904686674
842.81 81.29 0.12 6082.414455481279
680.53 163.29 0.07 6044.526216763997
768.88 35.91 0.1 6072.657228668503
464.37 50.91 0.14 6085.101555565052
435.82 25.32 0.15 6993.977336903932
324.18 21.06 0.1 6072.529874674883
617.47 78.87 0.1 6072.6106546281735
534.48 141.71 0.14 6085.045265021594
264.48 64.87 0.14 6653.378656009473
701.63 44.37 0.08 6050.5061133482595
928.57 36.83 0.12 6082.412004051936
887.56 249.49 0.07 6036.614202522318
768.13 232.62 0.08 6051.182180550886
520.21 39.65 0.12 6082.411036632202
330.13 6.15 0.05 6048.472899753415
785.48 195.88 0.07 6032.729534990031
133.42 18.59 0.14 6089.666786063421
376.12 1.52 0.11 6078.573242141399
750.63 104.51 0.08 6051.061015528851
713.17 72.58 0.06 6044.103337929439
948.69 304.28 0.12 6082.529152572133
889.52 64.16 0.14 6122.941172995722
646.61 6.15 0.14 6085.030456837798
187.51 4.8 0.13 6100.927203650173
351.24 7.57 0.07 6037.767433764551
455.22 125.94 0.1 6072.424140536479
226.78 58.08 0.11 6078.615894015164
320.47 79.45 0.13 6084.433842015217
646.17 357.75 0.1 7087.391216394153
451.65 278.58 0.1 7087.603078346858
239.44 95.1 0.14 7191.759452927849
341.45 234.86 0.16 7250.135887363919
507.48 331.21 0.1 7087.497559371702
439.22 251.3 0.07 6943.1077867683625
558.06 332.24 0.13 7171.062403367081
863.44 502.92 0.11 7119.849988750149
898.21 303.07 0.06 6874.1443019860835
827.33 412.4 0.07 6954.407884068962
429.57 160.25 0.07 6945.809596219813
306.32 219.66 0.07 6943.956757592809
226.0 147.26 0.13 7173.234497007297
768.25 422.81 0.14 7192.770182334042
533.22 231.35 0.09 7048.523468254309
683.78 314.05 0.12 7147.321058533892
522.31 188.7 0.11 7119.762128872065
892.34 388.87 0.11 7119.90798245945
799.37 375.28 0.11 7119.787159473825
493.33 168.22 0.11 7119.816242365342
773.22 460.78 0.12 7148.117678593348
913.79 389.07 0.11 7119.7625752684635
174.48 104.13 0.05 6778.775637460112
55.83 21.01 0.12 7147.95038543721
212.62 147.41 0.08 7005.331116542371
366.14 121.7 0.07 6943.463459985383
492.3 269.31 0.08 7006.225055603203
631.46 406.75 0.1 7087.637688204289
765.62 554.82 0.13 7171.893054381286
609.87 276.32 0.13 7171.063673418899
391.31 127.85 0.08 7003.22250640628
882.87 408.25 0.11 7119.817573331922
808.29 498.66 0.06 6911.108067574905
830.26 396.27 0.13 7171.08437516338
663.52 447.2 0.14 7192.336690826976
784.28 454.58 0.13 7171.060103334019
880.64 336.56 0.07 6949.219914042813
855.87 436.68 0.13 7171.8422788659445
806.86 531.82 0.05 6781.147379401438
787.79 561.07 0.08 7003.020609242409
664.22 324.09 0.14 7200.041990507617
591.68 594.77 0.1 8451.175271681177
580.9 776.99 0.1 8494.259923781488
229.01 218.77 0.06 9438.145491032918
611.14 720.1 0.12 8159.814419074837
703.77 696.38 0.07 9283.105443739307
235.91 306.03 0.06 9523.745117162827
694.74 638.71 0.11 8532.29446344336
111.72 90.4 0.11 8604.059002746
415.01 380.4 0.13 8301.575106604358
595.11 443.58 0.08 9297.070694398291
368.47 351.6 0.07 9506.692751440847
788.89 612.51 0.06 9698.539083884034
234.91 305.21 0.12 8710.714547180885
468.45 582.58 0.12 8784.42247276225
395.48 360.34 0.08 9495.077274369643
619.98 586.8 0.1 9212.814799752594
515.39 465.39 0.1 9262.72706055059
603.08 571.26 0.1 9299.911690490124
459.34 497.38 0.06 9914.459259173938
625.95 605.8 0.12 9102.883536263851
381.9 472.04 0.15 8779.150024223056
773.74 580.84 0.1 9515.429652527402
205.79 248.73 0.12 9333.030496964682
331.07 382.35 0.14 9225.013872540601
329.96 425.38 0.09 9836.878137264299
641.94 554.47 0.14 9391.018690418197
567.08 669.57 0.09 9735.559282032786
680.18 605.66 0.06 10026.325828443307
410.47 436.24 0.15 9558.593416475309
223.88 192.5 0.06 10266.092249371315
599.31 758.83 0.07 9547.47428422729
666.84 495.47 0.07 10310.882504313826
300.75 407.4 0.08 9866.765066648852
652.57 564.27 0.08 10311.895555228642
317.51 315.39 0.09 9654.87542507541
596.34 561.16 0.08 10149.195453014963
269.3 342.0 0.12 10305.911779554011
297.39 270.72 0.07 10369.707089678488
287.75 710.53 0.08 8938.496052110166
428.71 705.26 0.08 8973.21890844238
318.66 465.09 0.1 8567.079704307016
332.22 695.58 0.07 8925.661544286744
399.97 809.27 0.05 8672.60885820354
255.6 676.45 0.1 8682.574945686058
132.15 345.97 0.06 8820.898921974742
42.46 63.92 0.1 8779.504289638684
369.69 820.81 0.09 9036.941042507287
316.81 687.99 0.11 8698.378478937655
314.14 779.93 0.1 8881.091235965068
511.6 719.56 0.12 8635.999203482575
218.64 350.9 0.06 8820.896324471832
486.28 869.53 0.05 8692.844802581449
335.93 642.33 0.13 8653.09399493556
112.68 188.69 0.07 8902.149246518551
326.38 577.05 0.12 8938.665854385432
368.28 681.49 0.11 9176.719452925256
374.5 732.68 0.14 8820.115154306759
376.28 801.93 0.09 8913.296559016431
218.74 544.13 0.14 8992.587857133989
204.79 480.1 0.15 8981.18877070539
300.39 469.32 0.14 9199.822095211966
479.81 865.95 0.1 9135.445367275577
296.29 806.91 0.14 9269.646136624766
82.46 195.39 0.13 9049.275909271082
193.72 434.69 0.18 9291.97509088611
100.54 200.27 0.17 9024.68591471664
133.74 379.52 0.1 8942.305347731668
97.58 135.42 0.15 8795.194215121726
419.12 602.35 0.14 9219.983400568606
278.47 640.66 0.18 9179.217366776473
477.86 702.97 0.11 9088.635894948507
115.68 305.14 0.13 9263.27544203563
187.4 542.33 0.2 9424.431819445763
390.09 760.02 0.13 9263.339166327532
1.74 548.45 0.06 9390.136303179634
165.83 840.73 0.18 6739.269356510418
118.5 786.16 0.23 5851.905742923756
63.02 939.35 0.07 9315.303133857946
187.47 718.59 0.11 8521.125236828413
0.11 287.55 0.23 6335.312109438074
233.63 759.92 0.08 9278.715320793202
104.16 801.51 0.1 8943.887102352752
44.17 410.88 0.1 9006.37630893041
88.75 399.82 0.06 9737.41265984423
36.43 639.08 0.06 9759.264469590147
42.93 864.03 0.05 9947.470009981871
136.02 514.25 0.13 8677.223358014382
39.26 968.79 0.06 9806.255031937915
70.45 402.38 0.13 8808.881790330193
91.93 651.56 0.23 7447.140235635758
216.06 668.99 0.05 10083.492528683335
9.26 908.63 0.09 9556.594158530082
173.98 663.74 0.1 9462.053827026815
46.65 301.64 0.12 9204.813814940213
184.52 823.8 0.15 9064.595255700833
39.53 540.17 0.11 9587.792872870872
52.31 214.98 0.11 9530.698173885636
109.97 918.21 0.12 9634.995089825223
18.7 551.85 0.06 10152.315752570363
84.58 988.1 0.08 10106.002460282261
102.57 568.17 0.11 9775.143303719973
83.97 989.99 0.17 9602.05282144653
202.39 645.38 0.1 10151.785085346839
108.28 416.75 0.11 10091.72322111073
217.85 862.53 0.06 10178.704753386512
32.62 619.97 0.14 9488.31568039784
-11.03 432.51 0.11 7226.6183540965485
-8.96 312.76 0.05 7083.196784351477
-75.86 568.96 0.11 7226.676946154787
-64.32 453.36 0.1 7193.2566264935695
-125.52 719.97 0.12 7246.126812996689
-234.83 860.24 0.15 7269.601012763177
-5.31 628.5 0.05 6943.993183630433
-0.76 859.26 0.07 7087.874835778521
-11.39 936.57 0.08 7134.235997603193
-28.61 699.1 0.06 7052.669043427837
-12.03 589.14 0.06 7037.994233821311
-73.98 749.98 0.1 7202.266165131838
-50.68 225.67 0.15 7291.839052932091
-90.2 585.07 0.11 7226.725338429049
-87.51 738.49 0.15 7306.436559801752
-173.16 568.6 0.09 7173.354004840148
-125.65 966.69 0.09 7173.976710803775
-117.79 918.12 0.07 7086.517254978191
-12.33 982.67 0.16 7610.550253481913
-21.53 342.95 0.1 7202.617038846329
-35.17 590.84 0.06 7055.037004218602
-76.3 742.12 0.06 7072.184402282157
-96.64 533.09 0.12 7208.190735588854
-77.73 492.26 0.14 7268.676835280519
-25.41 122.31 0.12 7243.947843477968
-276.38 932.05 0.09 7174.6975551918895
-63.31 372.79 0.13 7261.63937148647
-130.5 944.11 0.06 7036.21204727098
-192.06 807.26 0.09 7172.376776189542
-133.94 722.51 0.13 7261.64447814233
-215.6 911.21 0.15 7291.003940680879
-104.49 415.71 0.08 7135.471703201425
-109.55 444.47 0.07 7104.8444004969615
-11.66 233.57 0.08 7134.044196747449
-128.14 872.65 0.07 7085.703145527224
-60.56 504.18 0.08 7133.836618994791
-47.04 161.19 0.08 7138.993287502691
-206.89 753.99 0.11 7226.692843701674
-298.33 952.07 0.05 6949.393621070114
-229.69 767.91 0.07 7105.488768947602
-91.45 531.19 0.11 7196.746143843449
-49.76 295.06 0.14 7275.048593751822
-71.96 833.22 0.14 7274.038826943246
-365.72 540.79 0.12 8022.396854421695
-240.58 541.76 0.09 8748.041857702945
-477.38 861.56 0.06 9455.467369596294
-350.51 923.57 0.05 9385.79357415625
-230.09 430.58 0.1 8645.959131332947
-196.45 382.35 0.11 8487.301638804634
-420.07 852.74 0.13 8144.625539326606
-53.5 76.85 0.05 9360.063872490386
-528.39 819.21 0.1 8864.072832947
-454.99 866.34 0.08 9280.649495926278
-315.17 604.64 0.12 8576.194853406425
-374.53 516.04 0.15 8078.011979576377
-106.4 150.18 0.06 9565.780168529125
-299.43 679.67 0.06 9575.971271156033
-282.92 594.83 0.06 9596.07749593177
-135.6 192.11 0.05 9384.857678849594
-271.06 705.16 0.08 9510.427354666026
-319.22 642.93 0.1 9249.234182918914
-299.55 669.82 0.12 9016.722686796058
-378.95 738.64 0.1 9367.721528479262
-209.97 336.93 0.1 9425.175044616051
-305.6 839.11 0.08 9363.01415679734
-431.04 855.08 0.06 9561.685845916883
-329.87 570.57 0.09 9693.679563818292
-420.99 867.11 0.12 9395.506998531086
-266.77 764.71 0.1 9683.249588155511
-303.75 870.07 0.05 9287.111820508831
-316.07 669.52 0.1 9762.430395985433
-305.15 772.57 0.07 9748.255069220138
-301.65 581.53 0.07 9791.186501174909
-371.36 868.5 0.1 9877.142591539598
-242.64 434.04 0.11 9879.277978557293
-457.26 744.72 0.06 9569.081050319472
-206.39 399.71 0.07 9790.23449815956
-188.12 518.4 0.06 9569.03219448602
-417.39 660.61 0.14 9265.8225077447
-322.63 483.42 0.12 9909.130921855405
-166.79 301.31 0.08 9335.898761536282
-371.91 789.34 0.13 10055.424414761728
-401.86 567.77 0.11 9120.545347130643
-218.02 485.8 0.14 10299.941565350662
-292.44 295.66 0.15 7336.198370045128
-526.0 659.24 0.06 9367.239818884043
-412.31 458.23 0.06 9367.463658717801
-241.39 251.97 0.11 8395.454081375841
-673.41 656.43 0.13 8054.395033002309
-252.41 316.17 0.14 7903.307210454399
-625.46 667.87 0.06 9367.61377277198
-302.44 416.14 0.06 9377.762517842213
-200.77 239.02 0.1 8874.77971253462
-770.02 581.46 0.07 9486.697925403016
-246.98 302.95 0.08 9338.67456583372
-649.47 570.41 0.05 9119.924666577665
-179.6 193.0 0.14 8406.421744487916
-529.13 430.09 0.06 9380.042059288178
-601.43 650.86 0.11 9010.51884577727
-297.29 291.69 0.13 8773.11647663628
-473.1 438.63 0.12 8979.213706725415
-528.86 445.43 0.08 9571.158153201799
-689.59 545.65 0.1 9382.945217124226
-555.03 715.08 0.09 9567.743828765539
-124.88 137.84 0.08 9745.667743802205
-607.65 481.2 0.15 8993.051139262838
-511.65 572.92 0.08 9743.79666302356
-405.85 369.01 0.08 9744.762086880335
-735.11 615.45 0.15 9235.006719292589
-415.46 486.09 0.05 9119.13139824162
-496.04 475.03 0.11 9757.507770907123
-341.36 268.69 0.06 9411.498226047119
-711.43 648.76 0.08 9543.585154181534
-517.44 564.19 0.07 9583.619429159437
-446.44 572.34 0.07 9581.923865176408
-512.22 450.11 0.1 9528.92720660722
-404.56 384.41 0.06 9369.701899885553
-478.26 491.37 0.13 9999.114107577278
-342.56 445.88 0.13 10015.57991079919
-592.67 667.62 0.13 10184.843697051896
-484.52 498.59 0.08 9743.026729417148
-222.71 291.84 0.08 9647.626828349148
-228.59 237.56 0.13 9642.72664629321
-572.74 549.07 0.07 9577.70385233183
-658.96 464.18 0.08 8922.169611365971
-116.98 50.02 0.08 8962.605941709833
-521.56 376.16 0.11 8335.483096996108
-629.26 365.43 0.13 7945.52112496782
-543.19 180.98 0.18 6964.426702564713
-217.35 94.84 0.1 8717.230419298381
-777.22 455.92 0.11 8569.137641878551
-674.63 399.2 0.06 9601.781068347966
-620.95 305.64 0.08 9238.616128690232
-800.07 279.38 0.06 9649.466661629305
-541.65 342.67 0.08 9302.824681466884
-552.87 246.02 0.08 9338.448089225096
-462.03 297.75 0.07 9546.58534527034
-890.98 327.63 0.1 9062.229181158558
-855.53 498.46 0.08 9440.624525159335
-832.42 385.23 0.07 9512.070203055428
-362.01 123.17 0.11 9046.070372271191
-652.72 356.72 0.12 8974.818006038857
-367.66 207.45 0.13 8905.579518164803
-731.67 429.4 0.13 8989.540055339123
-756.74 467.01 0.11 9313.515644873307
-464.54 334.85 0.06 10011.355832911464
-813.3 289.21 0.12 9295.719075862662
-570.49 370.93 0.11 9425.926185251104
-542.18 384.42 0.06 10083.709873424752
-803.74 325.42 0.12 9471.57842794932
-820.04 281.74 0.11 9638.046938187468
-742.59 522.6 0.08 9405.957359364902
-380.17 236.33 0.07 9416.090787480298
-116.74 60.2 0.16 9386.765165297802
-623.21 245.0 0.15 9592.510737846418
-676.62 444.42 0.08 10014.539922084774
-256.04 91.63 0.08 9702.566789559072
-571.15 387.69 0.1 10147.174595537006
-340.36 134.96 0.08 9606.08519760569
-771.58 502.58 0.1 9083.639593591915
-714.31 460.41 0.17 9836.863152643567
-483.89 301.72 0.06 9971.0043496293
-803.33 406.48 0.09 9570.993490919154
-659.92 173.51 0.12 7164.056977138916
-426.76 7.03 0.11 7131.285007273106
-237.23 60.3 0.1 7092.420656620362
-529.74 97.27 0.11 7131.22136553653
-826.4 259.49 0.07 6920.589978774058
-828.72 227.73 0.13 7193.981325411951
-947.09 64.38 0.14 7216.621179788408
-710.38 139.76 0.13 7192.2678606899335
-937.73 147.08 0.05 6740.687802697674
-744.47 81.43 0.1 7092.51684511217
-190.19 28.12 0.06 6834.697132666941
-789.16 39.65 0.1 7092.50448309115
-79.1 22.81 0.12 7164.055875698491
-546.74 99.87 0.07 6922.574837298687
-923.4 35.56 0.05 6823.899589381384
-925.28 60.35 0.13 7192.177217725521
-867.24 121.14 0.09 7046.183184803924
-925.84 95.1 0.09 7045.992659862954
-758.27 189.42 0.13 7192.179666273974
-654.01 133.0 0.09 7046.924139013951
-724.87 115.17 0.13 7192.17729058602
-578.75 59.7 0.06 6841.996550836817
-891.66 58.04 0.09 7046.025556719227
-225.65 31.6 0.06 6839.343804395488
-557.24 99.39 0.13 7192.27615296454
-722.89 195.25 0.09 7046.396019258644
-924.44 271.71 0.14 7216.5334031884795
-651.22 140.71 0.06 6842.8495923053415
-553.02 31.34 0.13 7192.17662090157
-627.39 28.58 0.11 7131.225097191391
-592.36 69.89 0.1 7092.429047361899
-636.58 87.99 0.13 7194.968376876996
-976.44 86.16 0.08 6991.5823688856435
-903.7 90.1 0.14 7216.53321758524
-712.65 164.9 0.07 6920.807181651943
-838.56 245.06 0.08 6989.9161168118835
-733.16 162.82 0.11 7131.226864361766
-753.92 133.93 0.09 7046.092663992746
-525.79 61.37 0.15 7241.985208733888
-874.56 185.61 0.09 7046.052462338161
-139.0 30.91 0.14 7217.154156292868
-734.88 -3.7 0.07 9161.743494898394
-792.26 -152.28 0.16 7183.7388724215325
-871.27 -228.14 0.06 9464.626384003102
-887.01 -178.91 0.06 9485.193628732373
-555.73 -98.2 0.07 9291.499696492621
-849.98 -210.46 0.06 9518.18126071535
-441.95 -23.77 0.06 9519.095709121662
-835.26 -179.74 0.08 9183.039960641992
-810.56 -87.28 0.08 9213.337333152846
-489.03 -60.85 0.07 9442.12173101388
-658.72 -76.1 0.09 9086.529074179722
-576.28 -96.36 0.1 8933.913139827248
-566.28 -17.32 0.07 9518.681006687806
-812.85 -96.25 0.06 9522.9781407429
-415.51 -82.92 0.09 9225.577452863063
-734.47 -84.9 0.1 9091.754164145224
-788.41 -33.11 0.05 9231.367392413142
-888.96 -150.07 0.12 8856.843137796732
-776.08 -71.97 0.12 8942.034276313514
-331.21 -95.07 0.08 9602.83161297621
-291.81 -89.76 0.13 8942.995452021401
-561.1 -134.91 0.12 9156.473982917532
-354.9 -54.81 0.07 9732.610494731649
-955.73 -271.15 0.09 9653.003760452062
-550.01 -63.44 0.14 9124.434554258556
-409.29 -81.09 0.12 9451.783545378703
-116.75 -28.74 0.11 9635.19459959854
-742.58 -135.0 0.06 9533.893370883674
-513.43 -44.2 0.14 9464.133423387148
-778.49 -119.34 0.09 9987.366941954659
-320.57 -86.13 0.08 9943.197455647425
-511.68 -91.92 0.1 10006.414046380738
-17.12 -2.12 0.12 9239.653007857181
-95.93 -3.94 0.12 9726.083694258145
-697.58 -61.69 0.15 9969.809448546643
-804.06 -14.33 0.1 10218.163845188394
-958.32 -281.56 0.12 10282.42034923221
-710.06 -144.86 0.09 9274.664927573198
-725.07 -182.57 0.09 9390.192455606977
-715.08 -264.81 0.08 8928.68576082366
-299.29 -128.95 0.09 8737.308540733571
-833.96 -524.98 0.08 8990.027002498742
-226.74 -85.15 0.14 7728.759048591946
-713.31 -428.07 0.16 7440.852933859767
-788.87 -378.54 0.07 9354.405321329697
-471.19 -267.15 0.1 8791.110056361533
-116.16 -53.1 0.15 7919.0137029350335
-577.73 -239.68 0.07 9483.021408475057
-383.66 -196.26 0.07 9509.223605598694
-479.15 -286.51 0.09 9182.822249304485
-673.26 -304.95 0.09 9223.108151097456
-702.24 -326.69 0.16 8096.597834420739
-413.23 -208.28 0.1 9150.129634812753
-583.33 -231.21 0.08 9513.893165293246
-405.62 -285.74 0.05 10006.984456495413
-691.74 -361.52 0.06 9761.853201621547
-704.58 -429.56 0.12 9016.95316188574
-666.29 -312.68 0.11 9215.803406657395
-758.16 -310.89 0.1 9420.945647537284
-633.95 -288.2 0.08 9728.815837567305
-748.25 -351.18 0.08 9732.900821828684
-555.91 -204.27 0.11 9441.892885147037
-545.85 -185.12 0.06 10074.849243171562
-346.59 -143.75 0.14 9219.068722745385
-506.3 -304.45 0.05 9895.371704218216
-697.46 -434.14 0.08 9655.2572518612
-430.9 -149.87 0.1 9810.883372763568
-826.82 -320.12 0.05 10063.501411006964
-818.64 -570.95 0.09 9987.432244913902
-627.1 -211.85 0.06 10231.58861798499
-450.29 -309.18 0.05 10381.312046086763
-177.47 -88.94 0.1 10013.296347318465
-316.99 -133.62 0.14 9785.333128901573
-517.9 -190.21 0.14 9926.526007162598
-771.66 -315.81 0.07 10277.417080736574
-591.27 -225.28 0.14 10105.615185802162
-828.63 -527.23 0.12 10241.908729226252
-500.48 -405.45 0.05 8251.762459632724
-463.86 -480.1 0.07 8800.775082522094
-478.0 -372.79 0.08 9008.131769261094
-743.05 -599.77 0.06 8544.250928787
-538.68 -614.48 0.06 8555.244472198987
-453.99 -584.85 0.06 8570.932467288789
-297.87 -370.97 0.05 8273.106687742345
-198.92 -159.69 0.09 8982.748322772153
-176.79 -219.44 0.09 9029.225179739968
-529.44 -415.17 0.08 9012.374229993176
-562.84 -754.14 0.09 9133.766703295742
-621.0 -656.15 0.1 9002.510121064397
-524.25 -661.54 0.08 9014.363523214877
-504.89 -453.77 0.08 9012.57413511331
-381.94 -496.74 0.1 9163.494466182967
-315.16 -420.68 0.09 9192.719533592937
-405.75 -323.6 0.07 8797.304061207295
-334.52 -345.03 0.1 9325.153450449996
-273.13 -352.81 0.09 9197.127914191906
-494.01 -639.11 0.09 9196.899453798382
-577.71 -503.78 0.09 9197.06138067719
-527.52 -518.86 0.14 9066.480226551972
-253.46 -268.48 0.07 8796.980196016268
-534.45 -429.3 0.11 9475.005575620078
-622.24 -781.24 0.06 8544.105347225974
-562.02 -606.8 0.13 9502.05878810586
-592.56 -796.17 0.12 9616.999029387975
-509.96 -698.01 0.12 9616.997471103361
-480.4 -532.36 0.13 9124.005121284714
-301.83 -232.92 0.1 9356.405504961445
-456.58 -550.37 0.07 8801.060493774692
-439.59 -500.2 0.06 8554.011940383552
-590.97 -465.99 0.06 8558.514259539212
-574.85 -655.15 0.12 9617.31819314998
-299.22 -262.96 0.09 9190.86868461332
-460.67 -426.06 0.09 9192.719565922092
-580.24 -685.43 0.17 9994.814797298237
-548.97 -588.18 0.12 9713.048142396969
-287.42 -312.63 0.13 9724.839698112697
-561.79 -795.01 0.14 7552.486344814206
-334.88 -900.03 0.09 8756.417461189754
-321.41 -790.78 0.1 8567.498303734561
-241.36 -475.79 0.05 9695.951899153297
-128.43 -309.28 0.09 8845.206068604906
-354.59 -844.32 0.14 7868.200379002821
-427.35 -788.98 0.11 8550.416656354986
-254.13 -638.89 0.12 8428.765513888622
-497.43 -723.68 0.1 8873.503613641335
-316.49 -519.18 0.11 8726.61829043441
-350.63 -661.73 0.15 8100.008379039932
-185.14 -519.26 0.09 9226.992762146363
-401.75 -768.73 0.08 9432.504340852238
-84.55 -204.65 0.1 9163.089150699852
-228.28 -555.12 0.09 9376.810769189375
-517.39 -837.44 0.13 8849.651176097872
-265.72 -669.44 0.07 9771.839892419088
-380.67 -846.13 0.08 9653.330638497513
-226.79 -597.81 0.12 9165.098639395437
-179.94 -402.82 0.09 9611.641185541706
-515.73 -756.39 0.08 9776.083244591055
-208.52 -489.65 0.11 9451.816966612592
-355.65 -522.69 0.09 9741.064492202899
-285.5 -608.42 0.07 10002.364566258027
-435.74 -838.07 0.06 10139.147848334245
-194.7 -529.85 0.06 10162.595882371652
-265.84 -499.28 0.08 9986.697862834291
-342.92 -578.72 0.07 10123.322927606356
-358.89 -665.58 0.06 10237.049606978071
-408.07 -745.56 0.06 10256.755075243484
-344.23 -604.39 0.1 9952.477103080731
-427.88 -682.0 0.06 10310.404522342249
-72.95 -684.94 0.08 8935.62398847898
-188.76 -717.89 0.06 9419.84125250893
-31.03 -183.38 0.12 8109.43140008111
-180.19 -922.18 0.17 7123.715135628272
-187.91 -704.37 0.07 9306.375188915254
-125.03 -635.05 0.13 8059.953584015805
-102.96 -555.43 0.09 8935.448411616015
-130.62 -793.38 0.1 8781.819648032055
-91.61 -443.84 0.05 9804.801186043576
-85.49 -894.17 0.07 9437.339004029784
-141.93 -473.71 0.1 8899.18387434954
-143.15 -922.17 0.06 9683.075727749214
-168.37 -520.74 0.12 8658.059373254773
-108.45 -751.62 0.09 9242.582103871026
-17.71 -842.61 0.07 9605.550903337733
-31.02 -187.85 0.08 9474.035712091214
-20.98 -965.77 0.12 8881.188415049513
-136.41 -703.29 0.05 10015.86354467769
-116.74 -837.94 0.13 8857.707214910377
-2.59 -866.3 0.06 9659.452756815206
-70.64 -854.61 0.07 9804.129801944118
-256.49 -889.95 0.05 9985.814886828963
-46.77 -707.02 0.09 9583.783869741354
-83.57 -387.91 0.06 9639.765409390966
-115.53 -725.62 0.07 9908.693245425868
-128.45 -855.81 0.12 9121.320983832047
-10.96 -473.96 0.05 10047.254538602727
-24.21 -389.36 0.11 9585.01172812857
-176.6 -544.0 0.14 9098.40736796268
-99.1 -557.45 0.15 9402.185656917925
-40.24 -658.03 0.06 9565.010216892986
-130.69 -494.48 0.14 9626.58686234995
-44.69 -704.52 0.13 9455.637106694368
-58.99 -655.69 0.15 9772.44630094897
-8.16 -740.21 0.16 9843.562397478763
-234.21 -814.88 0.12 9650.715617169983
-90.7 -358.54 0.07 9962.645235371388
-151.86 -929.13 0.08 9753.971109911312
-147.56 -565.72 0.07 10025.308949365948
-183.93 -843.02 0.15 9611.49540976667
174.53 -906.35 0.13 7543.389133609579
173.59 -918.83 0.06 6976.899362230136
189.09 -920.43 0.12 7490.726214408762
196.64 -822.59 0.09 7286.010048397573
216.66 -903.94 0.08 7195.974529117444
6.78 -846.13 0.06 6986.621809861434
3.04 -474.13 0.15 7644.654482974904
33.72 -637.38 0.09 7286.075156418969
201.05 -658.4 0.15 7631.470894189077
79.93 -462.5 0.07 7092.612747732475
31.29 -603.83 0.11 7431.137203324425
210.73 -868.6 0.14 7588.499627495549
29.25 -686.18 0.09 7286.009814839521
115.77 -435.33 0.09 7285.967757322046
116.47 -758.51 0.07 7089.63811117749
120.26 -402.29 0.06 6974.074907478258
97.32 -451.67 0.13 7543.210381319368
31.6 -490.34 0.09 7286.293658959413
34.26 -495.84 0.13 7542.275607192527
171.13 -554.18 0.11 7431.142591219721
61.6 -971.11 0.11 7431.833239988547
45.42 -796.8 0.13 7542.354134117434
266.94 -944.13 0.12 7490.191531463687
120.81 -830.4 0.08 7195.798052384521
122.11 -787.65 0.13 7542.275395551279
105.51 -724.69 0.07 7092.578089901322
98.14 -782.96 0.11 7431.126284588974
191.81 -718.49 0.08 7197.558403537907
150.7 -540.4 0.1 7363.75534232179
88.94 -657.98 0.11 7431.142041418529
214.38 -897.27 0.13 7542.275178590471
132.83 -817.01 0.08 7195.670532760479
46.88 -856.09 0.11 7431.113324370901
78.5 -279.95 0.09 7286.049484234352
18.49 -255.13 0.09 7285.972230710451
15.54 -123.51 0.1 7363.680486427089
299.68 -937.47 0.12 7491.092818019055
188.25 -727.9 0.08 7195.545826467443
37.5 -782.58 0.1 7363.734699419125
321.08 -508.88 0.11 8234.301089620782
138.77 -286.65 0.12 8076.692549723577
214.36 -502.2 0.14 7720.336155605046
226.66 -669.97 0.1 8654.877240780646
278.86 -680.47 0.13 8097.7811640386735
167.0 -319.82 0.11 8561.119208002465
474.17 -731.41 0.1 8823.709333727182
71.44 -208.65 0.11 8699.494024298328
227.7 -393.53 0.06 9668.240895284926
441.07 -637.2 0.11 8783.995198486838
108.24 -305.81 0.11 8860.068102315174
487.98 -693.47 0.07 9596.965328085476
306.71 -476.59 0.14 8489.604502306303
136.5 -381.87 0.11 9049.527536775888
373.13 -705.12 0.09 9418.63656963897
250.59 -482.99 0.09 9469.02191153946
221.52 -567.05 0.05 10071.673959823933
182.19 -316.75 0.08 9669.16840605027
335.07 -569.7 0.08 9704.361254519426
124.29 -191.41 0.05 10134.273134917874
305.81 -844.21 0.06 10025.58955786956
213.29 -301.47 0.08 9806.588331033157
174.24 -427.75 0.09 9733.405959114074
480.06 -724.93 0.08 9893.44376765088
376.36 -699.43 0.06 10140.2347049219
265.45 -587.5 0.08 9953.536607492546
262.99 -524.94 0.05 10284.07592855593
551.94 -698.24 0.13 7804.069819031284
248.3 -204.32 0.05 7650.75441474101
500.61 -607.75 0.09 7929.056127209179
552.97 -452.32 0.05 7700.105840818887
333.97 -434.76 0.1 7990.297002485259
732.96 -586.99 0.07 7794.010422129335
611.83 -659.2 0.07 7809.095441635573
510.14 -433.74 0.08 7867.16347010156
599.42 -466.75 0.14 8111.211936062346
489.23 -664.89 0.1 7989.559768818874
395.76 -430.92 0.14 8151.751895142509
389.1 -382.51 0.1 7990.274641602693
497.48 -498.66 0.12 8081.230909798844
348.24 -261.34 0.15 8181.102837900238
431.38 -322.92 0.12 8081.2349583726245
256.62 -332.12 0.18 8212.14828632183
699.95 -531.34 0.08 7865.738036009658
561.43 -498.99 0.08 7872.292234538927
475.58 -402.44 0.17 8233.565259331765
498.31 -456.83 0.12 8081.304902839747
129.38 -164.2 0.11 8038.645702924448
555.99 -762.14 0.08 7872.932066473948
525.71 -629.62 0.07 7801.37659852495
574.55 -475.69 0.18 8256.510261050687
427.68 -312.95 0.14 8117.055452799586
382.57 -289.6 0.13 8118.697866367873
279.96 -268.3 0.08 7865.565653111495
594.45 -541.07 0.13 8118.707496602885
378.58 -307.5 0.12 8081.208654651515
510.26 -519.04 0.07 7795.442481295305
679.53 -530.65 0.12 8081.320673481856
583.34 -466.07 0.16 8207.242191191663
659.31 -548.28 0.12 8081.26735789029
603.58 -641.24 0.1 7989.373793054769
403.92 -364.95 0.16 8207.25395070562
300.23 -222.56 0.14 8151.746434455603
61.49 -47.87 0.05 7575.787067834084
189.67 -213.69 0.05 7633.391322497963
254.09 -120.75 0.08 7201.144701965318
814.79 -507.17 0.07 7132.70733768499
890.38 -335.94 0.08 7205.253780248719
746.23 -328.19 0.12 7383.460918555886
720.72 -463.43 0.06 7055.626858871074
849.06 -324.33 0.13 7417.140510155746
686.71 -411.88 0.1 7304.178544074748
712.8 -495.24 0.12 7383.460448562062
665.31 -388.99 0.13 7417.138825908254
648.88 -272.02 0.07 7148.058440722137
828.83 -537.65 0.14 7447.683151185009
805.1 -496.49 0.12 7383.481171365418
719.83 -348.19 0.16 7516.669045715356
732.31 -251.68 0.11 7345.878665273653
862.43 -350.66 0.07 7147.728640493031
291.01 -201.97 0.14 7448.863813883596
607.58 -342.33 0.08 7202.636092599403
484.72 -233.04 0.07 7136.088619574308
303.51 -185.19 0.06 7102.491410126255
151.03 -82.26 0.11 7345.964107494156
472.11 -256.28 0.13 7417.140125349862
568.33 -191.04 0.08 7199.548432376765
734.61 -260.78 0.12 7383.429663301981
886.08 -340.22 0.13 7417.112479319001
799.16 -353.99 0.09 7256.239582913572
470.41 -210.43 0.08 7198.4661478643475
835.63 -300.55 0.15 7476.83033085232
754.43 -413.07 0.15 7486.7486269171095
719.73 -504.24 0.13 7417.139297457123
761.79 -349.37 0.05 6962.638951567795
762.18 -400.26 0.07 7131.949415690689
557.93 -237.43 0.06 7051.6501819795685
753.39 -495.23 0.06 7062.079844521384
437.41 -297.72 0.05 7080.901960675028
653.12 -440.49 0.07 7133.649013944238
677.8 -468.58 0.05 6961.395530895466
226.17 -93.38 0.09 7256.441680943373
432.16 -170.9 0.12 7383.471515281281
859.51 -369.69 0.13 7417.137427299776
561.33 -252.62 0.12 7383.466329875009
655.85 -400.46 0.1 7303.554946172342
859.16 -490.67 0.16 3731.383277265642
367.14 -94.25 0.13 7782.129640419178
935.96 -121.73 0.06 8954.192477651335
794.35 -234.32 0.07 9061.304729122397
787.98 -196.2 0.06 8943.426813002943
950.2 -262.48 0.13 7993.913032227227
483.82 -113.86 0.06 8921.274388254256
985.33 -155.98 0.11 8546.445717315419
468.6 -28.49 0.08 9188.1435369677
973.33 -173.07 0.06 8907.188710707676
827.87 -133.56 0.07 9065.79080479252
952.59 -75.85 0.06 8903.444480826445
675.24 -121.27 0.1 8974.806396314856
983.98 -78.73 0.07 9065.087153155975
728.51 -7.86 0.16 8051.612507842176
378.87 -68.91 0.1 8998.809873697446
336.73 -65.26 0.11 9037.675140168607
863.46 -14.21 0.08 9149.724777701114
415.62 -19.79 0.13 8869.45883670459
799.3 -50.6 0.06 8915.473188175132
984.0 -60.82 0.14 8873.476516663864
752.61 -158.41 0.1 9375.259646510434
942.04 -44.83 0.08 9189.195472897547
577.8 -17.99 0.15 9024.365315646543
878.52 -195.75 0.1 9222.433766070168
857.94 -202.54 0.13 8943.434962163568
620.89 -59.08 0.1 9303.440242815459
683.41 -57.86 0.13 9247.850414587654
969.47 -125.41 0.14 9596.556000801966
771.43 -92.68 0.13 9553.986627946188
265.47 -59.99 0.12 9173.670785883185
455.28 -33.0 0.11 9149.175548454325
56.49 -3.41 0.07 9062.970316227054
662.07 -108.08 0.09 9294.863474615202
804.48 -210.07 0.14 9597.642201368571
368.67 -14.33 0.12 9446.70287066235
674.57 -74.83 0.15 9620.029315506656
837.08 -191.17 0.13 9554.014625731823
809.97 -82.08 0.11 9352.23610709046
230.84 -10.34 0.05 8695.04392878205
