0.0 0.0
737.81 10.19 0.07 11246.44650876829
936.7 172.31 0.11 11609.325577659954
924.21 93.84 0.1 11541.503751528935
658.81 95.72 0.15 11799.733990058763
569.97 84.57 0.14 11761.208552363405
827.59 31.54 0.05 10885.693407646631
927.04 170.31 0.06 11061.98952261846
275.32 70.59 0.12 11667.4401032278
426.78 32.35 0.1 11540.81033554727
779.32 188.56 0.05 10876.237840214244
557.35 67.91 0.07 11231.21436458465
877.34 197.65 0.09 11468.60041885639
806.13 166.26 0.11 11611.379518209083
465.7 100.38 0.15 11799.850965207423
778.44 109.99 0.12 11667.344564973526
919.58 147.25 0.15 11799.68217900124
692.46 0.16 0.09 11465.517159744915
697.78 148.78 0.08 11380.516091156582
458.34 37.34 0.1 11540.669478792286
243.18 37.61 0.08 11356.427397733634
905.82 246.52 0.1 11545.812560754975
168.4 24.16 0.08 11384.470756320483
274.5 48.36 0.09 11470.366858892814
295.31 18.81 0.12 11668.18308014418
888.26 8.91 0.12 11667.778853579406
195.96 47.03 0.07 11268.498952967926
562.72 180.65 0.06 11142.164624002075
561.92 161.7 0.12 11668.489164793456
535.36 108.39 0.13 11718.363660826655
598.49 74.6 0.08 11365.628232378698
939.56 194.44 0.08 11370.173702127253
694.28 47.83 0.12 11667.370139057035
699.27 164.35 0.12 11667.574258132949
503.3 136.73 0.07 11264.950554346664
879.79 127.14 0.08 11362.992636967156
869.45 50.7 0.15 11799.69795777508
704.73 114.3 0.14 11761.261990894021
936.2 191.32 0.05 10995.082434192675
806.33 202.42 0.1 11543.840267674608
866.67 30.3 0.07 11249.209665838818
876.95 199.74 0.07 11244.093384995469
890.04 59.76 0.09 11459.816573457165
447.32 229.5 0.07 3037.2331210667835
148.37 74.26 0.06 3071.1883084855554
693.59 424.51 0.12 3102.7871508259004
407.07 226.32 0.14 3130.678900653652
333.33 182.42 0.07 3052.94400399318
396.58 230.25 0.13 3117.2083559168113
644.9 414.54 0.08 3439.0423901485656
454.08 185.68 0.14 3130.6789006534623
391.45 217.73 0.14 3130.678900653468
714.17 492.67 0.05 3165.6318676620663
838.98 452.55 0.06 3067.0146668370426
632.3 217.95 0.09 3062.5257967739126
801.54 287.38 0.14 3130.678900653484
752.75 285.88 0.13 3117.2083559166717
817.63 543.69 0.08 3298.857731490587
709.54 511.07 0.14 3130.678900653566
158.4 97.98 0.14 3130.6789006535682
719.78 408.68 0.05 3118.295329070433
367.05 127.32 0.1 3074.469349812099
445.99 232.17 0.09 3062.533880053579
177.34 100.28 0.14 3130.6789006534973
916.68 339.32 0.12 3102.787150834973
798.81 382.9 0.13 3117.208355916616
290.39 193.37 0.09 3062.537216804976
831.74 468.84 0.12 3102.7871508407534
261.62 168.58 0.08 3054.318233955243
522.49 228.95 0.06 3066.952623155619
347.51 182.65 0.15 3142.339810144145
494.03 288.97 0.08 3054.16769302223
198.3 104.76 0.11 3088.250607345539
691.82 392.91 0.11 3088.250607191144
123.79 56.55 0.07 3053.4984133128055
794.02 287.55 0.07 3038.0994547883492
585.64 402.23 0.05 2664.774515095598
765.38 510.87 0.05 3175.96300381943
761.23 370.52 0.07 3054.0520809728546
603.34 230.65 0.08 3053.939592680739
416.89 239.21 0.06 3075.9664611937237
467.94 332.05 0.11 3088.2506013240372
826.78 465.21 0.1 4869.582946831592
716.43 388.48 0.08 3054.298054904329
779.71 403.07 0.08 3054.29186412925
381.26 215.27 0.1 3074.469427167649
716.91 494.89 0.08 3170.0351989245314
791.43 434.09 0.06 1577.7242260147907
594.35 354.58 0.09 -1322.8234284644236
572.44 567.06 0.09 4204.45757859169
533.62 609.16 0.08 7230.608830012945
388.61 309.71 0.13 4455.999115671959
216.31 165.39 0.15 4555.802615444436
389.35 532.69 0.07 4029.336934031003
541.36 414.93 0.07 4028.917305861076
719.8 611.26 0.11 4341.736855998432
139.69 120.63 0.12 4401.062819692175
538.63 647.34 0.09 8739.424927619813
289.71 275.46 0.11 4341.736856001069
501.76 578.51 0.11 4341.736855996688
511.7 562.43 0.13 4455.999115671957
500.93 661.04 0.12 4401.0628196919315
520.44 432.45 0.12 4401.062819692097
265.91 253.98 0.14 4507.408590468893
529.18 645.88 0.07 4029.4658631073835
609.71 651.34 0.13 4455.999115671958
349.64 393.84 0.09 4204.457579337817
580.18 705.49 0.08 4122.728042669828
461.54 475.06 0.12 4401.062819692197
263.61 220.49 0.06 3927.453853448508
747.96 566.64 0.13 4455.999115671958
670.84 710.71 0.1 4276.763034545076
440.57 356.18 0.1 4276.763036127275
755.28 557.05 0.1 4276.763034133763
514.23 555.61 0.12 4401.062819692015
419.81 314.74 0.06 3915.8122259862375
737.17 671.97 0.1 4276.763033729527
415.69 333.93 0.07 4029.401411781029
578.9 494.83 0.13 4455.999115671958
497.05 632.59 0.12 4401.062819691424
484.72 476.67 0.13 4455.999115671957
570.49 512.52 0.14 4507.408590468895
604.86 538.73 0.08 4122.853348013921
138.27 119.48 0.07 4029.3351952513062
188.15 466.87 0.13 6391.635830505391
443.81 755.18 0.11 6406.660918609273
313.9 885.5 0.07 6472.635167181503
419.27 701.97 0.1 6417.298924461186
417.78 742.59 0.08 6444.698397492019
191.48 407.19 0.14 6385.937142197312
492.46 865.26 0.1 6416.971692541939
247.77 506.78 0.13 6391.624642075355
484.75 800.03 0.05 6558.031213982329
317.81 489.45 0.09 6429.538249933655
66.4 116.03 0.12 6398.543351302043
283.45 484.15 0.11 6406.65869508094
334.9 723.92 0.14 6385.936866753159
281.2 740.37 0.15 6381.159956831028
519.4 793.78 0.1 6416.719150282392
468.93 852.14 0.12 6398.435437341102
318.71 706.45 0.14 6385.938304965755
116.02 277.82 0.14 6385.938174642095
318.36 835.26 0.09 6399.5211112806555
270.87 695.5 0.1 6416.817946413434
332.76 648.97 0.07 6474.519475835405
483.94 712.47 0.06 6509.517386566131
131.49 251.78 0.09 6431.526653217268
168.15 494.17 0.08 6445.730288650129
103.49 191.03 0.05 6521.978576560374
337.0 888.69 0.09 6429.90101066794
162.11 409.44 0.07 6480.686226205875
160.87 285.4 0.06 6518.915091698451
423.57 876.12 0.09 6429.428419891646
474.73 786.47 0.1 6416.906763197194
204.78 557.3 0.12 6398.46133721403
356.69 554.78 0.08 6444.080257003889
466.59 764.31 0.15 6381.158954364165
312.74 460.38 0.06 6503.117957904673
270.75 672.06 0.1 6416.868912344917
460.94 657.54 0.09 6429.186964772975
382.86 876.98 0.13 6391.632289749434
483.52 734.45 0.05 6505.816708800988
385.6 630.5 0.12 6398.436174281122
342.7 886.13 0.13 6391.637703892064
293.29 701.89 0.1 6416.7876025339865
28.51 60.48 0.11 6406.698399387138
186.57 294.91 0.1 6416.690886787788
391.07 742.18 0.07 6486.303036957929
199.8 537.78 0.07 6481.746868826633
1.79 847.08 0.12 4515.529770835149
101.15 557.46 0.1 4449.906728570653
92.92 423.94 0.09 4407.634618794213
104.81 633.73 0.07 4298.562216985968
108.82 581.72 0.14 4563.277731716704
61.43 708.8 0.05 4135.8203483509915
211.3 680.31 0.07 4295.803423750786
58.14 670.57 0.12 4515.52977083515
131.95 569.44 0.14 4563.277731716704
105.97 346.47 0.14 4563.277731716704
266.29 905.5 0.1 4449.90672857144
14.25 924.46 0.06 4223.647583866616
172.1 767.02 0.12 4515.52977083515
28.5 456.65 0.07 4314.977140439372
29.48 909.91 0.05 4120.842959684152
54.63 625.23 0.07 4295.816312997682
220.16 740.49 0.07 4330.879681504339
98.3 357.58 0.14 4563.277731716704
111.57 376.51 0.07 4295.787965136034
46.25 800.53 0.11 5402.6230910513095
14.38 636.33 0.12 4515.52977083515
36.17 680.4 0.08 4357.000205010019
59.13 901.64 0.13 4541.188898099925
167.48 976.29 0.06 4220.8825120886995
222.92 847.13 0.13 4541.18889809993
56.03 377.0 0.05 4128.461498699457
63.09 216.39 0.09 4501.640607493722
163.53 522.15 0.08 4447.497891136665
9.5 608.43 0.1 4449.906728570788
153.7 856.53 0.13 4541.18889809993
28.86 915.41 0.06 4220.861918452015
202.39 740.98 0.08 4357.0049713580465
0.52 313.21 0.09 4548.614588085927
33.94 633.32 0.11 4485.447169461968
12.21 252.48 0.08 4357.000504220625
92.09 874.09 0.12 4515.529770835148
20.56 773.08 0.14 4563.277731716704
211.99 938.06 0.15 4582.494872226727
209.3 924.09 0.08 4357.622595463485
230.71 751.86 0.09 4407.634634352942
204.31 916.01 0.09 4548.605571495522
5.81 349.59 0.1 4449.9067285702895
-109.25 843.96 0.06 4863.293029053407
-107.4 536.77 0.05 5059.548202218394
-231.74 933.38 0.11 4552.236382960605
-151.47 916.0 0.08 4671.305523574375
-199.06 659.19 0.14 4488.8819427055605
-180.89 947.24 0.07 4755.204533426358
-57.69 955.48 0.06 4863.499278746545
-43.92 351.87 0.08 4673.013453729131
-212.44 809.89 0.07 4736.475083452879
-178.0 565.61 0.08 4676.171633209395
-92.32 437.44 0.12 4527.137382375664
-171.97 737.24 0.1 4583.1367938282165
-217.37 838.44 0.14 4488.88163473683
-75.69 781.01 0.1 4583.049468006458
-207.7 868.67 0.12 4527.145991952522
-56.07 758.12 0.08 4672.272091227916
-170.37 746.99 0.1 4583.066232742259
-270.8 843.2 0.08 4671.55334589891
-65.53 386.24 0.15 4473.947497334816
-125.3 925.88 0.14 4488.881999674067
-127.97 555.82 0.15 4473.947441391041
-35.78 513.3 0.14 4488.881571866148
-148.7 566.7 0.13 4506.37198757043
-127.3 486.22 0.1 4583.379253517996
-54.97 786.03 0.15 4473.947438884348
-36.7 440.28 0.13 4506.372867243466
-13.7 728.53 0.15 4473.947445733123
-4.89 567.07 0.14 4488.881675342338
-92.49 288.27 0.08 4672.326966245179
-122.5 775.56 0.12 4527.151822401176
-113.3 775.0 0.1 4583.301291936068
-20.65 624.12 0.15 4473.947513691841
-71.65 429.38 0.07 4744.301395741914
-119.44 450.05 0.07 4739.5560612803065
-24.31 165.07 0.1 4583.364924315044
-59.71 733.78 0.1 4583.012684674821
-33.82 892.68 0.14 4488.881792828653
-57.35 829.79 0.08 4672.508899911188
-54.92 676.94 0.09 4621.7317642322205
-280.27 862.92 0.11 4552.200184892714
-14.31 56.74 0.09 4622.439330110081
-54.31 979.04 0.15 4473.947436474669
-223.52 827.82 0.13 4506.373105160175
-57.03 694.66 0.09 4622.7210103044645
-480.54 771.17 0.14 4298.665237563187
-253.07 652.99 0.09 6034.454155574436
-539.16 830.9 0.13 4273.592193141289
-226.31 357.11 0.1 4173.254496310172
-164.17 330.94 0.08 4075.0880380230765
-315.34 492.21 0.07 4011.5590645601483
-149.17 218.45 0.08 4089.1667238058335
-125.6 357.52 0.11 4211.72005047418
-441.76 638.03 0.1 4173.2544963107775
-243.07 450.72 0.15 4320.737753712906
-393.69 617.85 0.11 4211.720050473403
-127.83 362.91 0.05 3828.105736447884
-265.05 581.18 0.12 4244.85959492041
-256.97 777.63 0.13 4273.592193141299
-289.27 716.65 0.07 4011.369944151249
-166.33 323.98 0.1 4173.25449632182
-298.45 527.41 0.11 4211.7200504741595
-263.59 396.82 0.13 4273.592193141286
-264.46 784.1 0.06 3935.115145662773
-346.53 557.35 0.15 4320.73775371294
-327.41 853.24 0.08 4075.0884553647847
-230.94 675.3 0.08 4075.0894403954217
-167.99 499.86 0.11 4211.720050472342
-479.33 726.76 0.09 4128.258074484488
-288.46 478.68 0.07 4011.596465628215
-318.67 698.34 0.08 4075.089086509
-37.03 89.98 0.13 4273.59219314129
-295.47 806.54 0.14 4298.665237563187
-437.23 798.4 0.11 4211.720050473849
-300.2 689.24 0.09 4128.258075262141
-338.54 546.89 0.11 4211.720050473214
-179.5 460.85 0.08 4075.0877710810346
-406.39 697.32 0.05 3847.052492208876
-348.35 692.97 0.07 4011.3681909608445
-394.17 859.86 0.1 4173.254496310188
-339.32 747.87 0.11 4211.720050472446
-339.0 786.72 0.11 4211.720050474185
-341.3 556.15 0.06 3935.809845235584
-499.4 864.98 0.11 4211.720050472133
-500.93 806.1 0.11 4211.720050474167
-260.61 252.17 0.1 4045.8890258396414
-460.43 542.37 0.08 3980.9494494389664
-140.36 153.88 0.06 3776.2735398353607
-159.76 191.83 0.15 4219.857045655752
-595.04 448.11 0.07 3859.847446129237
-593.43 684.68 0.13 4163.790014691122
-553.1 448.31 0.12 4129.771810227867
-569.55 539.8 0.14 4193.671768812923
-93.76 101.61 0.14 4193.67176881287
-247.42 196.47 0.11 4090.837392647854
-173.13 193.29 0.06 3776.732099787384
-650.01 488.01 0.06 3775.34319714476
-484.01 477.83 0.14 4193.671768812876
-564.32 621.97 0.08 3932.0922116581473
-538.62 397.15 0.11 4090.8373926478803
-585.13 528.47 0.12 4129.771810227867
-583.49 599.26 0.12 4129.771810227869
-703.0 581.78 0.09 3993.5296393866774
-560.67 752.75 0.06 3771.016518134834
-510.69 419.97 0.11 4090.837392647508
-695.74 559.0 0.12 4129.771810227866
-445.01 537.57 0.05 3661.794652379639
-360.95 282.01 0.07 3859.440569093031
-724.03 629.48 0.08 3932.092387549995
-212.75 252.58 0.07 3859.780115992119
-562.36 482.28 0.13 4163.790014691125
-590.66 777.75 0.1 4045.889026222294
-180.05 168.96 0.11 4090.8373926478935
-618.09 585.92 0.06 4094.4486983938104
-625.56 528.85 0.1 4045.8890263865173
-605.44 620.51 0.1 4045.889027465012
-481.96 394.8 0.06 3770.759229315132
-81.75 79.19 0.07 3859.7361501462647
-484.99 472.55 0.14 4193.671768812859
-407.61 391.0 0.08 3932.0817860813845
-536.47 648.71 0.06 3768.5764263957735
-417.82 403.66 0.1 4045.8890261406186
-594.82 433.6 0.12 4129.771810227865
-682.97 601.65 0.06 3776.302616447296
-271.96 238.83 0.08 3933.4356500992058
-719.39 444.4 0.12 4190.826257869403
-299.13 169.71 0.08 4333.5991041925645
-606.58 331.23 0.11 4214.823039147886
-316.56 214.13 0.1 4244.59656658812
-424.06 160.37 0.05 4728.9328212545215
-677.01 464.38 0.11 4214.841548765346
-689.77 251.12 0.14 4154.195935097377
-517.6 172.65 0.11 4214.84509843857
-789.06 279.64 0.09 4282.0906541239165
-765.06 546.93 0.1 4244.467653910009
-593.68 288.55 0.08 4331.71652158805
-415.27 262.65 0.07 4401.0149761248085
-268.1 137.08 0.1 4244.576493056737
-380.51 202.57 0.1 4244.447137273357
-685.02 485.36 0.06 4489.646516328168
-414.24 286.05 0.07 4399.651024798461
-461.25 275.17 0.1 4244.454347864457
-481.87 162.85 0.1 4244.699413862176
-375.54 135.46 0.12 4190.82022955116
-879.61 354.77 0.11 4214.869903995001
-684.34 409.59 0.15 4139.853753490854
-588.68 298.82 0.12 4190.82366336913
-33.84 19.84 0.08 4330.395336370986
-772.99 477.43 0.12 4190.822453262399
-785.04 317.69 0.09 4282.228959238987
-320.71 104.37 0.1 4244.558066698298
-709.37 384.4 0.14 4154.195865478865
-525.74 211.77 0.1 4244.46202221933
-513.85 194.61 0.12 4190.820856270315
-442.06 294.15 0.1 4244.434270613578
-806.15 337.63 0.07 4394.805819750402
-655.52 289.77 0.05 4602.57759866596
-583.72 423.89 0.08 4330.550413624506
-733.48 342.13 0.12 4190.818413431267
-95.8 54.51 0.14 4154.195992561031
-293.94 137.4 0.06 4507.833744839878
-263.07 122.24 0.11 4214.820044052758
-182.39 69.62 0.12 4190.820176183563
-643.56 415.34 0.14 4154.196024625202
-606.27 373.55 0.15 4139.853758427724
-257.69 180.31 0.14 4154.195903561389
-845.57 403.49 0.07 4397.268007101493
-600.0 356.14 0.07 4395.134136153121
-748.5 273.03 0.14 4154.195880847565
-526.85 206.97 0.12 4190.824738155554
-469.44 252.58 0.09 4283.013259385207
-656.13 209.31 0.08 3689.065389261853
-404.04 98.09 0.09 3783.032938063685
-905.12 254.52 0.12 3739.985091323541
-790.57 226.28 0.06 3608.4078356371547
-576.44 98.71 0.07 3643.005266649053
-494.56 18.03 0.15 3771.0248428602326
-308.58 18.54 0.07 3643.139361976586
-552.2 163.22 0.15 3771.024842860232
-148.35 30.7 0.07 3641.6717704741977
-433.35 79.6 0.08 3667.979966035279
-914.67 5.1 0.07 3641.839038424202
-634.18 138.29 0.15 3771.0248428602326
-777.45 45.81 0.06 3612.544125602618
-843.36 19.11 0.11 3725.7965602149575
-144.74 0.33 0.13 3752.065978015416
-724.15 48.8 0.13 3752.065978015416
-538.33 71.71 0.06 3594.551188732782
-943.73 290.94 0.06 3611.6861467912663
-475.67 72.56 0.11 3725.7965602143586
-746.3 133.83 0.12 3739.985091323541
-645.78 146.14 0.09 3689.703671674822
-104.87 31.44 0.12 3739.985091323541
-959.23 225.79 0.06 3608.9909720319706
-964.41 193.06 0.15 3771.024842860233
-942.3 13.57 0.09 3690.0542873399404
-783.78 71.41 0.08 3667.7780211836807
-472.96 46.65 0.08 3667.7740142825432
-507.88 137.8 0.14 3762.3041614561907
-349.24 92.23 0.13 3752.065978015416
-759.54 189.71 0.1 3709.2513740051795
-594.75 130.22 0.11 3725.7965602160907
-858.06 52.02 0.1 3709.2513721095866
-241.17 44.38 0.05 3579.170838232347
-943.86 292.21 0.12 3739.985091323541
-820.39 139.46 0.07 3641.749130576188
-780.44 230.69 0.11 3725.796560226068
-827.89 166.14 0.11 6517.504450354867
-570.89 118.04 0.08 3667.770736722011
-903.08 113.14 0.14 3762.304161456191
-449.89 72.05 0.09 3690.054258087221
-758.61 110.99 0.07 3641.7749383925784
-878.72 236.38 0.12 3739.985091323541
-588.25 74.78 0.09 3690.0542239514552
-768.16 -110.93 0.06 3299.6963887320917
-715.78 -160.16 0.11 3437.0471255256516
-651.55 -100.84 0.06 3293.26981664297
-606.53 -37.32 0.09 3397.8456364819267
-910.97 -157.09 0.07 4074.7491428847625
-938.84 -290.19 0.13 3460.6317972594575
-809.25 -55.29 0.11 3437.0471255256266
-674.62 -48.31 0.14 3468.147138570443
-771.62 -29.58 0.13 3460.631797259462
-938.5 -225.01 0.05 3268.9745781750935
-566.33 -139.5 0.13 3460.631797259461
-729.97 -37.31 0.06 3302.387706779661
-859.98 -235.58 0.11 3437.0471255256257
-587.56 -130.37 0.12 3450.444583193142
-944.44 -75.25 0.14 3468.147138570451
-825.07 -224.29 0.13 3460.6317972594566
-715.63 -145.74 0.06 3299.7032903358913
-956.94 -212.2 0.09 3397.845715142801
-627.29 -184.03 0.08 3370.515666681715
-848.53 -25.22 0.07 3337.43181413456
-791.68 -98.9 0.14 3468.147138570485
-987.96 -20.15 0.15 3473.3990364107485
-498.5 -112.43 0.12 3450.4445831931434
-724.38 -55.83 0.13 3460.631797259459
-708.24 -142.31 0.09 3397.845474099678
-400.54 -6.46 0.13 3460.631797259462
-415.13 -97.06 0.1 3419.770581660433
-450.54 -12.37 0.14 3468.1471385704403
-633.85 -154.55 0.06 3300.1323439333755
-514.56 -103.61 0.13 3460.6317972594616
-518.95 -72.2 0.13 3460.6317972594593
-192.01 -57.99 0.07 3337.053964717482
-574.82 -155.48 0.05 3229.2474915906855
-607.88 -185.75 0.13 3460.631797259461
-939.88 -83.89 0.09 3397.8455068908147
-890.01 -208.11 0.06 3293.4229958361584
-733.89 -13.16 0.12 3450.444583193144
-646.47 -33.6 0.09 3397.845732714904
-704.58 -196.73 0.09 3397.845893515058
-863.81 -50.12 0.08 3370.5155257895904
-841.69 -142.57 0.07 3337.073480127014
-153.12 -62.43 0.13 5646.165091005043
-477.83 -291.35 0.14 5677.611513900244
-501.01 -274.65 0.1 5794.486867385904
-816.72 -346.26 0.06 5205.710365768225
-463.86 -306.45 0.13 5646.16509100504
-775.23 -489.08 0.11 5568.666579860581
-481.71 -325.79 0.07 5309.8703026237
-724.64 -463.6 0.14 5677.611513900534
-890.35 -402.84 0.09 5462.776357400837
-752.32 -492.57 0.1 5520.156046866882
-520.73 -275.29 0.06 5204.793706406052
-848.94 -520.24 0.1 5520.156047037206
-873.48 -468.38 0.11 5568.666579860517
-528.1 -288.04 0.08 5393.91181688521
-135.27 -92.14 0.11 5568.666579860604
-741.04 -517.81 0.08 5393.910273215616
-747.35 -299.83 0.09 5462.776398226142
-451.25 -164.18 0.09 5462.77637413135
-810.45 -570.24 0.06 5205.224255701267
-391.22 -157.21 0.15 5705.34958011339
-544.19 -181.08 0.1 5520.156046880103
-542.8 -204.1 0.05 5072.845459957963
-771.16 -326.86 0.06 5206.694716358961
-406.45 -209.52 0.15 5705.34958011339
-800.0 -416.48 0.06 5206.25420065668
-856.64 -464.75 0.1 5520.156047003108
-793.29 -512.78 0.07 5309.8950119834735
-617.83 -285.55 0.06 5206.055221253723
-555.16 -222.82 0.13 5646.165091005119
-236.85 -95.05 0.13 5646.165091005023
-769.35 -284.57 0.13 5646.165091005003
-808.71 -547.55 0.08 5393.910312118972
-825.27 -420.65 0.12 5610.202257807069
-208.7 -144.09 0.09 5462.776385460127
-936.91 -325.91 0.13 5646.165091005098
-694.36 -427.7 0.14 5677.611513900558
-164.74 -113.35 0.12 5610.20225780739
-743.54 -267.48 0.13 5646.165091005039
-808.39 -340.3 0.11 5568.666579860568
-205.27 -151.68 0.06 5474.536712478397
-708.18 -606.12 0.05 5298.284030681773
-616.27 -617.65 0.11 5966.3920455091775
-500.99 -549.5 0.12 6027.031884981451
-241.47 -228.49 0.11 7723.81784966777
-479.2 -567.47 0.12 6027.031884980848
-376.81 -443.8 0.11 5966.392045514854
-428.54 -356.36 0.05 5295.940769900964
-529.63 -652.11 0.1 5896.521221334813
-623.46 -495.72 0.07 5605.069216249371
-450.65 -558.91 0.05 5290.3457671362585
-637.4 -726.92 0.15 6168.6083574415115
-590.14 -631.33 0.1 5896.521221358173
-756.76 -602.61 0.12 6027.031884979531
-743.55 -581.55 0.11 5966.392045508925
-447.09 -404.32 0.05 5297.367648061461
-464.83 -570.26 0.1 5896.521221333585
-518.96 -614.19 0.07 5650.250379506268
-289.84 -239.98 0.13 6080.122420125332
-705.32 -550.91 0.07 5605.116310619376
-370.01 -327.69 0.12 6027.031884983624
-217.75 -200.36 0.05 5295.65782585607
-343.11 -436.83 0.07 5605.008912991494
-678.89 -567.07 0.09 5815.205702827019
-638.37 -633.8 0.11 5966.392045508701
-330.95 -328.86 0.05 5296.409871756478
-637.98 -759.51 0.07 5605.0819299710865
-578.06 -603.74 0.1 5896.521221342793
-465.6 -435.5 0.09 5815.204576963513
-373.0 -488.91 0.13 6080.122420125108
-544.35 -554.63 0.06 5467.221278420077
-140.56 -140.05 0.06 5465.406524979095
-219.82 -260.89 0.07 5605.083451926475
-573.64 -432.32 0.11 5966.392045508095
-516.56 -660.38 0.14 6126.970301473639
-247.56 -300.63 0.09 5815.204590880014
-686.54 -548.52 0.12 6027.031884983779
-420.17 -390.59 0.05 5287.3495429465565
-512.95 -424.67 0.09 5815.204558827895
-131.49 -149.59 0.12 6027.031884981727
-322.68 -309.48 0.14 6126.970301472637
-198.43 -361.43 0.1 3157.1977954229405
-109.06 -159.69 0.08 3087.0480993208944
-418.97 -620.67 0.08 8361.775688253752
-546.07 -829.33 0.14 3228.029823990112
-378.31 -810.14 0.09 3124.81434778139
-319.94 -933.81 0.1 3157.197797811796
-259.11 -709.42 0.05 2892.2168196706625
-301.44 -666.25 0.13 3219.3403655058014
-170.62 -461.3 0.13 3219.340365519702
-541.27 -769.37 0.05 2994.5220940979643
-233.8 -683.72 0.08 3098.3549285370686
-259.93 -360.98 0.11 3183.807384637732
-360.4 -902.21 0.07 3045.603265276626
-244.17 -637.93 0.09 3124.8141952324513
-271.12 -473.64 0.14 3228.029823971625
-148.35 -392.94 0.13 3219.3403655127627
-375.38 -561.96 0.13 3219.34036551965
-311.97 -627.97 0.13 3219.3403655053767
-410.58 -612.96 0.13 3219.3403655021416
-119.45 -301.42 0.06 3004.65568253343
-212.8 -523.09 0.11 3183.8073846386355
-343.39 -670.04 0.09 3124.81428480076
-106.74 -204.09 0.1 3157.1977919274686
-354.74 -625.71 0.13 3219.340365518726
-419.65 -699.15 0.12 3204.5412000717406
-245.16 -625.05 0.1 3157.1977907260984
-136.94 -241.76 0.11 3183.672377375097
-410.2 -634.49 0.13 3219.3403655194375
-245.42 -588.89 0.09 3124.80320380073
-516.84 -774.31 0.13 3219.340365508467
-406.34 -850.26 0.11 3183.807384637705
-95.86 -189.71 0.08 3703.6093590673677
-415.77 -781.73 0.06 2987.8125108433815
-337.97 -767.09 0.09 3124.814220424775
-133.25 -226.27 0.09 3124.8142278568257
-326.78 -594.71 0.1 3157.197795228987
-135.74 -397.83 0.1 3157.1977969489367
-236.97 -422.59 0.07 1121.0694303341852
-123.21 -935.72 0.05 5467.808872164564
-130.41 -907.03 0.07 5763.0038130533485
-70.46 -496.18 0.11 6103.796703234802
-117.37 -531.51 0.13 6209.245132721862
-59.22 -377.97 0.14 6252.624641627852
-123.64 -433.73 0.07 5763.031846071188
-100.64 -756.91 0.14 6252.624641627898
-47.59 -190.75 0.06 5628.7002988275
-117.88 -520.98 0.08 5872.165377726935
-23.57 -329.41 0.07 5763.006433976928
-11.99 -873.43 0.1 6038.731675992697
-56.63 -676.61 0.09 5962.576044257532
-110.11 -349.3 0.08 5872.639204505391
-97.6 -484.69 0.07 5797.288724975048
-193.72 -633.93 0.06 5634.05483337654
-154.53 -835.42 0.06 5628.873254687454
-102.79 -986.63 0.08 5872.1664394652
-22.63 -368.26 0.15 6291.201199909911
-49.47 -393.3 0.08 5874.309119331525
-78.49 -462.85 0.06 5629.681626310792
-21.62 -205.56 0.08 5872.165298759779
-1.5 -342.4 0.06 5639.112368190448
-48.14 -285.12 0.05 5462.915084714296
-88.87 -427.84 0.1 6038.731676026562
-53.71 -778.75 0.1 6038.731673915445
-218.28 -808.7 0.07 5804.799286394382
-10.88 -149.18 0.09 5962.576040233117
-23.43 -919.69 0.1 6038.731675756583
-46.71 -615.71 0.11 6103.796703236924
-145.92 -513.54 0.13 6209.245132722004
-138.83 -470.25 0.05 5463.885216850165
-79.69 -317.63 0.12 6160.0663940921095
-57.7 -851.77 0.06 5628.59503492835
-3.93 -283.95 0.13 6209.245132721839
-69.38 -355.79 0.06 5631.570921503518
-94.78 -584.42 0.1 6038.731676006417
-110.33 -492.37 0.1 6038.731675723768
-167.63 -720.27 0.1 6038.731676006841
-168.78 -719.71 0.12 6160.066394092111
-94.58 -732.52 0.13 6209.245132721886
-292.32 -921.32 0.05 5471.156696682246
-186.34 -964.98 0.13 6209.24513272265
87.61 -972.78 0.06 4327.678083387943
195.93 -616.62 0.14 3973.779895123039
20.15 -863.08 0.12 4014.480019180233
148.59 -610.23 0.06 4317.527871065566
147.01 -500.66 0.09 4109.347411512419
43.79 -760.66 0.1 4070.9257818217793
59.01 -454.86 0.11 4040.0534238904725
77.09 -777.94 0.09 4109.663349976044
91.11 -653.72 0.11 4040.0486186580283
51.82 -205.12 0.05 4454.858659642187
42.18 -651.1 0.14 3973.7798600539027
105.41 -326.31 0.05 4436.872305562921
83.22 -293.63 0.14 3973.7798616606383
7.98 -236.26 0.11 4040.0465412439758
54.34 -973.69 0.06 4328.523891451709
130.75 -940.05 0.07 4231.962401574798
99.88 -344.14 0.05 4454.912030228298
101.62 -839.78 0.08 4159.19891131238
242.15 -931.44 0.14 3973.779878406184
233.87 -816.75 0.13 3992.732046908871
38.78 -191.79 0.12 4014.4794555025805
16.11 -450.22 0.1 4070.9116411549426
130.47 -570.8 0.14 3973.7799292260943
25.08 -310.28 0.12 4014.479511232796
127.75 -593.13 0.15 3956.9090831861668
164.66 -644.05 0.14 3973.779883499469
135.75 -973.67 0.06 3545.5697965985764
38.19 -695.51 0.06 4315.246362681213
239.81 -744.97 0.07 4232.401331771211
69.87 -749.54 0.13 3992.7318642376335
64.01 -700.44 0.09 4109.911429934784
65.09 -564.85 0.07 4230.280840062929
53.88 -854.42 0.05 4531.525854356957
26.21 -256.97 0.07 4229.216909677876
149.73 -813.41 0.14 3973.779888977041
186.18 -843.5 0.07 4225.48192058781
89.3 -471.17 0.08 4160.972181377134
95.98 -905.46 0.09 4109.693569309259
86.5 -760.0 0.08 4158.8758543533695
11.33 -153.32 0.1 4070.9118629759478
80.54 -856.51 0.09 4109.449065708814
132.46 -790.1 0.09 4109.343177735695
95.14 -319.65 0.08 4158.683662764763
260.42 -871.38 0.12 4014.4825504007426
58.34 -653.18 0.06 4332.0052849682215
131.75 -827.81 0.07 4225.965726109428
104.92 -754.59 0.12 4014.4802212036648
32.0 -297.48 0.13 3992.732375626691
161.02 -555.63 0.1 4070.921803348657
386.41 -572.26 0.07 17318.406278901843
504.31 -805.42 0.13 19051.415281273534
192.26 -584.9 0.06 16777.506102962136
244.31 -596.91 0.1 18362.261417207857
307.9 -750.86 0.09 18059.92984835079
173.68 -394.7 0.11 18623.18301888795
280.43 -501.64 0.14 19231.315553609027
456.41 -632.79 0.13 19054.703678483173
499.47 -774.57 0.09 18059.107902180116
246.38 -605.25 0.08 17738.873562812114
400.65 -881.73 0.09 18060.04086856479
509.1 -755.51 0.11 18623.914352868218
464.78 -724.31 0.13 19051.83026049551
258.68 -479.49 0.11 18622.765096851206
258.75 -502.54 0.12 18850.627477911974
51.25 -102.39 0.09 18059.361163090587
277.16 -719.8 0.1 18366.65350254727
480.9 -861.19 0.14 19231.26767227667
146.99 -414.48 0.1 18362.213842432888
137.96 -412.47 0.07 17334.029897889195
317.43 -557.85 0.1 18370.533215552754
252.52 -445.76 0.06 16777.758679315783
342.47 -870.74 0.05 16229.169437183444
516.79 -777.04 0.13 19054.3232019183
244.16 -377.7 0.07 17321.210497041073
474.41 -749.2 0.06 16815.152422793355
282.71 -752.44 0.12 18851.402190243156
233.83 -681.75 0.08 17710.43812769779
297.83 -793.93 0.15 19390.767297255185
140.27 -256.39 0.07 17315.002027698854
374.43 -682.23 0.07 17324.26316792902
94.46 -273.73 0.13 19054.233994908293
333.22 -767.97 0.05 16142.878100278316
154.97 -422.83 0.13 19053.041896426294
145.24 -279.33 0.11 18622.59979151428
307.96 -703.78 0.12 18851.332911778438
312.48 -760.73 0.06 16777.01871140596
308.36 -358.82 0.09 6552.116549923368
695.47 -564.3 0.08 6568.0258620446875
526.82 -399.05 0.1 6539.718109628289
674.06 -512.84 0.09 6552.400213657504
163.46 -216.99 0.08 6573.597722850084
312.55 -262.64 0.05 6721.6072953849525
307.63 -421.38 0.06 6641.176113646772
576.74 -524.31 0.11 6528.85137697123
653.63 -549.38 0.13 6512.97574768463
650.12 -557.8 0.11 6528.913800556049
447.6 -611.03 0.12 6520.3118249709805
265.96 -352.05 0.07 6591.000138313624
558.52 -421.75 0.11 6528.916571806376
455.68 -582.15 0.08 6569.406532987296
481.61 -662.44 0.13 6512.992885111642
295.3 -260.05 0.06 6605.949905435098
440.28 -418.86 0.09 6553.133338890695
373.79 -362.13 0.08 6568.505199252725
646.68 -539.7 0.09 6555.050643131061
617.7 -562.4 0.11 6528.900141675302
367.04 -381.88 0.06 6611.337022130078
694.6 -578.72 0.05 6725.679578885682
316.91 -432.03 0.06 6674.455350452702
482.03 -605.93 0.06 6672.402101761051
597.64 -781.62 0.12 6520.243798116299
325.63 -240.23 0.1 6539.563344174109
427.01 -315.66 0.07 6589.162264266745
410.52 -410.07 0.06 6605.9965768821785
486.32 -652.3 0.05 6624.421160374375
606.69 -519.47 0.13 6512.977176034243
458.7 -520.02 0.11 6528.982055626766
687.05 -516.86 0.09 6551.945653765033
488.07 -590.14 0.06 6638.830210907915
429.16 -583.47 0.14 6506.866690254657
521.69 -422.26 0.09 6552.991413690463
604.39 -618.68 0.07 6588.729689802321
407.0 -359.81 0.12 6520.247105046292
151.48 -205.23 0.11 6529.151872149974
533.4 -578.4 0.11 6528.929456638701
511.02 -374.46 0.12 6520.223593613391
628.47 -726.59 0.11 6528.972556658169
579.04 -506.4 0.07 6594.633316617699
434.37 -587.34 0.14 6506.866669153926
416.15 -477.51 0.12 6520.251874322275
310.77 -263.38 0.14 6506.8666847459535
552.73 -533.13 0.1 6539.570308228902
609.37 -549.73 0.1 6540.256435858861
177.24 -170.79 0.09 6553.040772763172
500.11 -234.33 0.09 6654.904943738695
425.3 -245.69 0.06 6283.3062248429505
383.97 -174.52 0.08 6553.6914972598715
449.94 -281.77 0.09 6654.9049440381095
672.22 -231.64 0.11 6813.7944954332515
857.78 -298.74 0.1 6740.461339360404
79.08 -41.91 0.11 6813.7944954344475
867.7 -310.32 0.07 6431.905927164525
851.03 -402.98 0.11 6813.794495435615
821.22 -466.54 0.12 6877.379302991003
868.69 -366.76 0.08 6553.691404250654
632.08 -379.23 0.06 6282.217223639427
592.77 -338.93 0.09 6654.904943957172
312.43 -102.26 0.13 6933.04860469714
822.66 -500.87 0.07 6445.70623877947
171.57 -123.3 0.11 6813.794495433287
874.89 -367.79 0.06 6282.307863953623
148.87 -91.35 0.08 6553.691495002153
877.11 -301.46 0.11 6813.79449527977
621.89 -395.23 0.07 6431.912586288643
375.73 -228.6 0.13 6933.04860470432
695.67 -293.17 0.1 6740.4613393579975
213.89 -100.56 0.12 6877.379302987483
224.12 -125.88 0.08 6553.692310672015
57.53 -38.5 0.1 6740.461339363657
553.73 -201.08 0.1 6740.461339362373
773.51 -341.12 0.08 6553.693081231824
130.25 -48.68 0.14 6982.192245375347
77.27 -42.77 0.05 6095.812619879493
582.64 -402.51 0.06 6282.395284152992
588.56 -370.26 0.05 6097.815757592311
347.5 -193.8 0.11 6813.794495433678
584.01 -296.78 0.15 7025.8862691480335
359.72 -183.42 0.15 7025.886269150993
121.63 -43.54 0.11 6813.7944954334125
473.93 -295.66 0.06 6283.96141167112
624.81 -416.97 0.1 6740.461339359693
621.89 -285.48 0.06 6282.302461779962
782.72 -300.83 0.13 6933.0486047054
866.95 -329.26 0.11 6813.794495434167
565.89 -21.85 0.11 2897.2326181220683
734.9 -204.26 0.11 2897.2330426879153
971.48 -104.34 0.08 2990.455145610133
923.3 -37.25 0.1 7252.7599798221345
133.15 -0.32 0.09 4757.624746291249
796.54 -189.82 0.14 2821.0169093866857
622.63 -157.97 0.13 2846.8937569930135
971.36 -100.21 0.05 3232.5453827757965
292.35 -79.6 0.08 2989.7966562667016
735.66 -202.35 0.09 2953.287988196487
549.64 -146.96 0.14 2821.0169093821473
600.22 -152.02 0.13 2846.89375681506
724.38 -126.48 0.13 2846.8937570097078
978.97 -62.87 0.1 2923.650789505756
976.18 -105.3 0.15 2793.931036851207
622.21 -72.26 0.14 2821.01690938685
256.04 -29.94 0.14 2821.016775785526
728.01 -68.11 0.05 3326.4540436348516
523.65 -153.94 0.13 2846.8937568678975
762.83 -156.88 0.07 3043.7648010384573
374.27 -46.62 0.08 2990.321996192256
85.94 -19.99 0.14 2821.0169093883383
737.02 -179.25 0.1 2923.651668932885
987.41 -51.99 0.06 3113.2308587781554
744.54 -32.69 0.06 3130.9630994650324
918.23 -46.91 0.07 2939.4037416744122
534.06 -160.79 0.11 2897.233277587698
471.61 -49.52 0.14 2821.0169093853156
315.59 -67.01 0.07 3042.049320891004
650.51 -192.04 0.14 2821.0169093894815
989.13 -109.92 0.1 2923.647992057436
756.68 -166.16 0.07 3039.123954988095
934.28 -83.3 0.1 2923.6480728652227
656.19 -146.75 0.08 2989.8618141086317
659.37 -180.85 0.1 2923.6493345957697
594.43 -33.86 0.11 2897.232600555796
862.19 -79.09 0.06 3136.893239706762
513.5 -100.1 0.05 3261.459817969331
782.74 -214.67 0.11 3268.1860599788224
909.15 -240.43 0.1 3415.736546402735
867.25 -0.01 0.12 2872.0477376039817
563.48 -13.15 0.09 2953.2835498396007
888.18 -198.66 0.08 2989.7768866759425
386.44 -8.55 0.1 2923.648671170575
643.49 -146.44 0.11 2897.2330003401694
172.03 -5.54 0.11 549.30265431728
