0.0 0.0
899.4 25.32 0.13 6225.324859109673
187.51 4.8 0.13 6229.187365171851
351.24 7.57 0.07 6146.7399817791265
785.48 195.88 0.07 6144.157633458712
768.88 35.91 0.1 6196.0432930068
750.63 104.51 0.08 6165.753431353653
919.98 36.45 0.14 6232.947947097691
680.53 163.29 0.07 6150.209018719969
423.32 26.27 0.11 6207.209293630183
857.86 223.27 0.08 6165.873240092031
842.81 81.29 0.12 6216.921274694882
435.82 25.32 0.15 6434.414491292915
226.78 58.08 0.11 6207.294238593386
609.04 130.49 0.11 6207.290903828523
598.67 181.05 0.08 6165.839796931892
856.25 251.14 0.06 6117.012697966249
617.47 78.87 0.1 6196.026537652937
928.57 36.83 0.12 6216.920606810991
939.25 41.45 0.06 6116.480191183957
534.48 141.71 0.14 6232.807550171752
887.56 249.49 0.07 6146.148595334305
622.69 177.26 0.1 6195.96156852398
867.8 26.39 0.1 6196.013775688551
701.63 44.37 0.08 6165.49895520656
889.52 64.16 0.14 6240.354294053679
768.13 232.62 0.08 6165.809002144517
761.65 158.01 0.1 6195.955034289211
133.42 18.59 0.14 6233.718883650032
455.22 125.94 0.1 6195.959440577368
330.13 6.15 0.05 6125.719330085826
520.21 39.65 0.12 6216.92034324086
324.18 21.06 0.1 6195.997477118922
958.49 34.02 0.14 6232.804608340928
576.61 131.19 0.06 6123.673249031602
464.37 50.91 0.14 6232.818635222862
320.47 79.45 0.13 6225.324612572014
264.48 64.87 0.14 6363.5096875272875
646.61 6.15 0.14 6232.804634122487
948.69 304.28 0.12 6216.952524379286
713.17 72.58 0.06 6136.784924132913
376.12 1.52 0.11 6207.28081870345
826.42 73.58 0.09 6182.680305754109
366.14 121.7 0.07 7210.557318848253
533.22 231.35 0.09 7322.721248567435
439.22 251.3 0.07 7210.3609745352505
226.0 147.26 0.13 7455.121416736107
239.44 95.1 0.14 7476.913616669581
646.17 357.75 0.1 7364.236976478655
806.86 531.82 0.05 7034.127257006832
522.31 188.7 0.11 7399.048838015983
174.48 104.13 0.05 7032.581175846933
493.33 168.22 0.11 7399.069367520661
492.3 269.31 0.08 7274.910298551906
212.62 147.41 0.08 7274.457818813609
391.31 127.85 0.08 7273.390831710206
882.87 408.25 0.11 7399.069872464922
631.46 406.75 0.1 7364.34036232699
773.22 460.78 0.12 7429.0405213768845
787.79 561.07 0.08 7273.288692078613
683.78 314.05 0.12 7428.768567064389
808.29 498.66 0.06 7156.858822389671
827.33 412.4 0.07 7216.604910950884
892.34 388.87 0.11 7399.10417246905
863.44 502.92 0.11 7399.082170337243
765.62 554.82 0.13 7454.711608230118
609.87 276.32 0.13 7454.458329623983
429.57 160.25 0.07 7211.85277136816
507.48 331.21 0.1 7364.281582656209
855.87 436.68 0.13 7454.696100159574
663.52 447.2 0.14 7477.070272566413
830.26 396.27 0.13 7454.464650686965
784.28 454.58 0.13 7454.4572395402065
880.64 336.56 0.07 7213.736760355718
913.79 389.07 0.11 7399.049007367973
898.21 303.07 0.06 7134.58525861576
799.37 375.28 0.11 7399.058334053332
768.25 422.81 0.14 7477.187940332467
558.06 332.24 0.13 7454.457941828318
306.32 219.66 0.07 7210.829656664817
451.65 278.58 0.1 7364.325844379713
341.45 234.86 0.16 7519.414039879477
664.22 324.09 0.14 7479.164758195432
55.83 21.01 0.12 7428.9834043282945
591.68 594.77 0.1 8481.022247085511
415.01 380.4 0.13 7859.026544292257
229.01 218.77 0.06 9461.918454726694
234.91 305.21 0.12 8180.619208771742
468.45 582.58 0.12 8255.311913226673
205.79 248.73 0.12 8326.548893054216
596.34 561.16 0.08 9193.249881583957
703.77 696.38 0.07 9416.62364366889
223.88 192.5 0.06 9637.269545489768
611.14 720.1 0.12 8568.337240990324
331.07 382.35 0.14 8289.091855578143
773.74 580.84 0.1 9045.444943952214
694.74 638.71 0.11 8945.03414702908
599.31 758.83 0.07 9635.94671311941
235.91 306.03 0.06 9799.691937068103
459.34 497.38 0.06 9858.957618785686
788.89 612.51 0.06 9879.61766295618
317.51 315.39 0.09 9457.877484640432
300.75 407.4 0.08 9631.409655400183
595.11 443.58 0.08 9665.940070911049
641.94 554.47 0.14 8908.777688697453
625.95 605.8 0.12 9255.774609703738
329.96 425.38 0.09 9678.0146940988
410.47 436.24 0.15 9050.47442719434
111.72 90.4 0.11 9423.844639658773
297.39 270.72 0.07 10067.868466512155
603.08 571.26 0.1 9810.212898215756
580.9 776.99 0.1 9706.138084907305
680.18 605.66 0.06 10263.82769010506
381.9 472.04 0.15 9586.519668389472
619.98 586.8 0.1 9997.210707751083
368.47 351.6 0.07 10061.503376857094
395.48 360.34 0.08 10123.884345729519
515.39 465.39 0.1 9513.83316754167
652.57 564.27 0.08 9759.32957046339
666.84 495.47 0.07 10309.14656912913
567.08 669.57 0.09 10325.899943017039
269.3 342.0 0.12 9959.575457390049
112.68 188.69 0.07 9140.09680786791
132.15 345.97 0.06 9053.962263019112
204.79 480.1 0.15 7400.841943739998
399.97 809.27 0.05 8910.678855182723
486.28 869.53 0.05 8925.314241781118
187.4 542.33 0.2 6585.066887660367
326.38 577.05 0.12 8323.03387786097
296.29 806.91 0.14 7998.663749629588
287.75 710.53 0.08 9186.357640631919
318.66 465.09 0.1 8897.115059338514
255.6 676.45 0.1 8948.990300180383
428.71 705.26 0.08 9212.082224915937
97.58 135.42 0.15 8195.193974951895
82.46 195.39 0.13 8607.471212776076
369.69 820.81 0.09 9273.16518335183
218.64 350.9 0.06 9053.96049035819
100.54 200.27 0.17 8206.761274487471
511.6 719.56 0.12 9055.709161113218
376.28 801.93 0.09 9009.695383104026
374.5 732.68 0.14 8935.655384868998
133.74 379.52 0.1 9245.464802941344
390.09 760.02 0.13 8500.2954041381
368.28 681.49 0.11 9222.046804615251
477.86 702.97 0.11 9143.723190728542
300.39 469.32 0.14 9398.610064427181
332.22 695.58 0.07 9155.197014894673
419.12 602.35 0.14 9443.6038565944
335.93 642.33 0.13 8689.958581199146
316.81 687.99 0.11 9155.397318320984
479.81 865.95 0.1 9346.909614588294
193.72 434.69 0.18 9256.73962471987
218.74 544.13 0.14 9355.668103733624
278.47 640.66 0.18 9474.062420596136
115.68 305.14 0.13 9450.346036533401
42.46 63.92 0.1 8835.93863820982
314.14 779.93 0.1 9213.9080696487
42.93 864.03 0.05 9626.228480682286
118.5 786.16 0.23 5636.974059408876
184.52 823.8 0.15 7547.463240991068
187.47 718.59 0.11 8459.060963689048
63.02 939.35 0.07 9334.14498729715
1.74 548.45 0.06 9565.268520862115
0.11 287.55 0.23 6329.306350011857
109.97 918.21 0.12 8517.446404132026
91.93 651.56 0.23 6694.038411906485
18.7 551.85 0.06 9747.503493505088
44.17 410.88 0.1 9097.820593823279
36.43 639.08 0.06 9639.569549991877
83.97 989.99 0.17 8082.5701078620295
136.02 514.25 0.13 8831.522398357587
233.63 759.92 0.08 9631.256368389795
88.75 399.82 0.06 9946.164246816046
84.58 988.1 0.08 9693.236663427819
216.06 668.99 0.05 10123.374729263407
165.83 840.73 0.18 8587.539151059063
70.45 402.38 0.13 9296.124800603713
108.28 416.75 0.11 9585.51765855344
102.57 568.17 0.11 9648.481300150157
39.53 540.17 0.11 9579.24667038397
9.26 908.63 0.09 9937.378334467943
52.31 214.98 0.11 9677.223201477367
104.16 801.51 0.1 9657.663881944722
32.62 619.97 0.14 9362.955694166849
173.98 663.74 0.1 9922.300789280174
39.26 968.79 0.06 9923.096345025853
202.39 645.38 0.1 10011.454495822449
46.65 301.64 0.12 9881.144167225246
217.85 862.53 0.06 10248.680007083356
-8.96 312.76 0.05 7262.667072365472
-11.39 936.57 0.08 7381.518203634486
-90.2 585.07 0.11 7491.586285476913
-0.76 859.26 0.07 7328.302873020126
-76.3 742.12 0.06 7288.009162931732
-192.06 807.26 0.09 7425.3689186071115
-91.45 531.19 0.11 7480.010791039809
-173.16 568.6 0.09 7425.829211426143
-75.86 568.96 0.11 7491.567524232129
-5.31 628.5 0.05 7169.738911812507
-63.31 372.79 0.13 7539.558265303518
-21.53 342.95 0.1 7461.412669276553
-73.98 749.98 0.1 7461.262378431469
-117.79 918.12 0.07 7327.539473998221
-215.6 911.21 0.15 7578.116643667681
-11.66 233.57 0.08 7381.419319431057
-125.52 719.97 0.12 7517.319571590726
-298.33 952.07 0.05 7173.31608787882
-12.33 982.67 0.16 7665.2198373631
-12.03 589.14 0.06 7267.028240889066
-104.49 415.71 0.08 7382.1553652965595
-130.5 944.11 0.06 7265.9373328032325
-71.96 833.22 0.14 7559.058803399785
-28.61 699.1 0.06 7276.021282918846
-49.76 295.06 0.14 7559.339108055131
-64.32 453.36 0.1 7457.407652411739
-60.56 504.18 0.08 7381.31230535993
-229.69 767.91 0.07 7338.2229421807915
-87.51 738.49 0.15 7581.917805212128
-11.03 432.51 0.11 7491.544808952784
-25.41 122.31 0.12 7516.559345511634
-128.14 872.65 0.07 7327.081762802216
-276.38 932.05 0.09 7426.462205390548
-133.94 722.51 0.13 7539.55986003603
-125.65 966.69 0.09 7426.122567597098
-50.68 225.67 0.15 7526.902241156076
-47.04 161.19 0.08 7383.971996131262
-109.55 444.47 0.07 7337.859536019485
-96.64 533.09 0.12 7504.155756814809
-77.73 492.26 0.14 7557.572132461949
-234.83 860.24 0.15 7572.885319348668
-206.89 753.99 0.11 7491.573687539419
-35.17 590.84 0.06 7277.474143890426
-420.99 867.11 0.12 8006.300370180744
-166.79 301.31 0.08 8977.025430287742
-374.53 516.04 0.15 7470.821392121267
-106.4 150.18 0.06 9487.599845233879
-371.36 868.5 0.1 8670.295157182505
-282.92 594.83 0.06 9539.780802996569
-135.6 192.11 0.05 9755.730948959193
-401.86 567.77 0.11 8589.271381222585
-303.75 870.07 0.05 9684.54507596937
-477.38 861.56 0.06 9636.027991356552
-299.43 679.67 0.06 9656.565860082837
-188.12 518.4 0.06 9675.474953243182
-53.5 76.85 0.05 9737.629810839777
-329.87 570.57 0.09 9184.49498504589
-230.09 430.58 0.1 9067.216195035347
-528.39 819.21 0.1 9134.355419776564
-271.06 705.16 0.08 9373.65591024355
-319.22 642.93 0.1 9227.312785306754
-299.55 669.82 0.12 8966.681179393336
-305.6 839.11 0.08 9610.433526539668
-431.04 855.08 0.06 9928.502336064543
-266.77 764.71 0.1 9387.026899262757
-240.58 541.76 0.09 9544.90400586963
-315.17 604.64 0.12 9229.30864586788
-316.07 669.52 0.1 9515.283827130635
-371.91 789.34 0.13 9272.44645050847
-301.65 581.53 0.07 10004.235697651684
-420.07 852.74 0.13 9416.2263365043
-378.95 738.64 0.1 9571.395157334468
-350.51 923.57 0.05 9756.414801837727
-322.63 483.42 0.12 9699.840821288539
-196.45 382.35 0.11 9313.514462608262
-209.97 336.93 0.1 10006.648080609022
-457.26 744.72 0.06 9950.096083429908
-305.15 772.57 0.07 9973.048205434752
-454.99 866.34 0.08 9584.451553994993
-242.64 434.04 0.11 10140.174859673574
-365.72 540.79 0.12 9668.917117547495
-206.39 399.71 0.07 10152.041692042025
-218.02 485.8 0.14 10224.389247627198
-417.39 660.61 0.14 9791.193091661178
-625.46 667.87 0.06 9398.230806424293
-770.02 581.46 0.07 9185.3670167257
-179.6 193.0 0.14 7676.062195320955
-404.56 384.41 0.06 9480.768285489265
-405.85 369.01 0.08 9069.040922945313
-572.74 549.07 0.07 9308.616675830486
-412.31 458.23 0.06 9540.679209074615
-252.41 316.17 0.14 7971.105910716869
-241.39 251.97 0.11 8626.117896334297
-478.26 491.37 0.13 8282.951670952485
-526.0 659.24 0.06 9658.592295317303
-341.36 268.69 0.06 9681.82868284545
-302.44 416.14 0.06 9585.716256501371
-601.43 650.86 0.11 8863.286322671354
-735.11 615.45 0.15 8280.139257752038
-529.13 430.09 0.06 9740.527588128356
-649.47 570.41 0.05 9495.249595789524
-200.77 239.02 0.1 9255.916873688097
-297.29 291.69 0.13 8860.686623124406
-415.46 486.09 0.05 9494.67584343384
-292.44 295.66 0.15 8759.637088139538
-228.59 237.56 0.13 9091.304785752796
-673.41 656.43 0.13 9190.83769254334
-496.04 475.03 0.11 9490.197944361655
-222.71 291.84 0.08 9883.631714498952
-517.44 564.19 0.07 9926.512508477244
-511.65 572.92 0.08 9950.095058868961
-446.44 572.34 0.07 9925.400152722481
-473.1 438.63 0.12 9432.356841828074
-555.03 715.08 0.09 9972.950597630064
-528.86 445.43 0.08 9961.99571329962
-607.65 481.2 0.15 9200.315356071846
-592.67 667.62 0.13 9729.956894564017
-246.98 302.95 0.08 9673.77780135222
-124.88 137.84 0.08 10069.914128411132
-689.59 545.65 0.1 9945.897686593315
-512.22 450.11 0.1 10022.522674970007
-711.43 648.76 0.08 9945.117427733097
-342.56 445.88 0.13 9689.892915221713
-484.52 498.59 0.08 9948.000932994633
-652.72 356.72 0.12 8013.94469079571
-116.98 50.02 0.08 8978.987743354857
-890.98 327.63 0.1 8588.349206846307
-620.95 305.64 0.08 9060.584355324516
-541.65 342.67 0.08 9089.624842146399
-571.15 387.69 0.1 8700.689086621704
-674.63 399.2 0.06 9557.456816740943
-362.01 123.17 0.11 8570.656205497664
-116.74 60.2 0.16 7705.718931637955
-803.33 406.48 0.09 9119.534261464012
-813.3 289.21 0.12 8606.118379286912
-256.04 91.63 0.08 9381.38122760276
-742.59 522.6 0.08 9422.073339367436
-756.74 467.01 0.11 8956.26444799526
-380.17 236.33 0.07 9657.180269212811
-340.36 134.96 0.08 9522.297550583298
-367.66 207.45 0.13 8789.753151751356
-483.89 301.72 0.06 9889.426226687596
-552.87 246.02 0.08 9618.83586569794
-855.53 498.46 0.08 9655.984406253336
-803.74 325.42 0.12 9142.298824158275
-521.56 376.16 0.11 9352.501888245672
-777.22 455.92 0.11 9173.909788903075
-771.58 502.58 0.1 9605.947449159654
-570.49 370.93 0.11 9546.173620357262
-676.62 444.42 0.08 9917.968003444676
-462.03 297.75 0.07 9740.275688256717
-832.42 385.23 0.07 9816.782118542644
-542.18 384.42 0.06 10185.46217780996
-464.54 334.85 0.06 10132.870101181275
-629.26 365.43 0.13 9344.445838535485
-800.07 279.38 0.06 9873.571048043665
-217.35 94.84 0.1 9150.006500769437
-658.96 464.18 0.08 9400.220967302244
-820.04 281.74 0.11 10028.024071340264
-543.19 180.98 0.18 9703.542396374989
-714.31 460.41 0.17 10026.004171711938
-623.21 245.0 0.15 9600.032402887198
-731.67 429.4 0.13 9820.789341088255
-789.16 39.65 0.1 7414.7668166247895
-976.44 86.16 0.08 7308.457867036257
-237.23 60.3 0.1 7414.7318916279855
-139.0 30.91 0.14 7544.711292246828
-733.16 162.82 0.11 7455.206480118559
-867.24 121.14 0.09 7366.410065498133
-659.92 173.51 0.12 7489.518087407169
-426.76 7.03 0.11 7455.2284186502375
-546.74 99.87 0.07 7235.978288260795
-891.66 58.04 0.09 7366.337883642574
-874.56 185.61 0.09 7366.350204218953
-654.01 133.0 0.09 7366.749401420765
-627.39 28.58 0.11 7455.205813334005
-925.84 95.1 0.09 7366.322819670373
-710.38 139.76 0.13 7519.002699499171
-724.87 115.17 0.13 7518.975115690974
-744.47 81.43 0.1 7414.77196713149
-712.65 164.9 0.07 7235.011922311705
-190.19 28.12 0.06 7143.659895188701
-79.1 22.81 0.12 7489.517712961959
-753.92 133.93 0.09 7366.368613433297
-924.44 271.71 0.14 7544.542988068384
-578.75 59.7 0.06 7147.999920769584
-553.02 31.34 0.13 7518.974911736772
-557.24 99.39 0.13 7519.005225017485
-925.28 60.35 0.13 7518.975093501111
-592.36 69.89 0.1 7414.735387466727
-225.65 31.6 0.06 7146.422115083359
-636.58 87.99 0.13 7519.82556239446
-758.27 189.42 0.13 7518.975839213529
-838.56 245.06 0.08 7307.622559642579
-651.22 140.71 0.06 7148.5074298084655
-947.09 64.38 0.14 7544.566784399924
-722.89 195.25 0.09 7366.507531809341
-937.73 147.08 0.05 7036.030375598135
-903.7 90.1 0.14 7544.5429377519995
-923.4 35.56 0.05 7090.045940769702
-525.79 61.37 0.15 7567.940237190396
-828.72 227.73 0.13 7519.524712285789
-826.4 259.49 0.07 7234.8931995964585
-529.74 97.27 0.11 7455.204405315898
-513.43 -44.2 0.14 7558.9168015079695
-835.26 -179.74 0.08 8983.919197879613
-804.06 -14.33 0.1 8553.38264732269
-555.73 -98.2 0.07 9251.055224526313
-871.27 -228.14 0.06 9492.981809317704
-697.58 -61.69 0.15 7580.520621358457
-17.12 -2.12 0.12 8312.293672600725
-354.9 -54.81 0.07 9376.918611819787
-441.95 -23.77 0.06 9598.4267315186
-888.96 -150.07 0.12 8467.599861016193
-566.28 -17.32 0.07 9469.944962150013
-742.58 -135.0 0.06 9678.410798736264
-576.28 -96.36 0.1 8980.237957434929
-489.03 -60.85 0.07 9555.982930088181
-291.81 -89.76 0.13 8555.84153339797
-415.51 -82.92 0.09 9283.938034151948
-849.98 -210.46 0.06 9813.844611191711
-561.1 -134.91 0.12 8906.822385027663
-955.73 -271.15 0.09 9415.82629332568
-887.01 -178.91 0.06 9897.623834566599
-788.41 -33.11 0.05 9709.618858363574
-658.72 -76.1 0.09 9514.960988652549
-778.49 -119.34 0.09 9543.219269007088
-734.88 -3.7 0.07 9836.956664805319
-810.56 -87.28 0.08 9498.209008316026
-812.85 -96.25 0.06 9932.04655253327
-710.06 -144.86 0.09 9696.301677889445
-511.68 -91.92 0.1 9616.622297514856
-95.93 -3.94 0.12 9468.08592015064
-331.21 -95.07 0.08 9598.875998724834
-409.29 -81.09 0.12 9591.794179773116
-550.01 -63.44 0.14 9493.242676907927
-116.75 -28.74 0.11 9841.232269202246
-320.57 -86.13 0.08 9751.881093447577
-958.32 -281.56 0.12 9903.123076515561
-776.08 -71.97 0.12 9986.243447589492
-725.07 -182.57 0.09 9840.528032671973
-792.26 -152.28 0.16 9946.748436343332
-734.47 -84.9 0.1 9962.078448493463
-583.33 -231.21 0.08 8934.257480303226
-715.08 -264.81 0.08 8960.851407647364
-116.16 -53.1 0.15 7467.134078721738
-702.24 -326.69 0.16 7396.9815593586245
-833.96 -524.98 0.08 9130.361476120575
-627.1 -211.85 0.06 9565.517514326082
-555.91 -204.27 0.11 8567.86016090019
-226.74 -85.15 0.14 8067.593509345232
-818.64 -570.95 0.09 9096.629200465642
-413.23 -208.28 0.1 8950.884189125209
-471.19 -267.15 0.1 8998.713929506535
-545.85 -185.12 0.06 9739.83766339005
-177.47 -88.94 0.1 9085.959678033738
-383.66 -196.26 0.07 9627.839325203022
-666.29 -312.68 0.11 9004.940025302045
-479.15 -286.51 0.09 9367.881704482377
-316.99 -133.62 0.14 8648.151589304212
-506.3 -304.45 0.05 10045.79732168063
-346.59 -143.75 0.14 8782.942389155824
-405.62 -285.74 0.05 10092.426080727175
-788.87 -378.54 0.07 9840.292999472822
-826.82 -320.12 0.05 10011.667823353457
-704.58 -429.56 0.12 9258.68103455276
-450.29 -309.18 0.05 10170.168666960571
-748.25 -351.18 0.08 9828.213952617069
-577.73 -239.68 0.07 9978.430072273037
-430.9 -149.87 0.1 9667.477572097998
-758.16 -310.89 0.1 9261.082056291163
-697.46 -434.14 0.08 9968.146442467554
-673.26 -304.95 0.09 9797.08545281379
-713.31 -428.07 0.16 9286.050595046596
-828.63 -527.23 0.12 9683.279142498659
-299.29 -128.95 0.09 9736.988017801188
-591.27 -225.28 0.14 9908.451088188687
-691.74 -361.52 0.06 10141.010504531776
-633.95 -288.2 0.08 10231.728569776478
-517.9 -190.21 0.14 9485.405461514772
-771.66 -315.81 0.07 10501.361847584638
-297.87 -370.97 0.05 9119.728637938448
-562.02 -606.8 0.13 7828.8015243705495
-500.48 -405.45 0.05 9105.746739574868
-405.75 -323.6 0.07 9249.776008087258
-253.46 -268.48 0.07 9275.123465593795
-334.52 -345.03 0.1 8670.17203230804
-743.05 -599.77 0.06 9434.569059125655
-381.94 -496.74 0.1 8764.011523146528
-299.22 -262.96 0.09 8997.833222440766
-460.67 -426.06 0.09 9046.846850375034
-439.59 -500.2 0.06 9440.607246677902
-622.24 -781.24 0.06 9434.479051623608
-287.42 -312.63 0.13 8441.360446499837
-590.97 -465.99 0.06 9443.39460087265
-574.85 -655.15 0.12 8716.238273813004
-529.44 -415.17 0.08 9448.89715725548
-198.92 -159.69 0.09 9336.033271593946
-315.16 -420.68 0.09 9375.023968777206
-538.68 -614.48 0.06 9441.370160048209
-524.25 -661.54 0.08 9599.993176713819
-176.79 -219.44 0.09 9498.816435869241
-527.52 -518.86 0.14 8895.564115562745
-494.01 -639.11 0.09 9619.863455210576
-463.86 -480.1 0.07 9711.832615667567
-504.89 -453.77 0.08 9688.080104584258
-273.13 -352.81 0.09 9748.235604368676
-580.24 -685.43 0.17 8934.659698738395
-621.0 -656.15 0.1 9753.619618596793
-509.96 -698.01 0.12 9626.487477860457
-577.71 -503.78 0.09 9966.68768046877
-480.4 -532.36 0.13 9673.715249088165
-456.58 -550.37 0.07 9690.531176944562
-453.99 -584.85 0.06 9451.089834653729
-534.45 -429.3 0.11 10005.494552022392
-592.56 -796.17 0.12 10025.022322887453
-301.83 -232.92 0.1 10223.498014718385
-562.84 -754.14 0.09 10100.359281347173
-548.97 -588.18 0.12 10161.273764524894
-478.0 -372.79 0.08 9816.167111966708
-350.63 -661.73 0.15 7357.366591026199
-515.73 -756.39 0.08 8987.19773478189
-316.49 -519.18 0.11 8357.318661739406
-561.79 -795.01 0.14 7792.0022077090625
-254.13 -638.89 0.12 8293.791117602312
-517.39 -837.44 0.13 8163.05442655357
-380.67 -846.13 0.08 9204.610433511212
-401.75 -768.73 0.08 9236.76716706975
-208.52 -489.65 0.11 8722.202362639922
-427.35 -788.98 0.11 8772.006219464813
-185.14 -519.26 0.09 9177.58748411492
-128.43 -309.28 0.09 9220.390260106902
-321.41 -790.78 0.1 9109.470035204797
-84.55 -204.65 0.1 9167.364235707526
-354.59 -844.32 0.14 8655.06196460067
-342.92 -578.72 0.07 9753.475958343337
-497.43 -723.68 0.1 9364.8345049719
-265.72 -669.44 0.07 9816.988960698473
-435.74 -838.07 0.06 9975.075240876278
-226.79 -597.81 0.12 9211.747104113256
-334.88 -900.03 0.09 9668.438634005424
-285.5 -608.42 0.07 9947.783552200332
-265.84 -499.28 0.08 9860.494189969502
-344.23 -604.39 0.1 9676.135976961
-355.65 -522.69 0.09 9827.176742572743
-241.36 -475.79 0.05 10276.913891797572
-358.89 -665.58 0.06 10191.522095193446
-194.7 -529.85 0.06 10209.773031418961
-408.07 -745.56 0.06 10230.65011462781
-179.94 -402.82 0.09 10000.474235544556
-228.28 -555.12 0.09 10045.897826173144
-427.88 -682.0 0.06 10323.648409004914
-31.03 -183.38 0.12 8012.207563878203
-8.16 -740.21 0.16 7154.496765167272
-180.19 -922.18 0.17 7069.771973703191
-125.03 -635.05 0.13 8022.109984500881
-44.69 -704.52 0.13 8059.613076202031
-70.64 -854.61 0.07 9342.922241971728
-85.49 -894.17 0.07 9363.03398974248
-168.37 -520.74 0.12 8413.51940013098
-151.86 -929.13 0.08 9235.196457114436
-83.57 -387.91 0.06 9649.864845055023
-183.93 -843.02 0.15 8044.807627705112
-40.24 -658.03 0.06 9717.9204409881
-17.71 -842.61 0.07 9554.036795225178
-108.45 -751.62 0.09 9252.893950696689
-188.76 -717.89 0.06 9681.42122260356
-91.61 -443.84 0.05 9962.321095165242
-102.96 -555.43 0.09 9147.200855544444
-141.93 -473.71 0.1 9245.867943776982
-99.1 -557.45 0.15 8618.74373877606
-147.56 -565.72 0.07 9801.717813815565
-46.77 -707.02 0.09 9393.865837264459
-130.62 -793.38 0.1 9481.019713009002
-234.21 -814.88 0.12 9081.177717838433
-116.74 -837.94 0.13 9268.48861954351
-187.91 -704.37 0.07 9690.490368354675
-136.41 -703.29 0.05 9939.265629853478
-2.59 -866.3 0.06 9887.60043580086
-24.21 -389.36 0.11 9678.872446801714
-58.99 -655.69 0.15 9383.45144849177
-115.53 -725.62 0.07 10088.945651592045
-176.6 -544.0 0.14 9634.975527984787
-90.7 -358.54 0.07 10125.618737746801
-130.69 -494.48 0.14 9782.482949009649
-72.95 -684.94 0.08 9520.27853790454
-20.98 -965.77 0.12 9723.113638437113
-10.96 -473.96 0.05 10147.525879444627
-143.15 -922.17 0.06 9904.334846062622
-31.02 -187.85 0.08 9817.044563120013
-256.49 -889.95 0.05 9824.877749440193
-128.45 -855.81 0.12 9475.714164205829
18.49 -255.13 0.09 7886.169269328639
132.83 -817.01 0.08 7784.4405618729115
299.68 -937.47 0.12 8111.759495166616
115.77 -435.33 0.09 7886.1672539909105
78.5 -279.95 0.09 7886.20407367346
6.78 -846.13 0.06 7530.662203117904
97.32 -451.67 0.13 8168.086234575997
173.59 -918.83 0.06 7525.035407794704
116.47 -758.51 0.07 7663.39408599172
189.09 -920.43 0.12 8111.633864368077
31.6 -490.34 0.09 7886.3140834675105
79.93 -462.5 0.07 7664.97836719444
120.26 -402.29 0.06 7523.402379010098
3.04 -474.13 0.15 8265.143824467574
171.13 -554.18 0.11 8047.004855144263
15.54 -123.51 0.1 7972.679885811211
201.05 -658.4 0.15 8261.831621440202
174.53 -906.35 0.13 8168.141703595027
88.94 -657.98 0.11 8047.004648003284
31.29 -603.83 0.11 8047.0028252229295
120.81 -830.4 0.08 7784.503094342419
45.42 -796.8 0.13 8167.820575381584
191.81 -718.49 0.08 7785.3664895274305
150.7 -540.4 0.1 7972.710778587248
122.11 -787.65 0.13 8167.796149679166
216.66 -903.94 0.08 7784.589636791074
46.88 -856.09 0.11 8046.993828721924
61.6 -971.11 0.11 8047.265085618679
214.38 -897.27 0.13 8167.796082376034
210.73 -868.6 0.14 8217.416192108722
196.64 -822.59 0.09 7886.186306921232
188.25 -727.9 0.08 7784.37941052978
34.26 -495.84 0.13 8167.796215332126
29.25 -686.18 0.09 7886.186201698416
37.5 -782.58 0.1 7972.70225927408
266.94 -944.13 0.12 8111.45065925145
105.51 -724.69 0.07 7664.959903722858
33.72 -637.38 0.09 7886.21563966708
98.14 -782.96 0.11 8046.998711534008
441.07 -637.2 0.11 8244.567927210708
278.86 -680.47 0.13 7862.708066425449
214.36 -502.2 0.14 7729.947749273858
138.77 -286.65 0.12 8242.518243585215
226.66 -669.97 0.1 8719.013381733492
474.17 -731.41 0.1 8777.787155747657
71.44 -208.65 0.11 8655.386765453151
321.08 -508.88 0.11 8709.414968846615
174.24 -427.75 0.09 9117.547917160577
136.5 -381.87 0.11 8806.47592550718
108.24 -305.81 0.11 8859.534917570869
306.71 -476.59 0.14 8433.358474452678
480.06 -724.93 0.08 9477.32037802836
167.0 -319.82 0.11 9051.442603832182
373.13 -705.12 0.09 9411.083305744141
262.99 -524.94 0.05 10041.331210540076
213.29 -301.47 0.08 9622.000288187914
124.29 -191.41 0.05 10076.4987551883
376.36 -699.43 0.06 9955.460773915054
265.45 -587.5 0.08 9703.859018802461
305.81 -844.21 0.06 9999.86883711725
221.52 -567.05 0.05 10148.876981571002
250.59 -482.99 0.09 9680.723524143606
227.7 -393.53 0.06 10076.917627337516
182.19 -316.75 0.08 9866.684713270244
487.98 -693.47 0.07 10019.323267417529
335.07 -569.7 0.08 9942.648289005261
61.49 -47.87 0.05 7905.226095129377
659.31 -548.28 0.12 8058.084323624929
279.96 -268.3 0.08 8229.441718007749
555.99 -762.14 0.08 8233.452136883121
510.26 -519.04 0.07 8147.857598309351
551.94 -698.24 0.13 8110.956031126792
732.96 -586.99 0.07 8147.017106269154
498.31 -456.83 0.12 8446.249449752424
611.83 -659.2 0.07 8155.878955493017
552.97 -452.32 0.05 7989.952504926685
248.3 -204.32 0.05 7956.192149453194
129.38 -164.2 0.11 8414.196330970413
300.23 -222.56 0.14 8385.542490542264
189.67 -213.69 0.05 7944.353659392475
699.95 -531.34 0.08 8229.535514087796
427.68 -312.95 0.14 8519.163236785174
594.45 -541.07 0.13 8496.96134714635
497.48 -498.66 0.12 8458.519659437385
489.23 -664.89 0.1 8362.53209813005
378.58 -307.5 0.12 8458.51090085385
403.92 -364.95 0.16 8585.94567220833
679.53 -530.65 0.12 8458.554986688581
500.61 -607.75 0.09 8300.000986211619
599.42 -466.75 0.14 8294.000278815958
475.58 -402.44 0.17 8609.75024506544
348.24 -261.34 0.15 8559.935640244701
574.55 -475.69 0.18 8630.717367793904
333.97 -434.76 0.1 8362.875278901613
561.43 -498.99 0.08 8233.103617714403
583.34 -466.07 0.16 8541.417390417935
603.58 -641.24 0.1 8362.445534565102
525.71 -629.62 0.07 8151.342158018007
431.38 -322.92 0.12 8458.521252771367
382.57 -289.6 0.13 8496.957880267883
510.14 -433.74 0.08 8230.31121033318
389.1 -382.51 0.1 8362.864869232464
256.62 -332.12 0.18 8621.245322534294
395.76 -430.92 0.14 8530.48671366809
655.85 -400.46 0.1 7488.201792215688
653.12 -440.49 0.07 7338.746285799447
859.51 -369.69 0.13 7573.441843727403
849.06 -324.33 0.13 7573.4428538591455
677.8 -468.58 0.05 7168.407936788322
254.09 -120.75 0.08 7400.019296215249
470.41 -210.43 0.08 7398.619938826569
814.79 -507.17 0.07 7338.212093649525
862.43 -350.66 0.07 7346.742949961925
568.33 -191.04 0.08 7399.185274427764
828.83 -537.65 0.14 7593.794535879632
712.8 -495.24 0.12 7549.665687564095
835.63 -300.55 0.15 7611.687584941962
665.31 -388.99 0.13 7573.442301996767
886.08 -340.22 0.13 7573.433669282628
720.72 -463.43 0.06 7263.553282701778
753.39 -495.23 0.06 7267.521011668112
437.41 -297.72 0.05 7248.373380227733
303.51 -185.19 0.06 7292.449022368587
746.23 -328.19 0.12 7549.6658580962885
762.18 -400.26 0.07 7337.782199804775
432.16 -170.9 0.12 7549.669703009937
557.93 -237.43 0.06 7261.109920854678
484.72 -233.04 0.07 7340.130595125609
734.61 -260.78 0.12 7549.65451751416
648.88 -272.02 0.07 7346.930478779671
799.16 -353.99 0.09 7448.481907954521
805.1 -496.49 0.12 7549.673206631632
607.58 -342.33 0.08 7400.79874034513
151.03 -82.26 0.11 7521.638919262028
561.33 -252.62 0.12 7549.6678215367465
859.16 -490.67 0.16 7654.365595284404
719.73 -504.24 0.13 7573.442456504956
890.38 -335.94 0.08 7402.167332981089
754.43 -413.07 0.15 7614.299613130814
761.79 -349.37 0.05 7169.234273787016
719.83 -348.19 0.16 7630.261748151335
732.31 -251.68 0.11 7521.604754541366
686.71 -411.88 0.1 7488.475413291737
226.17 -93.38 0.09 7448.578849121392
291.01 -201.97 0.14 7594.142075959151
472.11 -256.28 0.13 7573.442727773202
857.94 -202.54 0.13 7799.936025219242
728.51 -7.86 0.16 7223.717529264492
787.98 -196.2 0.06 9261.110531376333
468.6 -28.49 0.08 9071.969170057726
827.87 -133.56 0.07 9317.674957478104
794.35 -234.32 0.07 9331.112370142158
620.89 -59.08 0.1 8759.220102810374
799.3 -50.6 0.06 9242.150612663172
935.96 -121.73 0.06 9268.424733673954
662.07 -108.08 0.09 9062.543562386072
983.98 -78.73 0.07 9385.821689703118
336.73 -65.26 0.11 8789.321035622035
367.14 -94.25 0.13 8506.531822933743
378.87 -68.91 0.1 9083.343917050583
415.62 -19.79 0.13 8672.193558447918
771.43 -92.68 0.13 8737.141987996421
675.24 -121.27 0.1 9223.82630409431
683.41 -57.86 0.13 8875.5428922574
455.28 -33.0 0.11 9230.73246925967
230.84 -10.34 0.05 9033.166824919099
265.47 -59.99 0.12 9204.641884282915
973.33 -173.07 0.06 9236.540409344185
56.49 -3.41 0.07 9384.466264125816
985.33 -155.98 0.11 9010.578350274547
984.0 -60.82 0.14 9292.105653849434
863.46 -14.21 0.08 9420.453278796667
577.8 -17.99 0.15 9364.79214186357
878.52 -195.75 0.1 9319.77166077209
804.48 -210.07 0.14 9637.012874644868
950.2 -262.48 0.13 9226.4451498368
952.59 -75.85 0.06 9234.006169718912
368.67 -14.33 0.12 9747.003977457081
809.97 -82.08 0.11 9678.660578286046
483.82 -113.86 0.06 9246.08156822477
969.47 -125.41 0.14 9762.833764842058
674.57 -74.83 0.15 9567.865126718545
752.61 -158.41 0.1 9665.690402627564
942.04 -44.83 0.08 9500.671490187686
837.08 -191.17 0.13 9747.975042074018
