0.0 0.0
320.47 79.45 0.13 6282.544538928859
351.24 7.57 0.07 6199.261943779251
520.21 39.65 0.12 6273.6742336274565
376.12 1.52 0.11 6263.455019174577
768.13 232.62 0.08 6219.755003866102
958.49 34.02 0.14 6290.350017173345
785.48 195.88 0.07 6197.402467344152
889.52 64.16 0.14 6293.795585137929
646.61 6.15 0.14 6290.350028922701
423.32 26.27 0.11 6263.414333711339
899.4 25.32 0.13 6282.544660567719
264.48 64.87 0.14 6351.377053769998
464.37 50.91 0.14 6290.35640962139
750.63 104.51 0.08 6219.717094104392
768.88 35.91 0.1 6251.523510182649
939.25 41.45 0.06 6168.792355030026
576.61 131.19 0.06 6174.245181944112
928.57 36.83 0.12 6273.67437360783
948.69 304.28 0.12 6273.691324897232
187.51 4.8 0.13 6284.451590278845
701.63 44.37 0.08 6219.543497437155
856.25 251.14 0.06 6169.195891098948
680.53 163.29 0.07 6201.760855242171
857.86 223.27 0.08 6219.798826660229
534.48 141.71 0.14 6290.351357846264
867.8 26.39 0.1 6251.50560483007
598.67 181.05 0.08 6219.776011857011
455.22 125.94 0.1 6251.472645169704
761.65 158.01 0.1 6251.469972333209
622.69 177.26 0.1 6251.473935974357
435.82 25.32 0.15 6382.1853735657605
226.78 58.08 0.11 6263.4626528626995
887.56 249.49 0.07 6198.836049398058
919.98 36.45 0.14 6290.415342329925
842.81 81.29 0.12 6273.674728316647
713.17 72.58 0.06 6184.19521876609
617.47 78.87 0.1 6251.513346287789
133.42 18.59 0.14 6290.766750233483
826.42 73.58 0.09 6237.353943765867
609.04 130.49 0.11 6263.4607559331125
324.18 21.06 0.1 6251.495718083794
330.13 6.15 0.05 6167.450719267159
451.65 278.58 0.1 7488.786079461792
366.14 121.7 0.07 7335.095503709359
226.0 147.26 0.13 7577.235832248809
391.31 127.85 0.08 7398.028488473272
830.26 396.27 0.13 7576.862646983319
784.28 454.58 0.13 7576.858436133016
880.64 336.56 0.07 7337.485151474964
631.46 406.75 0.1 7488.795656210595
882.87 408.25 0.11 7523.029503333429
787.79 561.07 0.08 7397.954859710742
174.48 104.13 0.05 7153.9293485811595
892.34 388.87 0.11 7523.05108224187
855.87 436.68 0.13 7576.994154676675
212.62 147.41 0.08 7398.797688713685
806.86 531.82 0.05 7155.18697927184
522.31 188.7 0.11 7523.016270144158
863.44 502.92 0.11 7523.037240189513
808.29 498.66 0.06 7275.130176973753
439.22 251.3 0.07 7334.947955422801
429.57 160.25 0.07 7336.069073417193
646.17 357.75 0.1 7488.7274582680275
664.22 324.09 0.14 7599.529414775613
341.45 234.86 0.16 7635.83705611076
773.22 460.78 0.12 7552.1921427875495
558.06 332.24 0.13 7576.858835157375
306.32 219.66 0.07 7335.300163784965
799.37 375.28 0.11 7523.022244284219
913.79 389.07 0.11 7523.016376686679
493.33 168.22 0.11 7523.0291856624535
507.48 331.21 0.1 7488.756882382217
533.22 231.35 0.09 7447.55204302554
492.3 269.31 0.08 7399.123911650429
768.25 422.81 0.14 7598.46607309361
683.78 314.05 0.12 7552.029337930273
898.21 303.07 0.06 7257.687687423818
609.87 276.32 0.13 7576.859055494201
239.44 95.1 0.14 7598.318550985605
827.33 412.4 0.07 7339.641432050218
663.52 447.2 0.14 7598.4027941576405
765.62 554.82 0.13 7577.002966457094
55.83 21.01 0.12 7552.157949127786
229.01 218.77 0.06 9390.898289833232
468.45 582.58 0.12 8056.0691718398275
611.14 720.1 0.12 8118.634045339003
596.34 561.16 0.08 9043.063362487766
694.74 638.71 0.11 8433.35590885099
111.72 90.4 0.11 8488.019825060368
331.07 382.35 0.14 7951.630036610395
410.47 436.24 0.15 7821.370787103991
591.68 594.77 0.1 8874.57357466465
415.01 380.4 0.13 8398.711597996977
599.31 758.83 0.07 9534.819290543197
235.91 306.03 0.06 9738.947976643336
625.95 605.8 0.12 8746.07095953143
703.77 696.38 0.07 9629.875715792961
515.39 465.39 0.1 9175.223012275204
234.91 305.21 0.12 8944.965457339411
567.08 669.57 0.09 9440.245567072176
788.89 612.51 0.06 9913.806091124035
300.75 407.4 0.08 9657.791546110817
580.9 776.99 0.1 9423.502086909597
381.9 472.04 0.15 8830.6924436604
595.11 443.58 0.08 9785.547582784682
329.96 425.38 0.09 9702.555098959077
223.88 192.5 0.06 9877.46871586352
680.18 605.66 0.06 10114.215436476525
459.34 497.38 0.06 10061.618746102831
269.3 342.0 0.12 9537.870630592313
652.57 564.27 0.08 10000.009831374107
297.39 270.72 0.07 10130.682621843895
317.51 315.39 0.09 9865.672683904906
368.47 351.6 0.07 10193.152755692641
641.94 554.47 0.14 9711.695717861028
395.48 360.34 0.08 10215.080326248073
603.08 571.26 0.1 10128.780730812628
619.98 586.8 0.1 10180.546636784446
205.79 248.73 0.12 9332.523082732412
666.84 495.47 0.07 10460.755968367457
773.74 580.84 0.1 9627.819116757268
332.22 695.58 0.07 9166.898784885056
326.38 577.05 0.12 8065.670998070371
399.97 809.27 0.05 8978.07394673756
390.09 760.02 0.13 7944.221887634532
428.71 705.26 0.08 9071.917191557279
218.64 350.9 0.06 9110.937218955143
287.75 710.53 0.08 9137.860192418204
42.46 63.92 0.1 8782.732570450833
335.93 642.33 0.13 8263.848724379757
97.58 135.42 0.15 7991.55703941664
100.54 200.27 0.17 7741.154171178921
218.74 544.13 0.14 8356.530086162711
255.6 676.45 0.1 9073.005871703355
479.81 865.95 0.1 9157.249952897535
368.28 681.49 0.11 9051.612033806803
187.4 542.33 0.2 7872.290473355337
318.66 465.09 0.1 9035.74213082951
133.74 379.52 0.1 9289.11990186562
376.28 801.93 0.09 9106.112975632182
369.69 820.81 0.09 9305.933543898156
374.5 732.68 0.14 9114.512897233837
314.14 779.93 0.1 9265.870802182646
204.79 480.1 0.15 8373.198457030423
477.86 702.97 0.11 9221.432924696674
300.39 469.32 0.14 9404.392556672778
316.81 687.99 0.11 9229.66692292544
419.12 602.35 0.14 9433.470230454295
486.28 869.53 0.05 8990.645864968585
82.46 195.39 0.13 8897.95219552823
115.68 305.14 0.13 9438.733739705489
193.72 434.69 0.18 9330.000741802585
112.68 188.69 0.07 9190.229627125176
132.15 345.97 0.06 9110.9387006398
296.29 806.91 0.14 8589.123585618196
278.47 640.66 0.18 9447.29096951098
511.6 719.56 0.12 9169.088652327133
184.52 823.8 0.15 7353.702558647947
91.93 651.56 0.23 5732.45537592549
44.17 410.88 0.1 8640.113050126485
187.47 718.59 0.11 8489.91527289541
108.28 416.75 0.11 8531.2305878885
36.43 639.08 0.06 9581.749798139743
83.97 989.99 0.17 7477.4361092971985
0.11 287.55 0.23 6601.861394961546
173.98 663.74 0.1 9012.453961510584
42.93 864.03 0.05 9736.809882630518
18.7 551.85 0.06 9767.106671812842
136.02 514.25 0.13 8640.82098930835
9.26 908.63 0.09 9340.484599004447
118.5 786.16 0.23 7411.311592768917
32.62 619.97 0.14 8820.75069449514
84.58 988.1 0.08 9705.636870972736
63.02 939.35 0.07 9545.979572578834
39.26 968.79 0.06 10009.066944041688
165.83 840.73 0.18 8625.359609467934
233.63 759.92 0.08 9807.099450026746
52.31 214.98 0.11 9587.47028524243
88.75 399.82 0.06 10028.620745816492
1.74 548.45 0.06 9707.920261936984
217.85 862.53 0.06 10201.104209812533
102.57 568.17 0.11 9769.281228514665
109.97 918.21 0.12 9189.49055138338
202.39 645.38 0.1 9993.639072274178
104.16 801.51 0.1 9870.353468140784
39.53 540.17 0.11 9836.569809563647
70.45 402.38 0.13 9703.805658322932
216.06 668.99 0.05 10170.037082811714
46.65 301.64 0.12 10065.95122822048
-104.49 415.71 0.08 7503.331860818946
-77.73 492.26 0.14 7631.670526326396
-96.64 533.09 0.12 7636.49436876817
-11.66 233.57 0.08 7502.797917122884
-76.3 742.12 0.06 7398.527901319261
-35.17 590.84 0.06 7390.22181091182
-206.89 753.99 0.11 7617.488439271819
-128.14 872.65 0.07 7446.441083631069
-276.38 932.05 0.09 7549.182368124238
-11.39 936.57 0.08 7502.869647533291
-28.61 699.1 0.06 7389.076842961438
-71.96 833.22 0.14 7688.111080476227
-12.33 982.67 0.16 7757.881473429277
-130.5 944.11 0.06 7381.133295592506
-229.69 767.91 0.07 7454.869533847526
-25.41 122.31 0.12 7643.962733780568
-91.45 531.19 0.11 7610.170596708399
-47.04 161.19 0.08 7504.649856818429
-173.16 568.6 0.09 7548.742577360123
-133.94 722.51 0.13 7667.712518888688
-73.98 749.98 0.1 7585.872215182081
-21.53 342.95 0.1 7585.972016846499
-117.79 918.12 0.07 7446.787185743934
-60.56 504.18 0.08 7502.72029014185
-192.06 807.26 0.09 7548.422796369757
-125.52 719.97 0.12 7644.421005659352
-63.31 372.79 0.13 7667.711606241138
-11.03 432.51 0.11 7617.47014647707
-0.76 859.26 0.07 7447.364467256693
-12.03 589.14 0.06 7381.99236276204
-87.51 738.49 0.15 7708.998854212896
-298.33 952.07 0.05 7285.930318587951
-5.31 628.5 0.05 7283.003550980387
-8.96 312.76 0.05 7359.2432217534715
-109.55 444.47 0.07 7454.594482293214
-50.68 225.67 0.15 7681.027895659271
-125.65 966.69 0.09 7548.946390902853
-215.6 911.21 0.15 7707.053643204939
-90.2 585.07 0.11 7617.496419309973
-234.83 860.24 0.15 7704.379605513508
-75.86 568.96 0.11 7617.4845351918
-64.32 453.36 0.1 7583.313153448926
-49.76 295.06 0.14 7688.262943455629
-350.51 923.57 0.05 9629.519164268082
-374.53 516.04 0.15 7406.051545671571
-106.4 150.18 0.06 9464.739827212925
-528.39 819.21 0.1 8627.897172926489
-371.36 868.5 0.1 8679.003025763293
-305.15 772.57 0.07 9331.292997479059
-230.09 430.58 0.1 8750.148401093997
-303.75 870.07 0.05 9792.520155523625
-378.95 738.64 0.1 8820.694774266667
-316.07 669.52 0.1 8857.038732472567
-401.86 567.77 0.11 8726.330301512662
-188.12 518.4 0.06 9688.850764097371
-371.91 789.34 0.13 8460.421216177838
-420.07 852.74 0.13 8519.693027894737
-166.79 301.31 0.08 9406.681755405101
-135.6 192.11 0.05 9907.765565306774
-242.64 434.04 0.11 9005.788388017078
-431.04 855.08 0.06 9842.998712084835
-319.22 642.93 0.1 9258.048893358075
-218.02 485.8 0.14 8697.11229765843
-305.6 839.11 0.08 9635.057525643631
-240.58 541.76 0.09 9533.297983155173
-271.06 705.16 0.08 9704.49976982066
-206.39 399.71 0.07 9872.221822389856
-282.92 594.83 0.06 9758.704765063838
-420.99 867.11 0.12 9075.492698598573
-322.63 483.42 0.12 9427.26350272105
-365.72 540.79 0.12 9493.374089951863
-301.65 581.53 0.07 10063.031256780052
-417.39 660.61 0.14 9412.765915425083
-196.45 382.35 0.11 9785.883656196615
-299.55 669.82 0.12 9615.206707858448
-299.43 679.67 0.06 9855.55765359586
-315.17 604.64 0.12 9778.041739698232
-454.99 866.34 0.08 9866.108171665546
-209.97 336.93 0.1 10168.992816889348
-477.38 861.56 0.06 9838.490052668629
-266.77 764.71 0.1 9796.59970234405
-329.87 570.57 0.09 9608.513058446333
-53.5 76.85 0.05 9892.160975288081
-457.26 744.72 0.06 10101.055816157976
-484.52 498.59 0.08 8919.55773552621
-529.13 430.09 0.06 9403.758420693424
-689.59 545.65 0.1 8495.517940884409
-302.44 416.14 0.06 9437.582414860466
-478.26 491.37 0.13 7924.252891975385
-572.74 549.07 0.07 9275.957040042975
-405.85 369.01 0.08 9093.038302060673
-179.6 193.0 0.14 7921.078118551542
-770.02 581.46 0.07 9396.736350295316
-711.43 648.76 0.08 9216.530012270026
-446.44 572.34 0.07 9434.800015090768
-473.1 438.63 0.12 8509.379539064157
-252.41 316.17 0.14 8235.452503107454
-649.47 570.41 0.05 9653.599408877431
-526.0 659.24 0.06 9742.743661688803
-222.71 291.84 0.08 9421.035530365445
-601.43 650.86 0.11 8975.51799955625
-625.46 667.87 0.06 9604.965938983025
-592.67 667.62 0.13 8742.791685429806
-241.39 251.97 0.11 9140.21234688139
-512.22 450.11 0.1 9331.635843914975
-735.11 615.45 0.15 8726.355890824354
-404.56 384.41 0.06 9673.261323823446
-292.44 295.66 0.15 8902.882627399256
-517.44 564.19 0.07 9943.159894481316
-415.46 486.09 0.05 9653.107196201528
-341.36 268.69 0.06 9840.64437168976
-528.86 445.43 0.08 9907.219330318914
-342.56 445.88 0.13 9427.771697083106
-124.88 137.84 0.08 9990.810829137004
-297.29 291.69 0.13 9523.645726126408
-673.41 656.43 0.13 9696.094524339294
-246.98 302.95 0.08 9887.294195387893
-607.65 481.2 0.15 9741.961847793444
-200.77 239.02 0.1 9642.397516517507
-412.31 458.23 0.06 9722.988784588486
-496.04 475.03 0.11 9840.147709105804
-555.03 715.08 0.09 10141.640102581357
-228.59 237.56 0.13 9658.895530109781
-511.65 572.92 0.08 10104.76291162194
-541.65 342.67 0.08 8932.632268541638
-890.98 327.63 0.1 8519.03718098461
-362.01 123.17 0.11 8356.346919525891
-832.42 385.23 0.07 9268.14951377522
-367.66 207.45 0.13 8028.799281224088
-116.74 60.2 0.16 7514.4388272322185
-803.33 406.48 0.09 9002.189515270025
-742.59 522.6 0.08 9231.483146391405
-620.95 305.64 0.08 9269.291796506643
-542.18 384.42 0.06 9664.200973884832
-676.62 444.42 0.08 9308.69813012743
-777.22 455.92 0.11 8801.1308218132
-217.35 94.84 0.1 9041.643108590491
-623.21 245.0 0.15 8241.892933057377
-813.3 289.21 0.12 8832.226480694211
-116.98 50.02 0.08 9315.264364643957
-803.74 325.42 0.12 8986.31788800136
-658.96 464.18 0.08 9628.22487503201
-714.31 460.41 0.17 8394.0575744698
-521.56 376.16 0.11 9304.42840760258
-800.07 279.38 0.06 9973.4365292238
-571.15 387.69 0.1 9210.670206567165
-756.74 467.01 0.11 9426.465741585605
-570.49 370.93 0.11 9548.484506360823
-462.03 297.75 0.07 9881.198170079766
-855.53 498.46 0.08 9835.079398655784
-380.17 236.33 0.07 9813.662505491919
-629.26 365.43 0.13 9592.840833419665
-340.36 134.96 0.08 9730.660310497287
-820.04 281.74 0.11 9899.03797423576
-731.67 429.4 0.13 9820.197092327784
-674.63 399.2 0.06 9707.89636764691
-771.58 502.58 0.1 9843.390048658523
-256.04 91.63 0.08 9621.49751378857
-464.54 334.85 0.06 10193.60695121333
-543.19 180.98 0.18 9937.07509496354
-483.89 301.72 0.06 9986.840239780548
-652.72 356.72 0.12 8923.311502909393
-552.87 246.02 0.08 9805.982081517493
-592.36 69.89 0.1 7576.823601147588
-651.22 140.71 0.06 7302.6092257764585
-925.28 60.35 0.13 7683.83862839463
-874.56 185.61 0.09 7527.269145745552
-826.4 259.49 0.07 7392.6229362229005
-426.76 7.03 0.11 7618.325428768507
-789.16 39.65 0.1 7576.84424661227
-891.66 58.04 0.09 7527.260679930345
-903.7 90.1 0.14 7710.185226244452
-710.38 139.76 0.13 7683.854259934922
-79.1 22.81 0.12 7653.540503727321
-557.24 99.39 0.13 7683.855689981479
-659.92 173.51 0.12 7653.540727063737
-828.72 227.73 0.13 7684.149859491779
-867.24 121.14 0.09 7527.310278300809
-744.47 81.43 0.1 7576.847629931606
-654.01 133.0 0.09 7527.5434523687345
-947.09 64.38 0.14 7710.1980087929
-722.89 195.25 0.09 7527.37725109979
-237.23 60.3 0.1 7576.821304775616
-733.16 162.82 0.11 7618.311680682808
-712.65 164.9 0.07 7392.711709517672
-546.74 99.87 0.07 7393.434333062457
-925.84 95.1 0.09 7527.2503290680825
-724.87 115.17 0.13 7683.83864095932
-753.92 133.93 0.09 7527.281795259501
-758.27 189.42 0.13 7683.839050643513
-636.58 87.99 0.13 7684.320235802055
-190.19 28.12 0.06 7298.836086123543
-139.0 30.91 0.14 7710.27547101053
-627.39 28.58 0.11 7618.3112628337585
-578.75 59.7 0.06 7302.2141314252585
-976.44 86.16 0.08 7467.724772955233
-924.44 271.71 0.14 7710.185253215533
-937.73 147.08 0.05 7185.540589164321
-923.4 35.56 0.05 7229.3434652120095
-525.79 61.37 0.15 7733.819022962945
-838.56 245.06 0.08 7467.125492946833
-553.02 31.34 0.13 7683.838525473209
-529.74 97.27 0.11 7618.310380481387
-225.65 31.6 0.06 7300.985916141777
-804.06 -14.33 0.1 8480.26065108204
-513.43 -44.2 0.14 7656.65655745821
-788.41 -33.11 0.05 9691.861810250604
-734.88 -3.7 0.07 9264.794956095437
-441.95 -23.77 0.06 9503.646404183994
-354.9 -54.81 0.07 9311.306366110479
-849.98 -210.46 0.06 9544.11822816983
-725.07 -182.57 0.09 8940.87575629702
-658.72 -76.1 0.09 8971.948069201924
-776.08 -71.97 0.12 8395.847936326934
-95.93 -3.94 0.12 8456.57842675456
-958.32 -281.56 0.12 8513.574257023161
-888.96 -150.07 0.12 8588.648945715828
-555.73 -98.2 0.07 9542.18605629678
-835.26 -179.74 0.08 9404.374117424479
-415.51 -82.92 0.09 9276.122502358765
-955.73 -271.15 0.09 9323.343548349634
-566.28 -17.32 0.07 9684.342734569918
-810.56 -87.28 0.08 9560.515243399577
-17.12 -2.12 0.12 9046.1386937926
-887.01 -178.91 0.06 9951.518564259586
-331.21 -95.07 0.08 9709.951644084866
-116.75 -28.74 0.11 9353.026022572789
-320.57 -86.13 0.08 9782.014969621465
-291.81 -89.76 0.13 9244.9566337442
-409.29 -81.09 0.12 9432.173259313942
-550.01 -63.44 0.14 9296.02551371905
-697.58 -61.69 0.15 9228.355331071125
-871.27 -228.14 0.06 9731.398751298268
-576.28 -96.36 0.1 9536.292527592504
-778.49 -119.34 0.09 9887.676663368908
-489.03 -60.85 0.07 9821.309294602668
-792.26 -152.28 0.16 9700.011381861057
-734.47 -84.9 0.1 10166.00093588491
-742.58 -135.0 0.06 9884.877805344897
-561.1 -134.91 0.12 9603.14860468702
-511.68 -91.92 0.1 9978.249729823387
-710.06 -144.86 0.09 10001.475173949939
-812.85 -96.25 0.06 10096.743342410124
-116.16 -53.1 0.15 7334.027459481031
-177.47 -88.94 0.1 8527.237551695098
-545.85 -185.12 0.06 9454.639301101315
-715.08 -264.81 0.08 9040.949785353347
-702.24 -326.69 0.16 7406.174519286171
-226.74 -85.15 0.14 7934.997713070847
-818.64 -570.95 0.09 9009.00722760638
-633.95 -288.2 0.08 9227.837368838678
-758.16 -310.89 0.1 8877.286114445576
-383.66 -196.26 0.07 9480.869418127319
-430.9 -149.87 0.1 8950.145290801787
-583.33 -231.21 0.08 9360.185078227682
-316.99 -133.62 0.14 8373.963416382601
-666.29 -312.68 0.11 8959.099798638288
-413.23 -208.28 0.1 9184.236407918688
-577.73 -239.68 0.07 9690.624393041107
-517.9 -190.21 0.14 8653.503691930555
-704.58 -429.56 0.12 9030.557692848004
-506.3 -304.45 0.05 10077.301935788217
-788.87 -378.54 0.07 9815.306206516663
-405.62 -285.74 0.05 10112.703318625456
-673.26 -304.95 0.09 9602.786924295462
-346.59 -143.75 0.14 9048.683521399566
-691.74 -361.52 0.06 10070.639040475226
-555.91 -204.27 0.11 9375.379537221193
-697.46 -434.14 0.08 9919.721017285947
-479.15 -286.51 0.09 9789.073891873057
-833.96 -524.98 0.08 9564.067035372364
-828.63 -527.23 0.12 9682.593756314807
-627.1 -211.85 0.06 9810.981620973072
-471.19 -267.15 0.1 9583.624756654046
-591.27 -225.28 0.14 9733.470801277417
-450.29 -309.18 0.05 10291.751666809674
-713.31 -428.07 0.16 9775.210054985317
-771.66 -315.81 0.07 10375.00020720944
-826.82 -320.12 0.05 10154.031133740376
-748.25 -351.18 0.08 10095.817047759418
-299.29 -128.95 0.09 10060.947361433187
-439.59 -500.2 0.06 9395.398443049766
-592.56 -796.17 0.12 8019.256044072031
-562.02 -606.8 0.13 7874.206777570618
-500.48 -405.45 0.05 9440.358835010677
-253.46 -268.48 0.07 9276.191984555717
-315.16 -420.68 0.09 8873.332381229506
-743.05 -599.77 0.06 9539.531151743951
-622.24 -781.24 0.06 9560.813638173386
-453.99 -584.85 0.06 9582.64598962953
-176.79 -219.44 0.09 9012.051413007044
-405.75 -323.6 0.07 9438.88601728607
-574.85 -655.15 0.12 8539.96520255466
-299.22 -262.96 0.09 9155.02013635694
-480.4 -532.36 0.13 8481.883058032709
-527.52 -518.86 0.14 8383.989138525869
-504.89 -453.77 0.08 9447.159836744231
-463.86 -480.1 0.07 9639.275183753454
-460.67 -426.06 0.09 9352.707844097888
-494.01 -639.11 0.09 9391.059353325976
-198.92 -159.69 0.09 9441.682696892658
-590.97 -465.99 0.06 9779.471326480489
-529.44 -415.17 0.08 9664.019974602843
-509.96 -698.01 0.12 9160.246027237292
-580.24 -685.43 0.17 8605.946080062875
-548.97 -588.18 0.12 9301.679092301403
-538.68 -614.48 0.06 9777.825400535832
-273.13 -352.81 0.09 9753.951356516218
-334.52 -345.03 0.1 9492.684574706482
-297.87 -370.97 0.05 9452.001742946484
-287.42 -312.63 0.13 9524.965984320374
-381.94 -496.74 0.1 9552.212165335153
-577.71 -503.78 0.09 10021.16816058826
-456.58 -550.37 0.07 10030.097738166962
-534.45 -429.3 0.11 9954.798892930514
-562.84 -754.14 0.09 10153.893252214004
-478.0 -372.79 0.08 10174.8866925471
-301.83 -232.92 0.1 10186.604491486029
-524.25 -661.54 0.08 10009.701021800021
-621.0 -656.15 0.1 10220.169733947409
-561.79 -795.01 0.14 7579.891616058531
-321.41 -790.78 0.1 8541.001571449458
-354.59 -844.32 0.14 7705.96558201273
-208.52 -489.65 0.11 8428.596624967811
-350.63 -661.73 0.15 7690.136481802665
-380.67 -846.13 0.08 9174.401685708477
-254.13 -638.89 0.12 8439.529511781046
-194.7 -529.85 0.06 9631.465679602275
-517.39 -837.44 0.13 8365.542842584278
-334.88 -900.03 0.09 9147.28726257913
-401.75 -768.73 0.08 9365.834253278435
-342.92 -578.72 0.07 9568.645679594129
-497.43 -723.68 0.1 9087.247980735783
-226.79 -597.81 0.12 8810.84092611726
-128.43 -309.28 0.09 9354.622308675409
-285.5 -608.42 0.07 9700.428153695704
-316.49 -519.18 0.11 9149.246503995391
-408.07 -745.56 0.06 9915.892747159172
-84.55 -204.65 0.1 9391.210384007867
-228.28 -555.12 0.09 9568.910336456855
-427.35 -788.98 0.11 9372.956703413958
-435.74 -838.07 0.06 10040.141569843508
-358.89 -665.58 0.06 10057.955193974842
-427.88 -682.0 0.06 10072.948201676429
-241.36 -475.79 0.05 10208.126135704839
-355.65 -522.69 0.09 9774.490805220776
-344.23 -604.39 0.1 9710.522978305664
-515.73 -756.39 0.08 9978.434405916825
-185.14 -519.26 0.09 9935.28889845054
-179.94 -402.82 0.09 9975.52625471267
-265.84 -499.28 0.08 10103.58005530183
-265.72 -669.44 0.07 10222.028955536118
-180.19 -922.18 0.17 6914.962006089524
-31.02 -187.85 0.08 9001.171715201519
-91.61 -443.84 0.05 9687.524992189878
-8.16 -740.21 0.16 7379.077624037771
-188.76 -717.89 0.06 9534.727881984209
-115.53 -725.62 0.07 9337.70636821954
-85.49 -894.17 0.07 9363.45272148598
-187.91 -704.37 0.07 9385.546505309032
-17.71 -842.61 0.07 9409.942540596909
-31.03 -183.38 0.12 8513.501785400673
-151.86 -929.13 0.08 9319.595454587048
-143.15 -922.17 0.06 9704.583773902446
-99.1 -557.45 0.15 8166.0909978194795
-256.49 -889.95 0.05 9886.132072334636
-168.37 -520.74 0.12 8819.203744119128
-125.03 -635.05 0.13 8756.932915893336
-83.57 -387.91 0.06 9750.623561414508
-116.74 -837.94 0.13 8885.514089405115
-72.95 -684.94 0.08 9657.079540446832
-147.56 -565.72 0.07 9825.59141741049
-128.45 -855.81 0.12 9198.511287785226
-70.64 -854.61 0.07 9519.115035440493
-24.21 -389.36 0.11 9436.39610560895
-136.41 -703.29 0.05 9986.108147918054
-102.96 -555.43 0.09 9424.45215885861
-46.77 -707.02 0.09 9607.54493974679
-44.69 -704.52 0.13 8931.992715403416
-20.98 -965.77 0.12 9640.595070103656
-10.96 -473.96 0.05 10168.963834343396
-130.62 -793.38 0.1 9694.362012113277
-2.59 -866.3 0.06 9951.573105022992
-234.21 -814.88 0.12 9474.315243222294
-183.93 -843.02 0.15 9059.827679221447
-40.24 -658.03 0.06 9807.964696322795
-176.6 -544.0 0.14 9875.595917370496
-108.45 -751.62 0.09 9502.49028774222
-141.93 -473.71 0.1 9525.218052653294
-58.99 -655.69 0.15 9743.94410322479
-130.69 -494.48 0.14 9969.190524735226
-90.7 -358.54 0.07 10159.304290231397
33.72 -637.38 0.09 8179.466931745026
188.25 -727.9 0.08 8073.386620420513
79.93 -462.5 0.07 7947.772825930315
31.29 -603.83 0.11 8345.905276880343
173.59 -918.83 0.06 7798.517294993093
46.88 -856.09 0.11 8345.89954392289
150.7 -540.4 0.1 8269.168512635835
120.81 -830.4 0.08 8073.475435282548
191.81 -718.49 0.08 8074.095452887075
78.5 -279.95 0.09 8179.458939958524
216.66 -903.94 0.08 8073.537580335858
97.32 -451.67 0.13 8470.19414865839
31.6 -490.34 0.09 8179.534954153612
15.54 -123.51 0.1 8269.147998429737
171.13 -554.18 0.11 8345.906570434548
37.5 -782.58 0.1 8269.162855417007
105.51 -724.69 0.07 7947.759060117842
61.6 -971.11 0.11 8346.072403693299
6.78 -846.13 0.06 7802.871872215901
29.25 -686.18 0.09 8179.446590931268
88.94 -657.98 0.11 8345.906438435286
214.38 -897.27 0.13 8470.024731944894
189.09 -920.43 0.12 8412.336325257262
98.14 -782.96 0.11 8345.902655459893
196.64 -822.59 0.09 8179.446663637172
115.77 -435.33 0.09 8179.433498630764
120.26 -402.29 0.06 7797.253850215206
299.68 -937.47 0.12 8412.413029473719
116.47 -758.51 0.07 7946.591715586079
18.49 -255.13 0.09 8179.434891167661
132.83 -817.01 0.08 8073.430531833485
122.11 -787.65 0.13 8470.024771241466
45.42 -796.8 0.13 8470.039032812927
201.05 -658.4 0.15 8565.920194992348
3.04 -474.13 0.15 8567.67867939811
210.73 -868.6 0.14 8520.790948522106
266.94 -944.13 0.12 8412.224471605095
174.53 -906.35 0.13 8470.226537391894
34.26 -495.84 0.13 8470.024809574545
226.66 -669.97 0.1 8474.90257350956
138.77 -286.65 0.12 8084.1215943099905
441.07 -637.2 0.11 8381.280550620024
71.44 -208.65 0.11 8446.786307773553
278.86 -680.47 0.13 8119.5183636285965
214.36 -502.2 0.14 8020.135378798782
306.71 -476.59 0.14 8107.056743767974
265.45 -587.5 0.08 9286.886710333147
373.13 -705.12 0.09 9134.222862450504
250.59 -482.99 0.09 9168.151365183568
305.81 -844.21 0.06 9730.402718223373
124.29 -191.41 0.05 9925.848100986183
480.06 -724.93 0.08 9441.534169557404
108.24 -305.81 0.11 9005.28655646017
321.08 -508.88 0.11 9077.500684635883
136.5 -381.87 0.11 9147.578602968639
262.99 -524.94 0.05 10062.935086285812
474.17 -731.41 0.1 9391.69518520668
227.7 -393.53 0.06 9975.974877235109
376.36 -699.43 0.06 9997.713632767141
335.07 -569.7 0.08 9760.030850788846
213.29 -301.47 0.08 9798.05055249674
221.52 -567.05 0.05 10188.747377533433
487.98 -693.47 0.07 9971.043013656417
182.19 -316.75 0.08 9891.266815551466
174.24 -427.75 0.09 9831.11082883223
167.0 -319.82 0.11 9689.871778634231
510.26 -519.04 0.07 8319.550775520333
525.71 -629.62 0.07 8322.249154068762
561.43 -498.99 0.08 8407.562015181224
599.42 -466.75 0.14 7732.760869356837
489.23 -664.89 0.1 8540.363266230072
551.94 -698.24 0.13 8106.543269218528
510.14 -433.74 0.08 8405.475337119906
500.61 -607.75 0.09 8477.405929221724
498.31 -456.83 0.12 8503.589084558138
659.31 -548.28 0.12 8387.539350479128
552.97 -452.32 0.05 8138.551867236691
333.97 -434.76 0.1 8540.601401184482
189.67 -213.69 0.05 8100.642029825222
279.96 -268.3 0.08 8404.825690680944
300.23 -222.56 0.14 8540.082316335345
348.24 -261.34 0.15 8485.46707416561
378.58 -307.5 0.12 8637.052579366122
497.48 -498.66 0.12 8637.05819327239
61.49 -47.87 0.05 8068.182981413535
382.57 -289.6 0.13 8675.491366358663
699.95 -531.34 0.08 8404.895768752887
395.76 -430.92 0.14 8708.890506087188
403.92 -364.95 0.16 8763.901154940142
611.83 -659.2 0.07 8325.763372771946
248.3 -204.32 0.05 8110.475809129168
574.55 -475.69 0.18 8807.636895870153
679.53 -530.65 0.12 8637.080836711837
603.58 -641.24 0.1 8540.303200675688
389.1 -382.51 0.1 8540.594177733155
732.96 -586.99 0.07 8318.9000147099
594.45 -541.07 0.13 8675.493496936735
427.68 -312.95 0.14 8702.236700572534
583.34 -466.07 0.16 8740.16922105064
555.99 -762.14 0.08 8407.822486177673
475.58 -402.44 0.17 8787.109234040186
129.38 -164.2 0.11 8592.521154408627
256.62 -332.12 0.18 8803.069958977088
431.38 -322.92 0.12 8637.059214537268
226.17 -93.38 0.09 7580.582504458063
254.09 -120.75 0.08 7530.630563347939
686.71 -411.88 0.1 7621.674066637692
470.41 -210.43 0.08 7529.6163302205605
799.16 -353.99 0.09 7580.515182631569
859.16 -490.67 0.16 7514.223785866738
862.43 -350.66 0.07 7473.948049048102
746.23 -328.19 0.12 7685.041252309116
653.12 -440.49 0.07 7467.906876669644
859.51 -369.69 0.13 7709.916671290898
734.61 -260.78 0.12 7685.034408775808
886.08 -340.22 0.13 7709.9119864916365
655.85 -400.46 0.1 7621.492351678242
557.93 -237.43 0.06 7388.283833452598
712.8 -495.24 0.12 7685.041149400477
677.8 -468.58 0.05 7291.15874852008
720.72 -463.43 0.06 7390.203651865623
648.88 -272.02 0.07 7474.089770945217
762.18 -400.26 0.07 7467.178834661209
151.03 -82.26 0.11 7655.958752022463
291.01 -201.97 0.14 7731.624293145716
761.79 -349.37 0.05 7291.833660535193
890.38 -335.94 0.08 7532.187711306477
814.79 -507.17 0.07 7467.503466896289
568.33 -191.04 0.08 7530.026059399096
561.33 -252.62 0.12 7685.042437158852
828.83 -537.65 0.14 7731.435666710908
849.06 -324.33 0.13 7709.917250201007
805.1 -496.49 0.12 7685.045686828228
732.31 -251.68 0.11 7655.937098917224
665.31 -388.99 0.13 7709.916933926694
472.11 -256.28 0.13 7709.917177940697
607.58 -342.33 0.08 7531.195555849462
303.51 -185.19 0.06 7412.934458625284
835.63 -300.55 0.15 7750.414383031122
753.39 -495.23 0.06 7393.321958563081
437.41 -297.72 0.05 7356.630637646671
719.83 -348.19 0.16 7768.599271434543
484.72 -233.04 0.07 7468.95236419911
432.16 -170.9 0.12 7685.043572545335
754.43 -413.07 0.15 7751.753130922645
719.73 -504.24 0.13 7709.917022475888
787.98 -196.2 0.06 9378.603068789631
468.6 -28.49 0.08 8966.716502817135
799.3 -50.6 0.06 9362.81613152908
857.94 -202.54 0.13 7958.70221297884
809.97 -82.08 0.11 8428.8255158686
56.49 -3.41 0.07 9324.176392322901
983.98 -78.73 0.07 9360.188743674657
985.33 -155.98 0.11 8587.475364518406
935.96 -121.73 0.06 9384.69669419274
674.57 -74.83 0.15 7896.0914825356
794.35 -234.32 0.07 9454.649857068604
683.41 -57.86 0.13 8408.82596727581
415.62 -19.79 0.13 8491.676698019672
942.04 -44.83 0.08 9417.077703855719
863.46 -14.21 0.08 9449.379492747912
378.87 -68.91 0.1 9170.868214747588
620.89 -59.08 0.1 9102.746383031581
230.84 -10.34 0.05 9163.601758089313
455.28 -33.0 0.11 9172.286252620606
827.87 -133.56 0.07 9443.795231691913
878.52 -195.75 0.1 9414.997737313655
662.07 -108.08 0.09 9289.616131824921
771.43 -92.68 0.13 9161.631320905639
950.2 -262.48 0.13 9249.143606658357
265.47 -59.99 0.12 9458.604266226113
367.14 -94.25 0.13 9058.367028718529
804.48 -210.07 0.14 9442.749288599329
368.67 -14.33 0.12 9715.96491531872
969.47 -125.41 0.14 9642.402250525061
336.73 -65.26 0.11 9156.932370999893
984.0 -60.82 0.14 9554.216747935297
728.51 -7.86 0.16 8700.31800619417
577.8 -17.99 0.15 9615.713241227766
952.59 -75.85 0.06 9356.038678638986
837.08 -191.17 0.13 9835.167466309622
483.82 -113.86 0.06 9366.088164277693
973.33 -173.07 0.06 9358.147304804445
675.24 -121.27 0.1 9430.067179757903
752.61 -158.41 0.1 9753.610602533097
