0.0 0.0
557.35 67.91 0.07 11723.978791031048
692.46 0.16 0.09 11956.736240418522
869.45 50.7 0.15 12294.809581066467
936.7 172.31 0.11 12105.006289098386
779.32 188.56 0.05 11356.477495211875
936.2 191.32 0.05 11436.982265286835
866.67 30.3 0.07 11734.599329705374
924.21 93.84 0.1 12036.37977459982
195.96 47.03 0.07 11746.001760699686
890.04 59.76 0.09 11953.810525547713
919.58 147.25 0.15 12294.804483678885
465.7 100.38 0.15 12294.859011339433
827.59 31.54 0.05 11362.859336346246
694.28 47.83 0.12 12163.310557076707
877.34 197.65 0.09 11958.319391875395
275.32 70.59 0.12 12163.339293052497
879.79 127.14 0.08 11854.43563734114
806.13 166.26 0.11 12105.916608316027
535.36 108.39 0.13 12213.7005997263
598.49 74.6 0.08 11855.887440187847
888.26 8.91 0.12 12163.47842983371
927.04 170.31 0.06 11555.46387056549
737.81 10.19 0.07 11732.967492258133
876.95 199.74 0.07 11731.578112986404
699.27 164.35 0.12 12163.394394470768
658.81 95.72 0.15 12294.821221470596
778.44 109.99 0.12 12163.300053250054
561.92 161.7 0.12 12163.770200422603
243.18 37.61 0.08 11850.820798549406
569.97 84.57 0.14 12256.792434861953
905.82 246.52 0.1 12038.43675707408
168.4 24.16 0.08 11866.277352054898
697.78 148.78 0.08 11864.095176462706
458.34 37.34 0.1 12035.981618509695
274.5 48.36 0.09 11959.226630770048
503.3 136.73 0.07 11743.902792776642
939.56 194.44 0.08 11858.392143127592
562.72 180.65 0.06 11606.164069289105
806.33 202.42 0.1 12037.495078010503
295.31 18.81 0.12 12163.644468314587
426.78 32.35 0.1 12036.048839626772
704.73 114.3 0.14 12256.811176938987
396.58 230.25 0.13 3431.2958942821215
522.49 228.95 0.06 3315.627823618511
148.37 74.26 0.06 3316.218137064773
467.94 332.05 0.11 3405.076294139367
261.62 168.58 0.08 3357.9682513934854
716.43 388.48 0.08 3357.967293527733
791.43 434.09 0.06 3308.686625460592
691.82 392.91 0.11 3405.076294154547
632.3 217.95 0.09 3375.7099021989975
761.23 370.52 0.07 3337.6337920152364
719.78 408.68 0.05 3299.653395804079
391.45 217.73 0.14 3444.846443374548
644.9 414.54 0.08 3382.9158918144813
585.64 402.23 0.05 3218.261758058674
838.98 452.55 0.06 3315.636450906354
765.38 510.87 0.05 3312.6687946065376
693.59 424.51 0.12 3418.2252167512183
407.07 226.32 0.14 3444.846443374548
158.4 97.98 0.14 3444.8464433745485
603.34 230.65 0.08 3357.9502838047893
916.68 339.32 0.12 3418.2252167512197
347.51 182.65 0.15 3459.3115613675723
198.3 104.76 0.11 3405.0762941549465
794.02 287.55 0.07 3336.302328117844
177.34 100.28 0.14 3444.846443374548
779.71 403.07 0.08 3357.9669996690786
416.89 239.21 0.06 3316.887302774001
752.75 285.88 0.13 3431.2958942821215
123.79 56.55 0.07 3559.0552287921023
494.03 288.97 0.08 3357.96110631749
801.54 287.38 0.14 3444.8464433745485
454.08 185.68 0.14 3444.8464433745485
447.32 229.5 0.07 3336.2308779400573
714.17 492.67 0.05 3310.2928268252263
290.39 193.37 0.09 3375.710173041412
709.54 511.07 0.14 3444.8464433745485
826.78 465.21 0.1 3497.116149909722
798.81 382.9 0.13 3431.2958942821215
716.91 494.89 0.08 3364.047470509579
831.74 468.84 0.12 3418.22521675122
817.63 543.69 0.08 3372.2314519683187
367.05 127.32 0.1 3391.1635634180498
333.33 182.42 0.07 3337.5403391829404
445.99 232.17 0.09 3375.7100939047705
719.8 611.26 0.11 6149.708041297385
139.69 120.63 0.12 6231.086507532582
533.62 609.16 0.08 6627.68753270249
609.71 651.34 0.13 6302.996344653171
500.93 661.04 0.12 6231.086507532578
570.49 512.52 0.14 6366.964342213405
572.44 567.06 0.09 5950.208878460686
349.64 393.84 0.09 5950.20887851561
520.44 432.45 0.12 6231.086507532581
578.9 494.83 0.13 6302.996344653171
511.7 562.43 0.13 6302.996344653171
263.61 220.49 0.06 5507.620587410196
289.71 275.46 0.11 6149.708041297481
737.17 671.97 0.1 6056.922057714818
216.31 165.39 0.15 6424.2173117847
138.27 119.48 0.07 5680.441374043759
580.18 705.49 0.08 5826.219874295363
529.18 645.88 0.07 5680.458423612939
389.35 532.69 0.07 5680.44160090741
747.96 566.64 0.13 6302.996344653171
670.84 710.71 0.1 6056.9220577581145
388.61 309.71 0.13 6302.996344653171
440.57 356.18 0.1 6056.922057842115
461.54 475.06 0.12 6231.086507532584
538.63 647.34 0.09 7237.45092890676
484.72 476.67 0.13 6302.996344653171
497.05 632.59 0.12 6231.0865075325655
514.23 555.61 0.12 6231.086507532579
501.76 578.51 0.11 6149.708041297319
419.81 314.74 0.06 5505.654070554812
541.36 414.93 0.07 5680.386860722405
755.28 557.05 0.1 6056.9220577362785
415.69 333.93 0.07 5680.4500137488685
265.91 253.98 0.14 6366.964342213405
604.86 538.73 0.08 5826.232294293994
337.0 888.69 0.09 6323.181429336622
483.94 712.47 0.06 6388.438696460345
332.76 648.97 0.07 6358.8529564896235
186.57 294.91 0.1 6312.399448944984
103.49 191.03 0.05 6411.729724212551
318.71 706.45 0.14 6287.820119839564
334.9 723.92 0.14 6287.819963583232
484.75 800.03 0.05 6431.748146480159
317.81 489.45 0.09 6323.073076259855
385.6 630.5 0.12 6297.529758515177
391.07 742.18 0.07 6363.7430252537615
204.78 557.3 0.12 6297.534028393934
468.93 852.14 0.12 6297.52963346515
116.02 277.82 0.14 6287.820105680388
162.11 409.44 0.07 6361.410352328376
318.36 835.26 0.09 6314.151881875591
419.27 701.97 0.1 6312.551606022978
270.75 672.06 0.1 6312.443995004455
519.4 793.78 0.1 6312.406520919723
474.73 786.47 0.1 6312.453466532258
66.4 116.03 0.12 6297.54794565163
28.51 60.48 0.11 6304.1351798938485
281.2 740.37 0.15 6284.192273717899
356.69 554.78 0.08 6336.410880541145
443.81 755.18 0.11 6304.127408325332
160.87 285.4 0.06 6392.974488204599
283.45 484.15 0.11 6304.126947284766
131.49 251.78 0.09 6323.66715095299
492.46 865.26 0.1 6312.46971429981
417.78 742.59 0.08 6336.629015878365
342.7 886.13 0.13 6292.194910134862
293.29 701.89 0.1 6312.423649067139
423.57 876.12 0.09 6323.0402736415235
270.87 695.5 0.1 6312.431241863262
466.59 764.31 0.15 6284.192188926783
191.48 407.19 0.14 6287.819993509182
460.94 657.54 0.09 6322.968163094613
312.74 460.38 0.06 6385.354990490418
199.8 537.78 0.07 6361.850595508096
483.52 734.45 0.05 6402.7948453501585
313.9 885.5 0.07 6358.072286390762
247.77 506.78 0.13 6292.1931219472535
168.15 494.17 0.08 6336.993245249005
188.15 466.87 0.13 6292.1946536639025
382.86 876.98 0.13 6292.194168926928
14.25 924.46 0.06 4839.86529439309
46.25 800.53 0.11 5194.8424395258735
14.38 636.33 0.12 5137.7748635826165
230.71 751.86 0.09 5032.755962115749
108.82 581.72 0.14 5184.3101453324525
12.21 252.48 0.08 4982.138851501237
163.53 522.15 0.08 4996.413488327913
29.48 909.91 0.05 4733.059306018552
111.57 376.51 0.07 4919.157635793366
54.63 625.23 0.07 4919.163209838516
92.92 423.94 0.09 5032.755960311288
266.29 905.5 0.1 5074.184046278009
92.09 874.09 0.12 5137.774863582616
28.86 915.41 0.06 4839.172329445014
36.17 680.4 0.08 4982.138805804193
59.13 901.64 0.13 5162.707078654988
28.5 456.65 0.07 4922.953756851808
56.03 377.0 0.05 4735.415597480713
20.56 773.08 0.14 5184.3101453324525
211.3 680.31 0.07 4919.160675411138
153.7 856.53 0.13 5162.707078654988
33.94 633.32 0.11 5108.655969105295
172.1 767.02 0.12 5137.7748635826165
61.43 708.8 0.05 4737.699798980949
220.16 740.49 0.07 4926.134530110147
98.3 357.58 0.14 5184.3101453324525
105.97 346.47 0.14 5184.3101453324525
5.81 349.59 0.1 5074.184046277911
167.48 976.29 0.06 4839.17744840904
0.52 313.21 0.09 5050.062841109213
202.39 740.98 0.08 4982.139533747524
101.15 557.46 0.1 5074.184046277942
1.79 847.08 0.12 5137.774863582616
104.81 633.73 0.07 4919.703612915409
131.95 569.44 0.14 5184.3101453324525
211.99 938.06 0.15 5203.221754208622
209.3 924.09 0.08 4982.233881996521
204.31 916.01 0.09 5050.061672717711
9.5 608.43 0.1 5074.184046277953
222.92 847.13 0.13 5162.707078654988
63.09 216.39 0.09 5044.082984947614
58.14 670.57 0.12 5137.7748635826165
-13.7 728.53 0.15 4019.736483889678
-280.27 862.92 0.11 4090.685663157988
-109.25 843.96 0.06 4357.612617949005
-148.7 566.7 0.13 4049.262742142461
-122.5 775.56 0.12 4068.0695744865366
-14.31 56.74 0.09 4153.452788253216
-107.4 536.77 0.05 4518.902295475201
-217.37 838.44 0.14 4033.363653689527
-75.69 781.01 0.1 4118.441957584274
-54.31 979.04 0.15 4019.7364838115336
-57.03 694.66 0.09 4153.500305761516
-170.37 746.99 0.1 4118.443982283057
-151.47 916.0 0.08 4198.461989143506
-57.35 829.79 0.08 4198.736013967071
-24.31 165.07 0.1 4118.480060101397
-43.92 351.87 0.08 4198.850961744621
-35.78 513.3 0.14 4033.363652560573
-231.74 933.38 0.11 4090.6886671090183
-59.71 733.78 0.1 4118.437515306886
-119.44 450.05 0.07 4259.738345282109
-92.49 288.27 0.08 4198.6945735699
-223.52 827.82 0.13 4049.2627787641927
-71.65 429.38 0.07 4261.160562381922
-270.8 843.2 0.08 4198.518406707759
-207.7 868.67 0.12 4068.0692593466792
-212.44 809.89 0.07 4258.816582685509
-20.65 624.12 0.15 4019.736484463274
-113.3 775.0 0.1 4118.472373481845
-33.82 892.68 0.14 4033.363656528344
-178.0 565.61 0.08 4199.571187180896
-65.53 386.24 0.15 4019.7364843252144
-171.97 737.24 0.1 4118.452504327593
-127.97 555.82 0.15 4019.7364838530293
-54.92 676.94 0.09 4153.333465744416
-199.06 659.19 0.14 4033.36365921965
-180.89 947.24 0.07 4264.4398737928495
-4.89 567.07 0.14 4033.36365441867
-36.7 440.28 0.13 4049.262770968017
-56.07 758.12 0.08 4198.682075091778
-92.32 437.44 0.12 4068.0687939966565
-125.3 925.88 0.14 4033.3636602426204
-127.3 486.22 0.1 4118.4817910832
-54.97 786.03 0.15 4019.7364838318726
-57.69 955.48 0.06 4357.69280399287
-539.16 830.9 0.13 5131.739754263134
-256.97 777.63 0.13 5131.739754263133
-499.4 864.98 0.11 5061.735813954143
-394.17 859.86 0.1 5017.903014558499
-289.27 716.65 0.07 4827.9641421104
-339.0 786.72 0.11 5061.735813954229
-346.53 557.35 0.15 5185.129377088676
-348.35 692.97 0.07 4827.963860012481
-393.69 617.85 0.11 5061.735813954196
-263.59 396.82 0.13 5131.739754263134
-243.07 450.72 0.15 5185.129377088676
-127.83 362.91 0.05 4610.543498005609
-295.47 806.54 0.14 5160.120819728971
-125.6 357.52 0.11 5061.735813954229
-300.2 689.24 0.09 4966.060543992344
-166.33 323.98 0.1 5017.903014559228
-265.05 581.18 0.12 5099.261212855499
-480.54 771.17 0.14 5160.120819728971
-253.07 652.99 0.09 5313.5118863539665
-437.23 798.4 0.11 5061.735813954215
-179.5 460.85 0.08 4903.860116164022
-288.46 478.68 0.07 4828.000593827665
-298.45 527.41 0.11 5061.735813954228
-341.3 556.15 0.06 4733.917503731236
-37.03 89.98 0.13 5131.739754263133
-327.41 853.24 0.08 4903.86019905885
-226.31 357.11 0.1 5017.903014558498
-264.46 784.1 0.06 4733.772163000874
-167.99 499.86 0.11 5061.735813954152
-441.76 638.03 0.1 5017.903014558536
-500.93 806.1 0.11 5061.735813954228
-406.39 697.32 0.05 4615.596779312523
-338.54 546.89 0.11 5061.735813954188
-479.33 726.76 0.09 4966.060543923388
-164.17 330.94 0.08 4903.860148501646
-149.17 218.45 0.08 4905.576173124207
-339.32 747.87 0.11 5061.735813954156
-318.67 698.34 0.08 4903.860275516345
-230.94 675.3 0.08 4903.860318386547
-315.34 492.21 0.07 4827.994574833313
-695.74 559.0 0.12 5236.2603520866305
-595.04 448.11 0.07 4900.629861968354
-247.42 196.47 0.11 5188.851464725034
-445.01 537.57 0.05 4643.3170175278965
-536.47 648.71 0.06 4786.340646764393
-593.43 684.68 0.13 5277.604654312176
-553.1 448.31 0.12 5236.2603520866305
-650.01 488.01 0.06 4787.566919165089
-484.99 472.55 0.14 5313.990947714173
-538.62 397.15 0.11 5188.851464725036
-590.66 777.75 0.1 5133.919810396439
-81.75 79.19 0.07 4900.614533533875
-618.09 585.92 0.06 4852.513887351175
-585.13 528.47 0.12 5236.2603520866305
-625.56 528.85 0.1 5133.919810404764
-159.76 191.83 0.15 5346.274701602874
-703.0 581.78 0.09 5069.509579938171
-562.36 482.28 0.13 5277.604654312176
-93.76 101.61 0.14 5313.990947714173
-260.61 252.17 0.1 5133.919810377039
-140.36 153.88 0.06 4787.736006748053
-594.82 433.6 0.12 5236.2603520866305
-360.95 282.01 0.07 4900.5738313003985
-583.49 599.26 0.12 5236.2603520866305
-180.05 168.96 0.11 5188.851464725036
-460.43 542.37 0.08 4998.069320720257
-271.96 238.83 0.08 4993.096571807149
-173.13 193.29 0.06 4787.819392612887
-724.03 629.48 0.08 4992.9593408572
-212.75 252.58 0.07 4900.620588630249
-682.97 601.65 0.06 4787.741293266647
-417.82 403.66 0.1 5133.919810392297
-481.96 394.8 0.06 4786.735527459601
-407.61 391.0 0.08 4992.958258518056
-569.55 539.8 0.14 5313.990947714174
-605.44 620.51 0.1 5133.919810459442
-564.32 621.97 0.08 4992.959322899723
-510.69 419.97 0.11 5188.851464725023
-484.01 477.83 0.14 5313.990947714174
-560.67 752.75 0.06 4786.782115440481
-748.5 273.03 0.14 3651.39824844093
-517.6 172.65 0.11 3706.1239689248487
-709.37 384.4 0.14 3651.3982483222076
-643.56 415.34 0.14 3651.398249551608
-588.68 298.82 0.12 3684.137869145795
-415.27 262.65 0.07 3875.022821475465
-380.51 202.57 0.1 3733.423550874552
-513.85 194.61 0.12 3684.137771771531
-525.74 211.77 0.1 3733.4249391779804
-414.24 286.05 0.07 3874.6574317755276
-263.07 122.24 0.11 3706.1224840915575
-481.87 162.85 0.1 3733.447083089106
-268.1 137.08 0.1 3733.4356164065357
-677.01 464.38 0.11 3706.1237585530107
-785.04 317.69 0.09 3768.0489667814213
-583.72 423.89 0.08 3812.9934180547007
-685.02 485.36 0.06 3960.1533481467964
-461.25 275.17 0.1 3733.424223396445
-33.84 19.84 0.08 3812.963066587212
-606.58 331.23 0.11 3706.1226615918727
-765.06 546.93 0.1 3733.425464445005
-299.13 169.71 0.08 3813.590726951781
-442.06 294.15 0.1 3733.422350830315
-606.27 373.55 0.15 3639.1598758972978
-684.34 409.59 0.15 3639.159875885947
-733.48 342.13 0.12 3684.137687033224
-316.56 214.13 0.1 3733.4374888774055
-293.94 137.4 0.06 3966.627264296315
-526.85 206.97 0.12 3684.1379064287057
-845.57 403.49 0.07 3874.019677527191
-879.61 354.77 0.11 3706.1254390529393
-257.69 180.31 0.14 3651.398248616393
-320.71 104.37 0.1 3733.433897616199
-424.06 160.37 0.05 4137.582675207378
-689.77 251.12 0.14 3651.3982488600077
-469.44 252.58 0.09 3768.1574513107416
-95.8 54.51 0.14 3651.3982493039134
-772.99 477.43 0.12 3684.137827168868
-600.0 356.14 0.07 3873.4492851769437
-593.68 288.55 0.08 3813.221745249637
-182.39 69.62 0.12 3684.137748180345
-806.15 337.63 0.07 3873.361582248189
-655.52 289.77 0.05 4078.949162174386
-789.06 279.64 0.09 3768.0298433508815
-375.54 135.46 0.12 3684.137750031586
-719.39 444.4 0.12 3684.1379591456507
-943.86 292.21 0.12 4064.3123985029342
-404.04 98.09 0.09 4026.558057250667
-634.18 138.29 0.15 4090.2019459774715
-570.89 118.04 0.08 3997.822325809802
-104.87 31.44 0.12 4064.3123985029342
-588.25 74.78 0.09 4020.01994847665
-820.39 139.46 0.07 3969.7690271939305
-777.45 45.81 0.06 3934.086722554605
-576.44 98.71 0.07 3969.950513637371
-780.44 230.69 0.11 4052.3368381172486
-475.67 72.56 0.11 4052.336838116976
-964.41 193.06 0.15 4090.2019459774715
-507.88 137.8 0.14 4082.8683447660924
-594.75 130.22 0.11 4052.3368381170167
-759.54 189.71 0.1 4037.835137114947
-144.74 0.33 0.13 4074.3454644227363
-552.2 163.22 0.15 4090.2019459774706
-790.57 226.28 0.06 3933.258255367895
-905.12 254.52 0.12 4064.3123985029342
-943.73 290.94 0.06 3933.91466464608
-914.67 5.1 0.07 3969.782010308448
-843.36 19.11 0.11 4052.3368381169903
-903.08 113.14 0.14 4082.8683447660924
-724.15 48.8 0.13 4074.3454644227363
-449.89 72.05 0.09 4020.0199507418247
-783.78 71.41 0.08 3997.823056293012
-959.23 225.79 0.06 3933.3748974501295
-148.35 30.7 0.07 3969.75785686749
-241.17 44.38 0.05 3888.1913606116777
-656.13 209.31 0.08 3999.9819392080735
-827.89 166.14 0.11 4395.164997757422
-433.35 79.6 0.08 3997.8433095024966
-308.58 18.54 0.07 3969.9698997474698
-472.96 46.65 0.08 3997.8226544817
-858.06 52.02 0.1 4037.8351370369232
-878.72 236.38 0.12 4064.3123985029342
-494.56 18.03 0.15 4090.2019459774715
-746.3 133.83 0.12 4064.3123985029342
-349.24 92.23 0.13 4074.3454644227363
-942.3 13.57 0.09 4020.019952682971
-645.78 146.14 0.09 4019.9966917864153
-538.33 71.71 0.06 3930.5016050594595
-758.61 110.99 0.07 3969.7727538568215
-651.55 -100.84 0.06 3824.764516459759
-606.53 -37.32 0.09 3960.1145276702764
-498.5 -112.43 0.12 4036.3603495442744
-825.07 -224.29 0.13 4054.8123984384747
-771.62 -29.58 0.13 4054.812398438474
-890.01 -208.11 0.06 3824.7878291862226
-768.16 -110.93 0.06 3825.7455276590113
-791.68 -98.9 0.14 4070.855955050283
-715.63 -145.74 0.06 3825.7465844164026
-939.88 -83.89 0.09 3960.1145223650547
-450.54 -12.37 0.14 4070.855955050283
-514.56 -103.61 0.13 4054.812398438474
-841.69 -142.57 0.07 3880.239703240899
-400.54 -6.46 0.13 4054.812398438474
-715.78 -160.16 0.11 4014.958042070519
-646.47 -33.6 0.09 3960.114531609878
-674.62 -48.31 0.14 4070.8559550502823
-708.24 -142.31 0.09 3960.114521022646
-574.82 -155.48 0.05 3751.266284274351
-587.56 -130.37 0.12 4036.3603495442744
-518.95 -72.2 0.13 4054.8123984384747
-944.44 -75.25 0.14 4070.8559550502823
-607.88 -185.75 0.13 4054.8123984384747
-415.13 -97.06 0.1 3989.8795144497435
-566.33 -139.5 0.13 4054.8123984384747
-863.81 -50.12 0.08 3924.2373690424506
-859.98 -235.58 0.11 4014.958042070519
-733.89 -13.16 0.12 4036.3603495442744
-729.97 -37.31 0.06 3826.1581421422716
-987.96 -20.15 0.15 4084.919475708787
-704.58 -196.73 0.09 3960.114538192743
-633.85 -154.55 0.06 3825.812293719208
-724.38 -55.83 0.13 4054.8123984384747
-938.5 -225.01 0.05 3759.8215550941727
-809.25 -55.29 0.11 4014.958042070519
-848.53 -25.22 0.07 3880.2771006880776
-910.97 -157.09 0.07 3991.2157676505685
-938.84 -290.19 0.13 4054.8123984384747
-627.29 -184.03 0.08 3924.2373785862806
-192.01 -57.99 0.07 3880.237666960589
-956.94 -212.2 0.09 3960.1145308905084
-463.86 -306.45 0.13 6481.935022581823
-542.8 -204.1 0.05 5833.657837190804
-135.27 -92.14 0.11 6394.6772982819075
-808.71 -547.55 0.08 6198.398629380169
-451.25 -164.18 0.09 6275.747825246215
-856.64 -464.75 0.1 6340.171697956259
-816.72 -346.26 0.06 5985.5942377810825
-890.35 -402.84 0.09 6275.747822042502
-743.54 -267.48 0.13 6481.935022581823
-617.83 -285.55 0.06 5985.707168893418
-208.7 -144.09 0.09 6275.747827415555
-477.83 -291.35 0.14 6517.427381674088
-747.35 -299.83 0.09 6275.747829860111
-391.22 -157.21 0.15 6548.779531437822
-808.39 -340.3 0.11 6394.677298281902
-153.12 -62.43 0.13 6481.9350225818225
-555.16 -222.82 0.13 6481.935022581831
-793.29 -512.78 0.07 6103.796253594321
-775.23 -489.08 0.11 6394.677298281904
-481.71 -325.79 0.07 6103.789421393914
-164.74 -113.35 0.12 6441.409033572909
-544.19 -181.08 0.1 6340.171697937005
-771.16 -326.86 0.06 5985.9166243447
-936.91 -325.91 0.13 6481.935022581827
-873.48 -468.38 0.11 6394.677298281897
-406.45 -209.52 0.15 6548.779531437822
-520.73 -275.29 0.06 5985.294125003489
-825.27 -420.65 0.12 6441.409033572876
-724.64 -463.6 0.14 6517.427381674104
-810.45 -570.24 0.06 5985.435073635463
-236.85 -95.05 0.13 6481.935022581822
-769.35 -284.57 0.13 6481.93502258182
-800.0 -416.48 0.06 5985.77233588514
-752.32 -492.57 0.1 6340.171697934935
-848.94 -520.24 0.1 6340.171697961597
-528.1 -288.04 0.08 6198.398977508363
-741.04 -517.81 0.08 6198.398620379868
-501.01 -274.65 0.1 6386.4423002093
-694.36 -427.7 0.14 6517.427381674106
-500.99 -549.5 0.12 7181.250255269318
-638.37 -633.8 0.11 7113.608902277905
-428.54 -356.36 0.05 6334.592009911772
-512.95 -424.67 0.09 6943.042561500293
-376.81 -443.8 0.11 7113.608902278788
-465.6 -435.5 0.09 6943.042565233871
-573.64 -432.32 0.11 7113.608902277816
-131.49 -149.59 0.12 7181.250255269351
-623.46 -495.72 0.07 6701.3467609385425
-140.56 -140.05 0.06 6538.424017378029
-578.06 -603.74 0.1 7035.129700165122
-420.17 -390.59 0.05 6331.309588587127
-217.75 -200.36 0.05 6334.483767259862
-529.63 -652.11 0.1 7035.129700163742
-330.95 -328.86 0.05 6334.771489692988
-205.27 -151.68 0.06 6541.445217010384
-743.55 -581.55 0.11 7113.608902277936
-219.82 -260.89 0.07 6701.350806627597
-479.2 -567.47 0.12 7181.250255269246
-447.09 -404.32 0.05 6335.138018646658
-518.96 -614.19 0.07 6714.296319293661
-756.76 -602.61 0.12 7181.250255269091
-247.56 -300.63 0.09 6943.042568098859
-686.54 -548.52 0.12 7181.250255269593
-343.11 -436.83 0.07 6701.3296233766805
-616.27 -617.65 0.11 7113.608902277972
-370.01 -327.69 0.12 7181.250255269574
-464.83 -570.26 0.1 7035.129700163529
-705.32 -550.91 0.07 6701.360144942539
-241.47 -228.49 0.11 7490.459327219002
-322.68 -309.48 0.14 7291.821010550521
-516.56 -660.38 0.14 7291.821010550598
-450.65 -558.91 0.05 6332.453353212401
-544.35 -554.63 0.06 6539.023771837663
-678.89 -567.07 0.09 6943.042797015336
-637.98 -759.51 0.07 6701.350374096501
-590.14 -631.33 0.1 7035.129700167783
-289.84 -239.98 0.13 7240.126973383545
-373.0 -488.91 0.13 7240.126973383523
-637.4 -726.92 0.15 7337.559153350531
-708.18 -606.12 0.05 6335.488808358756
-109.06 -159.69 0.08 4192.559867309077
-245.42 -588.89 0.09 4262.365841518771
-259.93 -360.98 0.11 4373.983150416201
-418.97 -620.67 0.08 5883.54977654551
-415.77 -781.73 0.06 4010.824264677708
-406.34 -850.26 0.11 4373.983150416201
-245.16 -625.05 0.1 4322.191824037425
-360.4 -902.21 0.07 4110.245748198665
-212.8 -523.09 0.11 4373.983150416203
-541.27 -769.37 0.05 3900.000028193396
-170.62 -461.3 0.13 4458.8683958552265
-259.11 -709.42 0.05 3884.8421554649717
-136.94 -241.76 0.11 4373.982880948559
-233.8 -683.72 0.08 4192.958426907306
-301.44 -666.25 0.13 4458.8683958552265
-516.84 -774.31 0.13 4458.8683958552265
-410.58 -612.96 0.13 4458.8683958552265
-198.43 -361.43 0.1 4322.191824072484
-148.35 -392.94 0.13 4458.8683958552265
-271.12 -473.64 0.14 4493.8558221991225
-326.78 -594.71 0.1 4322.191824071036
-236.97 -422.59 0.07 4566.286741514542
-354.74 -625.71 0.13 4458.8683958552265
-410.2 -634.49 0.13 4458.8683958552265
-343.39 -670.04 0.09 4262.366039406736
-337.97 -767.09 0.09 4262.366038257072
-419.65 -699.15 0.12 4419.184327892395
-319.94 -933.81 0.1 4322.191824090315
-119.45 -301.42 0.06 4012.458029026441
-311.97 -627.97 0.13 4458.8683958552265
-133.25 -226.27 0.09 4262.366038389798
-95.86 -189.71 0.08 4228.931812427639
-378.31 -810.14 0.09 4262.366040531482
-546.07 -829.33 0.14 4493.855822199135
-135.74 -397.83 0.1 4322.191824083875
-244.17 -637.93 0.09 4262.366037807173
-375.38 -561.96 0.13 4458.8683958552265
-106.74 -204.09 0.1 4322.191824046393
-193.72 -633.93 0.06 6630.508455714934
-48.14 -285.12 0.05 6431.136770490524
-59.22 -377.97 0.14 7355.3847984451
-46.71 -615.71 0.11 7182.614452087701
-168.78 -719.71 0.12 7248.00881591458
-100.64 -756.91 0.14 7355.384798445103
-49.47 -393.3 0.08 6913.54395745359
-117.37 -531.51 0.13 7305.0999300157455
-10.88 -149.18 0.09 7018.300540438615
-218.28 -808.7 0.07 6798.310526256029
-56.63 -676.61 0.09 7018.300541317241
-23.57 -329.41 0.07 6785.710343853217
-3.93 -283.95 0.13 7305.099930015742
-130.41 -907.03 0.07 6785.70955945108
-78.49 -462.85 0.06 6628.990430702388
-1.5 -342.4 0.06 6632.266666719635
-123.21 -935.72 0.05 6433.095570308753
-110.33 -492.37 0.1 7106.937096869082
-79.69 -317.63 0.12 7248.008815914578
-70.46 -496.18 0.11 7182.614452087373
-117.88 -520.98 0.08 6912.993642752694
-102.79 -986.63 0.08 6912.993915195451
-11.99 -873.43 0.1 7106.937096918604
-138.83 -470.25 0.05 6431.5248592040825
-97.6 -484.69 0.07 6796.032576388543
-186.34 -964.98 0.13 7305.0999300158255
-53.71 -778.75 0.1 7106.937096536085
-69.38 -355.79 0.06 6629.645981633124
-88.87 -427.84 0.1 7106.937096924841
-47.59 -190.75 0.06 6628.65008414355
-154.53 -835.42 0.06 6628.7100613951025
-167.63 -720.27 0.1 7106.93709692121
-145.92 -513.54 0.13 7305.099930015759
-94.78 -584.42 0.1 7106.93709692113
-21.62 -205.56 0.08 6912.993622489673
-110.11 -349.3 0.08 6913.115238200369
-94.58 -732.52 0.13 7305.099930015747
-22.63 -368.26 0.15 7400.017140757063
-292.32 -921.32 0.05 6434.437164730085
-123.64 -433.73 0.07 6785.717949340017
-23.43 -919.69 0.1 7106.937096875125
-57.7 -851.77 0.06 6628.613582584539
147.01 -500.66 0.09 3579.680516729352
164.66 -644.05 0.14 3478.6220834759733
130.47 -570.8 0.14 3478.6220836315197
25.08 -310.28 0.12 3505.20812594754
53.88 -854.42 0.05 3927.9043880573545
233.87 -816.75 0.13 3490.427589409114
132.46 -790.1 0.09 3579.680007539615
149.73 -813.41 0.14 3478.6220834946066
130.75 -940.05 0.07 3682.197391751818
77.09 -777.94 0.09 3579.7185194869567
127.75 -593.13 0.15 3469.0551383295583
135.75 -973.67 0.06 3551.3090088322842
54.34 -973.69 0.06 3768.429829958337
91.11 -653.72 0.11 3523.9608478337373
86.5 -760.0 0.08 3622.004231327581
89.3 -471.17 0.08 3622.375110596815
38.78 -191.79 0.12 3505.208124596258
7.98 -236.26 0.11 3523.960752681538
95.14 -319.65 0.08 3621.9702570717072
260.42 -871.38 0.12 3505.2081996379816
242.15 -931.44 0.14 3478.6220834586484
16.11 -450.22 0.1 3548.09000285057
239.81 -744.97 0.07 3682.30692047204
65.09 -564.85 0.07 3681.7780403528814
20.15 -863.08 0.12 3505.2081382636734
69.87 -749.54 0.13 3490.427587450242
131.75 -827.81 0.07 3680.703800969846
83.22 -293.63 0.14 3478.6220834016854
95.98 -905.46 0.09 3579.7221549802107
161.02 -555.63 0.1 3548.090787455707
43.79 -760.66 0.1 3548.0910946289323
104.92 -754.59 0.12 3505.2081431621104
11.33 -153.32 0.1 3548.09001997689
105.41 -326.31 0.05 3885.4902583689122
80.54 -856.51 0.09 3579.692743088526
32.0 -297.48 0.13 3490.4275929341165
59.01 -454.86 0.11 3523.9610679297034
195.93 -616.62 0.14 3478.6220835155127
101.62 -839.78 0.08 3622.061349629338
64.01 -700.44 0.09 3579.748367236458
58.34 -653.18 0.06 3769.6100240237265
99.88 -344.14 0.05 3893.4700296263713
42.18 -651.1 0.14 3478.62208339622
26.21 -256.97 0.07 3681.512926551869
87.61 -972.78 0.06 3768.143381977122
186.18 -843.5 0.07 3680.583526550407
51.82 -205.12 0.05 3893.446348928149
148.59 -610.23 0.06 3764.714416016068
38.19 -695.51 0.06 3763.9458545890184
252.52 -445.76 0.06 18211.226678526727
464.78 -724.31 0.13 20673.88200791014
280.43 -501.64 0.14 20868.11001588878
94.46 -273.73 0.13 20675.17640668068
474.41 -749.2 0.06 18237.52332624935
509.1 -755.51 0.11 20209.477935249477
480.9 -861.19 0.14 20868.08522994115
244.16 -377.7 0.07 18785.458232829104
516.79 -777.04 0.13 20675.22444768998
140.27 -256.39 0.07 18781.249678962624
307.9 -750.86 0.09 19599.265060111222
146.99 -414.48 0.1 19926.375703972662
297.83 -793.93 0.15 21041.3951895095
317.43 -557.85 0.1 19931.407007492053
333.22 -767.97 0.05 17525.26508395958
374.43 -682.23 0.07 18787.5279521621
246.38 -605.25 0.08 19237.762742099687
504.31 -805.42 0.13 20673.658562052322
499.47 -774.57 0.09 19598.748882714914
145.24 -279.33 0.11 20208.71292543399
233.83 -681.75 0.08 19219.20499383794
312.48 -760.73 0.06 18210.706691103063
244.31 -596.91 0.1 19926.404469829224
277.16 -719.8 0.1 19929.060416192646
282.71 -752.44 0.12 20456.25576593669
154.97 -422.83 0.13 20674.534445051642
456.41 -632.79 0.13 20675.429350064536
258.68 -479.49 0.11 20208.809122074214
342.47 -870.74 0.05 17588.29979107833
137.96 -412.47 0.07 18794.15157512253
51.25 -102.39 0.09 19598.907926962882
192.26 -584.9 0.06 18211.049187353645
400.65 -881.73 0.09 19599.334781685742
386.41 -572.26 0.07 18783.55719523051
258.75 -502.54 0.12 20455.822009902648
307.96 -703.78 0.12 20456.21697664931
173.68 -394.7 0.11 20209.052328451144
163.46 -216.99 0.08 6465.7115178334325
373.79 -362.13 0.08 6463.869040768767
325.63 -240.23 0.1 6438.292051732304
511.02 -374.46 0.12 6421.837441066077
646.68 -539.7 0.09 6450.3410265427165
429.16 -583.47 0.14 6410.427952446049
609.37 -549.73 0.1 6438.471624454582
597.64 -781.62 0.12 6421.841038976265
312.55 -262.64 0.05 6582.393590881662
687.05 -516.86 0.09 6449.386060686467
606.69 -519.47 0.13 6415.668106473615
486.32 -652.3 0.05 6527.707461577591
316.91 -432.03 0.06 6536.667365299182
694.6 -578.72 0.05 6584.703481251897
552.73 -533.13 0.1 6438.293855824575
308.36 -358.82 0.09 6449.43859703073
458.7 -520.02 0.11 6429.246071010464
604.39 -618.68 0.07 6482.504457339215
650.12 -557.8 0.11 6429.231325866958
307.63 -421.38 0.06 6520.293420823758
295.3 -260.05 0.06 6503.0772725551415
488.07 -590.14 0.06 6519.143197321503
410.52 -410.07 0.06 6503.100003270187
521.69 -422.26 0.09 6449.707589015652
617.7 -562.4 0.11 6429.228375187322
576.74 -524.31 0.11 6429.217840852925
526.82 -399.05 0.1 6438.332145976827
427.01 -315.66 0.07 6482.686843410107
482.03 -605.93 0.06 6535.654069994994
455.68 -582.15 0.08 6464.1949566711155
407.0 -359.81 0.12 6421.84162785984
416.15 -477.51 0.12 6421.84247715311
177.24 -170.79 0.09 6449.7227675192225
265.96 -352.05 0.07 6483.461951738289
558.52 -421.75 0.11 6429.231924532325
434.37 -587.34 0.14 6410.427949996638
481.61 -662.44 0.13 6415.67038219849
628.47 -726.59 0.11 6429.24401892401
533.4 -578.4 0.11 6429.2347080149375
695.47 -564.3 0.08 6463.695748591974
440.28 -418.86 0.09 6449.75123334208
151.48 -205.23 0.11 6429.282758227506
674.06 -512.84 0.09 6449.5258062471985
367.04 -381.88 0.06 6505.702385147216
310.77 -263.38 0.14 6410.427951806589
579.04 -506.4 0.07 6484.99519962171
653.63 -549.38 0.13 6415.667899553966
447.6 -611.03 0.12 6421.853153075925
821.22 -466.54 0.12 7902.25158334994
624.81 -416.97 0.1 7753.863340029438
79.08 -41.91 0.11 7833.649373176446
782.72 -300.83 0.13 7961.821704184774
473.93 -295.66 0.06 7244.62647400621
121.63 -43.54 0.11 7833.64937317624
57.53 -38.5 0.1 7753.863340030352
822.66 -500.87 0.07 7416.990029879588
449.94 -281.77 0.09 7659.991065932349
171.57 -123.3 0.11 7833.649373176215
584.01 -296.78 0.15 8060.0167337443645
851.03 -402.98 0.11 7833.649373176679
592.77 -338.93 0.09 7659.9910659108045
148.87 -91.35 0.08 7548.0126607215025
359.72 -183.42 0.15 8060.016733744662
621.89 -285.48 0.06 7243.971544004454
582.64 -402.51 0.06 7244.008181665418
695.67 -293.17 0.1 7753.863340029046
632.08 -379.23 0.06 7243.937900657232
383.97 -174.52 0.08 7548.0126614103665
213.89 -100.56 0.12 7902.251583349342
866.95 -329.26 0.11 7833.649373176389
672.22 -231.64 0.11 7833.6493731762075
867.7 -310.32 0.07 7412.180352620466
500.11 -234.33 0.09 7659.991065852647
224.12 -125.88 0.08 7548.012909594774
877.11 -301.46 0.11 7833.64937314569
130.25 -48.68 0.14 8013.990463019729
553.73 -201.08 0.1 7753.863340030057
621.89 -395.23 0.07 7412.182668981399
773.51 -341.12 0.08 7548.013144704339
77.27 -42.77 0.05 7031.079419051163
375.73 -228.6 0.13 7961.821704184618
312.43 -102.26 0.13 7961.821704183585
588.56 -370.26 0.05 7031.973656322083
425.3 -245.69 0.06 7244.3677824627775
857.78 -298.74 0.1 7753.863340029602
347.5 -193.8 0.11 7833.649373176293
874.89 -367.79 0.06 7243.973676257689
868.69 -366.76 0.08 7548.012633031845
315.59 -67.01 0.07 2763.3491656970796
471.61 -49.52 0.14 2694.237310790889
934.28 -83.3 0.1 2737.0321405471186
133.15 -0.32 0.09 3070.4187054375666
386.44 -8.55 0.1 2737.0321419109796
762.83 -156.88 0.07 2763.5027564516545
734.9 -204.26 0.11 2730.728368044376
976.18 -105.3 0.15 2674.2167847737032
971.48 -104.34 0.08 2749.9652910715854
85.94 -19.99 0.14 2694.2373107908797
909.15 -240.43 0.1 2740.7401592146016
549.64 -146.96 0.14 2694.2373107908993
971.36 -100.21 0.05 2848.8873380582836
756.68 -166.16 0.07 2933.4271636236294
650.51 -192.04 0.14 2694.237310790875
728.01 -68.11 0.05 2875.305912976631
565.89 -21.85 0.11 2730.728368644545
978.97 -62.87 0.1 2737.032146739848
622.63 -157.97 0.13 2710.1524774662876
987.41 -51.99 0.06 2790.186542497084
600.22 -152.02 0.13 2710.1524774662903
659.37 -180.85 0.1 2737.0321434232897
534.06 -160.79 0.11 2730.728367712321
867.25 -0.01 0.12 2722.1179931274273
643.49 -146.44 0.11 2730.7283681042395
256.04 -29.94 0.14 2694.237311219345
656.19 -146.75 0.08 2749.9403331227245
513.5 -100.1 0.05 2856.836020248345
737.02 -179.25 0.1 2737.0321487445713
796.54 -189.82 0.14 2694.2373107908847
923.3 -37.25 0.1 3564.6769540637874
172.03 -5.54 0.11 6723.669700138735
744.54 -32.69 0.06 2793.1047756468515
862.19 -79.09 0.06 2794.0923672399076
724.38 -126.48 0.13 2710.152477466287
782.74 -214.67 0.11 2730.374600258179
918.23 -46.91 0.07 2754.7981193526775
594.43 -33.86 0.11 2730.728368669377
292.35 -79.6 0.08 2749.9375939778283
989.13 -109.92 0.1 2737.032140362914
735.66 -202.35 0.09 -1602.7381993750782
374.27 -46.62 0.08 2749.9596878911884
888.18 -198.66 0.08 2749.9367629567346
563.48 -13.15 0.09 -1602.7397758703182
