0.0 0.0
924.21 93.84 0.1 12209.44625399496
869.45 50.7 0.15 12473.528672256576
806.33 202.42 0.1 12210.323879196003
890.04 59.76 0.09 12125.517648627861
879.79 127.14 0.08 12024.386577960235
919.58 147.25 0.15 12473.52513666326
503.3 136.73 0.07 11909.770146922338
697.78 148.78 0.08 12032.349596122
569.97 84.57 0.14 12434.502210803452
806.13 166.26 0.11 12280.081252326465
827.59 31.54 0.05 11525.419183721267
694.28 47.83 0.12 12338.866387800837
866.67 30.3 0.07 11901.92580148705
888.26 8.91 0.12 12338.992218861973
905.82 246.52 0.1 12211.06491478564
243.18 37.61 0.08 12021.40733047589
704.73 114.3 0.14 12434.515560012751
426.78 32.35 0.1 12209.185851831524
557.35 67.91 0.07 11892.97377597521
535.36 108.39 0.13 12390.271092123463
876.95 199.74 0.07 11899.37891800723
692.46 0.16 0.09 12127.87453174259
877.34 197.65 0.09 12129.149995228046
275.32 70.59 0.12 12338.887927117707
658.81 95.72 0.15 12473.53674614916
465.7 100.38 0.15 12473.562957600258
778.44 109.99 0.12 12338.858514568748
939.56 194.44 0.08 12027.647861848347
195.96 47.03 0.07 11911.540240744242
936.2 191.32 0.05 11590.736656889705
779.32 188.56 0.05 11519.800849651861
168.4 24.16 0.08 12034.148895042736
561.92 161.7 0.12 12339.21092180693
598.49 74.6 0.08 12025.583221730218
699.27 164.35 0.12 12338.929228991357
737.81 10.19 0.07 11900.550133376692
458.34 37.34 0.1 12209.13295815483
562.72 180.65 0.06 11767.057322032351
936.7 172.31 0.11 12279.381918332621
274.5 48.36 0.09 12129.880947536614
927.04 170.31 0.06 11723.360591559842
295.31 18.81 0.12 12339.116676160691
396.58 230.25 0.13 3569.7618223803997
261.62 168.58 0.08 3486.829369690723
603.34 230.65 0.08 3486.8223316783333
416.89 239.21 0.06 3432.5071373832716
632.3 217.95 0.09 3508.6013778421707
716.91 494.89 0.08 3489.217338699694
714.17 492.67 0.05 3409.217394459048
148.37 74.26 0.06 3432.150929280714
177.34 100.28 0.14 3580.2031896617787
794.02 287.55 0.07 3460.6624768836377
716.43 388.48 0.08 3486.8289944860044
691.82 392.91 0.11 3543.404277046417
391.45 217.73 0.14 3580.2031896617787
779.71 403.07 0.08 3486.828879378966
445.99 232.17 0.09 3508.601439733855
467.94 332.05 0.11 3543.4042770435844
585.64 402.23 0.05 3354.2195121686377
838.98 452.55 0.06 3431.8413906378682
798.81 382.9 0.13 3569.7618223803997
123.79 56.55 0.07 3570.8264527096962
158.4 97.98 0.14 3580.203189661779
407.07 226.32 0.14 3580.2031896617787
791.43 434.09 0.06 3428.150509925148
522.49 228.95 0.06 3431.8368004290187
709.54 511.07 0.14 3580.203189661779
454.08 185.68 0.14 3580.203189661779
693.59 424.51 0.12 3557.5054695866324
719.78 408.68 0.05 3402.753651630035
367.05 127.32 0.1 3527.2465335422767
347.51 182.65 0.15 3588.7257415858508
494.03 288.97 0.08 3486.8265709075404
831.74 468.84 0.12 3557.505469586633
752.75 285.88 0.13 3569.7618223803997
765.38 510.87 0.05 3410.6645230919253
644.9 414.54 0.08 3496.7135040499543
916.68 339.32 0.12 3557.5054695866324
290.39 193.37 0.09 3508.6014652829076
801.54 287.38 0.14 3580.203189661779
333.33 182.42 0.07 3461.2332126720885
817.63 543.69 0.08 3492.4530941997773
447.32 229.5 0.07 3460.629552734865
761.23 370.52 0.07 3461.2763154793793
826.78 465.21 0.1 3556.5994041671925
198.3 104.76 0.11 3543.4042770464916
349.64 393.84 0.09 6511.554219343761
511.7 562.43 0.13 6894.381925421072
580.18 705.49 0.08 6376.53939726776
484.72 476.67 0.13 6894.381925421072
609.71 651.34 0.13 6894.381925421072
538.63 647.34 0.09 7316.030504602257
501.76 578.51 0.11 6728.17539206288
461.54 475.06 0.12 6816.409393476954
419.81 314.74 0.06 6025.9966763536095
520.44 432.45 0.12 6816.4093934769535
747.96 566.64 0.13 6894.381925421072
570.49 512.52 0.14 6963.794775115968
604.86 538.73 0.08 6376.546564495613
529.18 645.88 0.07 6217.3130857548385
572.44 567.06 0.09 6511.554219313893
497.05 632.59 0.12 6816.409393476946
670.84 710.71 0.1 6627.503520986662
415.69 333.93 0.07 6217.307949843984
265.91 253.98 0.14 6963.794775115968
263.61 220.49 0.06 6027.264916479234
578.9 494.83 0.13 6894.381925421072
541.36 414.93 0.07 6217.269382548891
533.62 609.16 0.08 6880.032847473909
500.93 661.04 0.12 6816.409393476953
737.17 671.97 0.1 6627.503520964545
138.27 119.48 0.07 6217.302673579115
139.69 120.63 0.12 6816.4093934769535
719.8 611.26 0.11 6728.175392062912
514.23 555.61 0.12 6816.409393476953
216.31 165.39 0.15 7026.000457403299
289.71 275.46 0.11 6728.175392062957
388.61 309.71 0.13 6894.381925421072
389.35 532.69 0.07 6217.302812124535
440.57 356.18 0.1 6627.503521029574
755.28 557.05 0.1 6627.503520975508
337.0 888.69 0.09 6288.685674543787
483.52 734.45 0.05 6368.996323969427
270.75 672.06 0.1 6278.1193012549575
270.87 695.5 0.1 6278.11131177986
334.9 723.92 0.14 6252.692694473509
199.8 537.78 0.07 6325.00530737736
191.48 407.19 0.14 6252.692708627192
131.49 251.78 0.09 6289.008675147386
318.71 706.45 0.14 6252.692768376012
103.49 191.03 0.05 6376.31151163171
443.81 755.18 0.11 6269.791879785047
519.4 793.78 0.1 6278.095824876621
419.27 701.97 0.1 6278.186717220481
160.87 285.4 0.06 6354.558779752725
283.45 484.15 0.11 6269.7916086773985
342.7 886.13 0.13 6257.437133682573
312.74 460.38 0.06 6348.60617579067
474.73 786.47 0.1 6278.125234906378
385.6 630.5 0.12 6263.041021561245
332.76 648.97 0.07 6322.779697099426
356.69 554.78 0.08 6301.816370567098
313.9 885.5 0.07 6322.200204629409
484.75 800.03 0.05 6392.717383152839
466.59 764.31 0.15 6248.605576584363
188.15 466.87 0.13 6257.437002553312
66.4 116.03 0.12 6263.0510179753655
391.07 742.18 0.07 6326.410724689176
483.94 712.47 0.06 6351.014790047588
460.94 657.54 0.09 6288.543862266427
468.93 852.14 0.12 6263.040952828662
168.15 494.17 0.08 6302.226041452172
492.46 865.26 0.1 6278.135413710181
423.57 876.12 0.09 6288.591811936081
162.11 409.44 0.07 6324.678401309861
417.78 742.59 0.08 6301.969816560909
204.78 557.3 0.12 6263.043368461711
186.57 294.91 0.1 6278.091394517423
317.81 489.45 0.09 6288.613624111
116.02 277.82 0.14 6252.692761679333
281.2 740.37 0.15 6248.605613439564
247.77 506.78 0.13 6257.436219412726
28.51 60.48 0.11 6269.7964497378
382.86 876.98 0.13 6257.436754715529
318.36 835.26 0.09 6282.685663451182
293.29 701.89 0.1 6278.106555121243
1.79 847.08 0.12 5337.921032952364
61.43 708.8 0.05 4929.140921825241
230.71 751.86 0.09 5230.924332621679
266.29 905.5 0.1 5273.042338697703
92.92 423.94 0.09 5230.924331660206
20.56 773.08 0.14 5385.656107269581
92.09 874.09 0.12 5337.921032952364
56.03 377.0 0.05 4927.526022368283
63.09 216.39 0.09 5236.971602968683
105.97 346.47 0.14 5385.656107269581
36.17 680.4 0.08 5179.521373025669
211.99 938.06 0.15 5405.123467212605
98.3 357.58 0.14 5385.656107269581
211.3 680.31 0.07 5115.520051442931
108.82 581.72 0.14 5385.656107269581
202.39 740.98 0.08 5179.52179250874
28.86 915.41 0.06 5033.98728456744
104.81 633.73 0.07 5115.856516879323
167.48 976.29 0.06 5033.990679147147
14.38 636.33 0.12 5337.921032952365
29.48 909.91 0.05 4925.860833209183
12.21 252.48 0.08 5179.521399358948
9.5 608.43 0.1 5273.042338697675
28.5 456.65 0.07 5117.871625684
54.63 625.23 0.07 5115.5216219546755
5.81 349.59 0.1 5273.0423386976545
14.25 924.46 0.06 5034.446849151961
222.92 847.13 0.13 5363.466566290335
204.31 916.01 0.09 5240.173054324429
131.95 569.44 0.14 5385.656107269581
172.1 767.02 0.12 5337.921032952365
33.94 633.32 0.11 5308.167902831613
58.14 670.57 0.12 5337.921032952365
153.7 856.53 0.13 5363.466566290335
46.25 800.53 0.11 5347.387016815972
101.15 557.46 0.1 5273.042338697669
0.52 313.21 0.09 5240.1736806141835
209.3 924.09 0.08 5179.576162192224
59.13 901.64 0.13 5363.466566290335
111.57 376.51 0.07 5115.518167880541
220.16 740.49 0.07 5119.8453021383575
163.53 522.15 0.08 5187.764551514098
-107.4 536.77 0.05 4345.368857191333
-170.37 746.99 0.1 3970.2363111643426
-127.3 486.22 0.1 3970.2535194966786
-270.8 843.2 0.08 4045.714214542194
-119.44 450.05 0.07 4103.8901482445235
-71.65 429.38 0.07 4104.80548247437
-35.78 513.3 0.14 3892.142025937747
-20.65 624.12 0.15 3880.0792213927093
-217.37 838.44 0.14 3892.142026168809
-178.0 565.61 0.08 4046.325545240173
-54.97 786.03 0.15 3880.079221303005
-57.03 694.66 0.09 4003.0676575140196
-109.25 843.96 0.06 4194.790779347655
-54.31 979.04 0.15 3880.0792213001155
-113.3 775.0 0.1 3970.249233125497
-57.35 829.79 0.08 4045.840557016458
-43.92 351.87 0.08 4045.9072993556156
-59.71 733.78 0.1 3970.2333678166956
-171.97 737.24 0.1 3970.240189862571
-13.7 728.53 0.15 3880.0792213112177
-148.7 566.7 0.13 3906.432659704114
-65.53 386.24 0.15 3880.079221373095
-24.31 165.07 0.1 3970.252731647755
-199.06 659.19 0.14 3892.1420273006556
-54.92 676.94 0.09 4002.981260113337
-4.89 567.07 0.14 3892.1420263180426
-151.47 916.0 0.08 4045.6814601266383
-127.97 555.82 0.15 3880.0792213060104
-207.7 868.67 0.12 3923.5647617930713
-231.74 933.38 0.11 3944.408259968718
-212.44 809.89 0.07 4103.297085692002
-122.5 775.56 0.12 3923.564865748268
-57.69 955.48 0.06 4194.847550114118
-180.89 947.24 0.07 4106.9173250220065
-280.27 862.92 0.11 3944.4070809530986
-14.31 56.74 0.09 4003.0430501141395
-56.07 758.12 0.08 4045.80923929812
-33.82 892.68 0.14 3892.142026749828
-92.32 437.44 0.12 3923.564608288102
-36.7 440.28 0.13 3906.4326674082254
-75.69 781.01 0.1 3970.235389651732
-125.3 925.88 0.14 3892.1420275100254
-223.52 827.82 0.13 3906.4326694918836
-92.49 288.27 0.08 4045.816496049857
-348.35 692.97 0.07 5089.342043882105
-499.4 864.98 0.11 5331.97353335379
-149.17 218.45 0.08 5169.28994846878
-230.94 675.3 0.08 5168.335989102421
-539.16 830.9 0.13 5404.332200409237
-393.69 617.85 0.11 5331.973533353814
-256.97 777.63 0.13 5404.332200409236
-265.05 581.18 0.12 5370.771530824914
-243.07 450.72 0.15 5459.472932415403
-437.23 798.4 0.11 5331.973533353821
-479.33 726.76 0.09 5232.902816715434
-226.31 357.11 0.1 5286.616212025544
-338.54 546.89 0.11 5331.97353335381
-167.99 499.86 0.11 5331.973533353795
-295.47 806.54 0.14 5433.6471077156675
-346.53 557.35 0.15 5459.472932415403
-298.45 527.41 0.11 5331.973533353827
-441.76 638.03 0.1 5286.616212025561
-179.5 460.85 0.08 5168.335876704703
-164.17 330.94 0.08 5168.335894678344
-315.34 492.21 0.07 5089.360442745272
-327.41 853.24 0.08 5168.335922778648
-264.46 784.1 0.06 4990.828202744706
-500.93 806.1 0.11 5331.973533353827
-289.27 716.65 0.07 5089.342212864341
-127.83 362.91 0.05 4862.451124100117
-394.17 859.86 0.1 5286.616212025543
-263.59 396.82 0.13 5404.332200409237
-341.3 556.15 0.06 4990.9215841505165
-37.03 89.98 0.13 5404.332200409236
-339.0 786.72 0.11 5331.973533353827
-300.2 689.24 0.09 5232.90281675079
-318.67 698.34 0.08 5168.335965274644
-406.39 697.32 0.05 4865.919087229889
-339.32 747.87 0.11 5331.9735333537965
-288.46 478.68 0.07 5089.364048275583
-480.54 771.17 0.14 5433.6471077156675
-166.33 323.98 0.1 5286.616212025887
-253.07 652.99 0.09 5422.121625555798
-125.6 357.52 0.11 5331.973533353827
-553.1 448.31 0.12 5608.266124600522
-650.01 488.01 0.06 5125.52107873748
-81.75 79.19 0.07 5247.1707519343645
-562.36 482.28 0.13 5653.091416519813
-159.76 191.83 0.15 5727.87394520795
-180.05 168.96 0.11 5557.014860182344
-724.03 629.48 0.08 5346.303382035794
-212.75 252.58 0.07 5247.174309809928
-484.99 472.55 0.14 5692.660446890751
-271.96 238.83 0.08 5346.378303591264
-260.61 252.17 0.1 5497.790886399482
-407.61 391.0 0.08 5346.302791143842
-595.04 448.11 0.07 5247.179758683642
-481.96 394.8 0.06 5124.9976809332775
-618.09 585.92 0.06 5166.734209786011
-583.49 599.26 0.12 5608.266124600522
-173.13 193.29 0.06 5125.680043098893
-460.43 542.37 0.08 5349.09549581641
-247.42 196.47 0.11 5557.014860182342
-445.01 537.57 0.05 4970.852789711509
-593.43 684.68 0.13 5653.091416519813
-564.32 621.97 0.08 5346.303372232092
-703.0 581.78 0.09 5428.508874285375
-682.97 601.65 0.06 5125.630868507298
-560.67 752.75 0.06 5125.027007295585
-625.56 528.85 0.1 5497.790886412323
-538.62 397.15 0.11 5557.014860182344
-93.76 101.61 0.14 5692.660446890751
-585.13 528.47 0.12 5608.266124600522
-510.69 419.97 0.11 5557.014860182338
-417.82 403.66 0.1 5497.790886406548
-605.44 620.51 0.1 5497.790886437648
-695.74 559.0 0.12 5608.266124600522
-590.66 777.75 0.1 5497.7908864084675
-536.47 648.71 0.06 5124.749123571126
-360.95 282.01 0.07 5247.146836128053
-140.36 153.88 0.06 5125.627539929761
-569.55 539.8 0.14 5692.660446890752
-594.82 433.6 0.12 5608.266124600522
-484.01 477.83 0.14 5692.660446890752
-685.02 485.36 0.06 3789.712608166872
-789.06 279.64 0.09 3609.1088184865966
-677.01 464.38 0.11 3552.596993676523
-415.27 262.65 0.07 3708.5948341987973
-526.85 206.97 0.12 3532.785803786458
-316.56 214.13 0.1 3577.3875204682477
-513.85 194.61 0.12 3532.785768520681
-643.56 415.34 0.14 3503.26651247538
-748.5 273.03 0.14 3503.266512338363
-684.34 409.59 0.15 3491.980888135149
-772.99 477.43 0.12 3532.7857830288567
-380.51 202.57 0.1 3577.381930691334
-182.39 69.62 0.12 3532.785762342314
-263.07 122.24 0.11 3552.5965713129717
-600.0 356.14 0.07 3707.633947930429
-525.74 211.77 0.1 3577.38248746174
-469.44 252.58 0.09 3609.1688980103663
-33.84 19.84 0.08 3650.8122430487333
-481.87 162.85 0.1 3577.391368222368
-709.37 384.4 0.14 3503.266512323717
-293.94 137.4 0.06 3794.1221201984094
-517.6 172.65 0.11 3552.5970633949664
-95.8 54.51 0.14 3503.266512444824
-583.72 423.89 0.08 3650.828651689856
-845.57 403.49 0.07 3707.982202807141
-765.06 546.93 0.1 3577.3826981169555
-588.68 298.82 0.12 3532.785794022322
-593.68 288.55 0.08 3650.9520972848213
-442.06 294.15 0.1 3577.381449421599
-785.04 317.69 0.09 3609.1178217605416
-606.58 331.23 0.11 3552.5966301375197
-606.27 373.55 0.15 3491.980888135767
-689.77 251.12 0.14 3503.266512390062
-719.39 444.4 0.12 3532.7858175926613
-414.24 286.05 0.07 3708.371663150536
-299.13 169.71 0.08 3651.151614592037
-320.71 104.37 0.1 3577.3860802022155
-461.25 275.17 0.1 3577.3822004019557
-424.06 160.37 0.05 3950.347884373971
-733.48 342.13 0.12 3532.7857463283112
-655.52 289.77 0.05 3906.2164659826335
-268.1 137.08 0.1 3577.386769518125
-375.54 135.46 0.12 3532.7857628271404
-257.69 180.31 0.14 3503.266512360009
-879.61 354.77 0.11 3552.597550604359
-806.15 337.63 0.07 3707.580406429457
-645.78 146.14 0.09 4114.566363483793
-959.23 225.79 0.06 4029.4187547268157
-790.57 226.28 0.06 4029.3475257464897
-943.86 292.21 0.12 4157.730067704333
-576.44 98.71 0.07 4065.5416090920617
-449.89 72.05 0.09 4114.5766186096325
-942.3 13.57 0.09 4114.576619465512
-878.72 236.38 0.12 4157.730067704333
-820.39 139.46 0.07 4065.441047955559
-349.24 92.23 0.13 4167.640706261593
-148.35 30.7 0.07 4065.4348587502914
-552.2 163.22 0.15 4183.522223778533
-656.13 209.31 0.08 4094.0403920218005
-905.12 254.52 0.12 4157.730067704333
-588.25 74.78 0.09 4114.576617610885
-964.41 193.06 0.15 4183.522223778532
-783.78 71.41 0.08 4092.9657603660335
-404.04 98.09 0.09 4117.465297248701
-475.67 72.56 0.11 4145.999199066226
-594.75 130.22 0.11 4145.999199066238
-843.36 19.11 0.11 4145.999199066229
-746.3 133.83 0.12 4157.730067704333
-858.06 52.02 0.1 4131.880018468179
-943.73 290.94 0.06 4029.748405538744
-724.15 48.8 0.13 4167.640706261593
-507.88 137.8 0.14 4176.139295426358
-758.61 110.99 0.07 4065.443112814753
-827.89 166.14 0.11 4276.267668238979
-777.45 45.81 0.06 4029.853498199001
-104.87 31.44 0.12 4157.730067704333
-494.56 18.03 0.15 4183.522223778532
-780.44 230.69 0.11 4145.999199066315
-241.17 44.38 0.05 3983.0575177470646
-903.08 113.14 0.14 4176.139295426358
-472.96 46.65 0.08 4092.965560464573
-570.89 118.04 0.08 4092.9653969500628
-433.35 79.6 0.08 4092.9758364070776
-538.33 71.71 0.06 4027.664926539438
-759.54 189.71 0.1 4131.880018498161
-634.18 138.29 0.15 4183.522223778532
-144.74 0.33 0.13 4167.640706261593
-914.67 5.1 0.07 4065.4482416176834
-308.58 18.54 0.07 4065.5523513194507
-791.68 -98.9 0.14 4255.850735893119
-674.62 -48.31 0.14 4255.850735893119
-651.55 -100.84 0.06 4001.49998712361
-715.63 -145.74 0.06 4002.0682409672054
-848.53 -25.22 0.07 4059.562092046903
-768.16 -110.93 0.06 4002.0676293816427
-729.97 -37.31 0.06 4002.3064437214075
-498.5 -112.43 0.12 4220.815558466638
-890.01 -208.11 0.06 4001.5134741008515
-987.96 -20.15 0.15 4270.092015330891
-450.54 -12.37 0.14 4255.850735893119
-607.88 -185.75 0.13 4239.5776371798875
-606.53 -37.32 0.09 4142.571747639298
-627.29 -184.03 0.08 4105.400791654533
-724.38 -55.83 0.13 4239.5776371798875
-938.5 -225.01 0.05 3930.3051518364036
-587.56 -130.37 0.12 4220.815558466638
-859.98 -235.58 0.11 4198.970469039865
-715.78 -160.16 0.11 4198.970469039865
-809.25 -55.29 0.11 4198.970469039865
-400.54 -6.46 0.13 4239.577637179887
-825.07 -224.29 0.13 4239.5776371798875
-841.69 -142.57 0.07 4059.542561619132
-863.81 -50.12 0.08 4105.400787205602
-566.33 -139.5 0.13 4239.5776371798875
-910.97 -157.09 0.07 4118.972384422337
-415.13 -97.06 0.1 4173.251264582794
-633.85 -154.55 0.06 4002.1062699147537
-704.58 -196.73 0.09 4142.571751956248
-518.95 -72.2 0.13 4239.5776371798875
-192.01 -57.99 0.07 4059.541498202809
-574.82 -155.48 0.05 3924.8665598153134
-956.94 -212.2 0.09 4142.571748960431
-733.89 -13.16 0.12 4220.815558466638
-771.62 -29.58 0.13 4239.577637179887
-939.88 -83.89 0.09 4142.571745462777
-646.47 -33.6 0.09 4142.57174925556
-938.84 -290.19 0.13 4239.5776371798875
-944.44 -75.25 0.14 4255.850735893119
-514.56 -103.61 0.13 4239.577637179887
-708.24 -142.31 0.09 4142.57174491204
-555.16 -222.82 0.13 6756.223752275253
-391.22 -157.21 0.15 6825.409703240472
-856.64 -464.75 0.1 6609.369186458419
-520.73 -275.29 0.06 6241.491697122632
-873.48 -468.38 0.11 6665.841413257151
-724.64 -463.6 0.14 6792.968340618174
-810.45 -570.24 0.06 6241.592812881716
-501.01 -274.65 0.1 6636.357620083616
-528.1 -288.04 0.08 6462.455161666563
-208.7 -144.09 0.09 6542.614153109069
-890.35 -402.84 0.09 6542.614149807794
-808.71 -547.55 0.08 6462.4549358537
-477.83 -291.35 0.14 6792.968340618167
-164.74 -113.35 0.12 6714.252137016506
-743.54 -267.48 0.13 6756.223752275251
-694.36 -427.7 0.14 6792.968340618176
-236.85 -95.05 0.13 6756.223752275249
-481.71 -325.79 0.07 6364.375468854842
-406.45 -209.52 0.15 6825.409703240472
-825.27 -420.65 0.12 6714.252137016489
-848.94 -520.24 0.1 6609.369186461516
-135.27 -92.14 0.11 6665.841413257157
-747.35 -299.83 0.09 6542.614154611036
-463.86 -306.45 0.13 6756.223752275251
-808.39 -340.3 0.11 6665.841413257154
-771.16 -326.86 0.06 6241.938288815651
-800.0 -416.48 0.06 6241.834770545144
-769.35 -284.57 0.13 6756.223752275248
-752.32 -492.57 0.1 6609.369186446045
-153.12 -62.43 0.13 6756.22375227525
-816.72 -346.26 0.06 6241.706998603555
-451.25 -164.18 0.09 6542.614151776198
-544.19 -181.08 0.1 6609.369186447248
-936.91 -325.91 0.13 6756.223752275252
-741.04 -517.81 0.08 6462.454930015667
-542.8 -204.1 0.05 6083.795980138805
-617.83 -285.55 0.06 6241.788017801877
-775.23 -489.08 0.11 6665.841413257156
-793.29 -512.78 0.07 6364.380134998639
-241.47 -228.49 0.11 7717.295675341094
-373.0 -488.91 0.13 7625.000854710859
-705.32 -550.91 0.07 7059.888687086483
-447.09 -404.32 0.05 6675.178241628641
-131.49 -149.59 0.12 7562.9666163144975
-465.6 -435.5 0.09 7313.018245362904
-219.82 -260.89 0.07 7059.88218184712
-638.37 -633.8 0.11 7491.864181227897
-637.98 -759.51 0.07 7059.881880538313
-518.96 -614.19 0.07 7068.907827327573
-544.35 -554.63 0.06 6889.596103931621
-708.18 -606.12 0.05 6675.4439767892545
-217.75 -200.36 0.05 6674.682649077637
-578.06 -603.74 0.1 7409.51988351198
-247.56 -300.63 0.09 7313.018247186817
-450.65 -558.91 0.05 6673.144828105465
-420.17 -390.59 0.05 6672.2786881344655
-330.95 -328.86 0.05 6674.900593519493
-743.55 -581.55 0.11 7491.864181227915
-376.81 -443.8 0.11 7491.864181228407
-616.27 -617.65 0.11 7491.864181227936
-637.4 -726.92 0.15 7728.100156417666
-343.11 -436.83 0.07 7059.867425240044
-623.46 -495.72 0.07 7059.879363549284
-678.89 -567.07 0.09 7313.0183929198665
-464.83 -570.26 0.1 7409.519883511014
-322.68 -309.48 0.14 7679.619506450546
-500.99 -549.5 0.12 7562.966616314479
-529.63 -652.11 0.1 7409.519883511143
-140.56 -140.05 0.06 6889.16016522197
-370.01 -327.69 0.12 7562.966616314619
-573.64 -432.32 0.11 7491.864181227846
-205.27 -151.68 0.06 6891.356465812344
-428.54 -356.36 0.05 6674.7646401483335
-756.76 -602.61 0.12 7562.966616314356
-686.54 -548.52 0.12 7562.96661631463
-590.14 -631.33 0.1 7409.519883513594
-512.95 -424.67 0.09 7313.018242986031
-479.2 -567.47 0.12 7562.966616314441
-289.84 -239.98 0.13 7625.00085471087
-516.56 -660.38 0.14 7679.619506450585
-245.16 -625.05 0.1 4705.560205598322
-360.4 -902.21 0.07 4478.789730824123
-418.97 -620.67 0.08 5600.987222515876
-406.34 -850.26 0.11 4759.537020128117
-236.97 -422.59 0.07 4730.785281639843
-343.39 -670.04 0.09 4642.459210735396
-106.74 -204.09 0.1 4705.5602056015305
-212.8 -523.09 0.11 4759.537020128117
-516.84 -774.31 0.13 4846.644858500852
-410.2 -634.49 0.13 4846.644858500852
-259.93 -360.98 0.11 4759.537020128117
-546.07 -829.33 0.14 4882.135286856059
-375.38 -561.96 0.13 4846.644858500852
-259.11 -709.42 0.05 4232.760987776147
-170.62 -461.3 0.13 4846.644858500852
-354.74 -625.71 0.13 4846.644858500852
-244.17 -637.93 0.09 4642.459210086433
-311.97 -627.97 0.13 4846.644858500852
-95.86 -189.71 0.08 4584.593876116785
-419.65 -699.15 0.12 4806.124394515854
-245.42 -588.89 0.09 4642.459130449881
-136.94 -241.76 0.11 4759.536936526951
-415.77 -781.73 0.06 4370.128729670752
-198.43 -361.43 0.1 4705.560205610867
-148.35 -392.94 0.13 4846.644858500852
-109.06 -159.69 0.08 4567.909971907915
-410.58 -612.96 0.13 4846.644858500852
-119.45 -301.42 0.06 4371.031771530879
-326.78 -594.71 0.1 4705.560205610349
-135.74 -397.83 0.1 4705.560205614943
-378.31 -810.14 0.09 4642.459211191719
-233.8 -683.72 0.08 4568.090941284479
-301.44 -666.25 0.13 4846.644858500852
-133.25 -226.27 0.09 4642.4592103228115
-337.97 -767.09 0.09 4642.459210268963
-541.27 -769.37 0.05 4241.917824711851
-271.12 -473.64 0.14 4882.135286856056
-319.94 -933.81 0.1 4705.560205617247
-186.34 -964.98 0.13 7676.632779129719
-117.88 -520.98 0.08 7263.146312600277
-123.21 -935.72 0.05 6757.4935233444485
-56.63 -676.61 0.09 7374.007016401786
-53.71 -778.75 0.1 7467.402152201603
-117.37 -531.51 0.13 7676.632779129678
-3.93 -283.95 0.13 7676.632779129676
-97.6 -484.69 0.07 7136.508247786154
-70.46 -496.18 0.11 7547.223167662631
-23.43 -919.69 0.1 7467.402152409326
-10.88 -149.18 0.09 7374.007015837224
-94.58 -732.52 0.13 7676.632779129679
-100.64 -756.91 0.14 7729.865857849516
-145.92 -513.54 0.13 7676.632779129685
-47.59 -190.75 0.06 6964.099433109606
-57.7 -851.77 0.06 6964.072682584902
-193.72 -633.93 0.06 6965.461500775408
-138.83 -470.25 0.05 6756.294149200836
-23.57 -329.41 0.07 7129.251200490741
-79.69 -317.63 0.12 7616.275045328154
-130.41 -907.03 0.07 7129.25064937104
-168.78 -719.71 0.12 7616.275045328155
-292.32 -921.32 0.05 6758.518090586258
-154.53 -835.42 0.06 6964.14338825851
-123.64 -433.73 0.07 7129.2565440965445
-69.38 -355.79 0.06 6964.829327759762
-110.33 -492.37 0.1 7467.402152405623
-110.11 -349.3 0.08 7263.228087872845
-11.99 -873.43 0.1 7467.402152435964
-59.22 -377.97 0.14 7729.865857849514
-46.71 -615.71 0.11 7547.223167662822
-78.49 -462.85 0.06 6964.348864584365
-22.63 -368.26 0.15 7777.1844644823195
-49.47 -393.3 0.08 7263.516420975398
-48.14 -285.12 0.05 6755.997837757276
-1.5 -342.4 0.06 6966.750413191863
-21.62 -205.56 0.08 7263.146298973124
-88.87 -427.84 0.1 7467.402152439786
-167.63 -720.27 0.1 7467.402152437562
-94.78 -584.42 0.1 7467.402152437512
-218.28 -808.7 0.07 7138.111014545482
-102.79 -986.63 0.08 7263.146495821695
51.82 -205.12 0.05 3754.0941599899998
26.21 -256.97 0.07 3571.58708410996
53.88 -854.42 0.05 3779.2817456861876
131.75 -827.81 0.07 3571.1219061315546
161.02 -555.63 0.1 3475.1047682015173
132.46 -790.1 0.09 3495.5730833912603
149.73 -813.41 0.14 3441.2828162137607
127.75 -593.13 0.15 3438.8342486455313
260.42 -871.38 0.12 3451.6727881784086
148.59 -610.23 0.06 3640.853541555908
130.75 -940.05 0.07 3571.9807110540933
239.81 -744.97 0.07 3572.0437096173123
59.01 -454.86 0.11 3461.144907896733
105.41 -326.31 0.05 3748.3019097957067
186.18 -843.5 0.07 3571.052771541703
233.87 -816.75 0.13 3445.354352979711
91.11 -653.72 0.11 3461.1448482280043
38.78 -191.79 0.12 3451.672773447047
43.79 -760.66 0.1 3475.1048745906105
80.54 -856.51 0.09 3495.5784584669855
64.01 -700.44 0.09 3495.601935415467
83.22 -293.63 0.14 3441.282816209302
54.34 -973.69 0.06 3643.2759466351526
147.01 -500.66 0.09 3495.573298295275
32.0 -297.48 0.13 3445.3543534095693
25.08 -310.28 0.12 3451.6727737123156
11.33 -153.32 0.1 3475.104502386263
95.98 -905.46 0.09 3495.5908720421694
20.15 -863.08 0.12 3451.672776130082
242.15 -931.44 0.14 3441.282816212035
58.34 -653.18 0.06 3644.0459523376694
135.75 -973.67 0.06 3506.2563844837623
42.18 -651.1 0.14 3441.2828162090404
38.19 -695.51 0.06 3640.3527674094403
99.88 -344.14 0.05 3754.1114133819997
89.3 -471.17 0.08 3525.9380591364747
95.14 -319.65 0.08 3525.736340783363
164.66 -644.05 0.14 3441.2828162128662
101.62 -839.78 0.08 3525.781723709901
86.5 -760.0 0.08 3525.7532667179166
77.09 -777.94 0.09 3495.5893376317235
130.47 -570.8 0.14 3441.282816220329
195.93 -616.62 0.14 3441.282816214763
69.87 -749.54 0.13 3445.354352740837
87.61 -972.78 0.06 3643.0890952918985
65.09 -564.85 0.07 3571.7395347431357
7.98 -236.26 0.11 3461.144822431942
16.11 -450.22 0.1 3475.104496454588
104.92 -754.59 0.12 634.5683315261408
258.68 -479.49 0.11 20745.326629247582
252.52 -445.76 0.06 18693.412496977733
342.47 -870.74 0.05 18046.715078387395
146.99 -414.48 0.1 20454.938766752435
140.27 -256.39 0.07 19275.90268062288
145.24 -279.33 0.11 20745.245512485486
456.41 -632.79 0.13 21224.999470833605
386.41 -572.26 0.07 19277.94371659452
374.43 -682.23 0.07 19281.45606943993
94.46 -273.73 0.13 21224.79129749514
317.43 -557.85 0.1 20459.232779388058
297.83 -793.93 0.15 21602.075457838637
312.48 -760.73 0.06 18692.947261897203
280.43 -501.64 0.14 21423.567184259336
244.31 -596.91 0.1 20454.963316181143
244.16 -377.7 0.07 19279.625264702587
233.83 -681.75 0.08 19728.031028541922
400.65 -881.73 0.09 20118.904664391754
474.41 -749.2 0.06 18716.944297103717
307.9 -750.86 0.09 20118.84445002964
154.97 -422.83 0.13 21224.262965623402
258.75 -502.54 0.12 20999.38196839866
282.71 -752.44 0.12 20999.74332947594
51.25 -102.39 0.09 20118.53601650794
516.79 -777.04 0.13 21224.83083533883
509.1 -755.51 0.11 20745.890602593012
173.68 -394.7 0.11 20745.53171099853
464.78 -724.31 0.13 21223.726019676993
499.47 -774.57 0.09 20118.398660528124
504.31 -805.42 0.13 21223.54212877527
246.38 -605.25 0.08 19744.251824214807
307.96 -703.78 0.12 20999.71101409173
192.26 -584.9 0.06 18693.253694477495
137.96 -412.47 0.07 19287.315459206573
333.22 -767.97 0.05 17989.63131586846
480.9 -861.19 0.14 21423.547035902902
277.16 -719.8 0.1 20457.230012963428
606.69 -519.47 0.13 6364.917411012737
526.82 -399.05 0.1 6391.009617464553
521.69 -422.26 0.09 6403.395188566688
576.74 -524.31 0.11 6380.819666037349
177.24 -170.79 0.09 6403.405409328556
316.91 -432.03 0.06 6487.108565139674
628.47 -726.59 0.11 6380.835326771677
373.79 -362.13 0.08 6418.599867157078
558.52 -421.75 0.11 6380.828091428283
511.02 -374.46 0.12 6372.277882110851
163.46 -216.99 0.08 6419.909896825616
646.68 -539.7 0.09 6403.8217467644845
604.39 -618.68 0.07 6438.193958381579
416.15 -477.51 0.12 6372.280705872414
695.47 -564.3 0.08 6418.476669358711
410.52 -410.07 0.06 6460.694152426535
429.16 -583.47 0.14 6358.466359350805
609.37 -549.73 0.1 6391.098298185103
265.96 -352.05 0.07 6438.910696295481
579.04 -506.4 0.07 6440.0585658482805
325.63 -240.23 0.1 6390.984125863661
307.63 -421.38 0.06 6474.214582981251
482.03 -605.93 0.06 6486.310119826941
458.7 -520.02 0.11 6380.83655441276
674.06 -512.84 0.09 6403.272783162444
597.64 -781.62 0.12 6372.279899478432
312.55 -262.64 0.05 6533.072480447234
310.77 -263.38 0.14 6358.466359040243
694.6 -578.72 0.05 6534.980084922584
455.68 -582.15 0.08 6418.831576304081
687.05 -516.86 0.09 6403.178686244884
447.6 -611.03 0.12 6372.286691932241
407.0 -359.81 0.12 6372.280229668786
486.32 -652.3 0.05 6487.993536317292
440.28 -418.86 0.09 6403.424577446836
308.36 -358.82 0.09 6403.214061076116
650.12 -557.8 0.11 6380.8277332834605
427.01 -315.66 0.07 6438.330479035787
552.73 -533.13 0.1 6390.98527288723
481.61 -662.44 0.13 6364.9186016303265
367.04 -381.88 0.06 6462.739347073297
533.4 -578.4 0.11 6380.829756616038
434.37 -587.34 0.14 6358.466358161216
617.7 -562.4 0.11 6380.825968073208
151.48 -205.23 0.11 6380.858502278081
653.63 -549.38 0.13 6364.917302756204
488.07 -590.14 0.06 6473.30947416329
295.3 -260.05 0.06 6460.676290473022
584.01 -296.78 0.15 8459.22503177947
857.78 -298.74 0.1 8124.964000755408
868.69 -366.76 0.08 7905.182129318353
121.63 -43.54 0.11 8210.901340832828
588.56 -370.26 0.05 7359.361699974175
621.89 -395.23 0.07 7761.119371559016
500.11 -234.33 0.09 8024.459185905402
695.67 -293.17 0.1 8124.9640007550515
822.66 -500.87 0.07 7764.615205515556
130.25 -48.68 0.14 8407.959342668133
79.08 -41.91 0.11 8210.901340832956
592.77 -338.93 0.09 8024.459185944446
582.64 -402.51 0.06 7583.362235585948
773.51 -341.12 0.08 7905.182487046746
553.73 -201.08 0.1 8124.9640007557
347.5 -193.8 0.11 8210.901340832861
375.73 -228.6 0.13 8350.423924920144
213.89 -100.56 0.12 8285.30536740259
148.87 -91.35 0.08 7905.182148677175
851.03 -402.98 0.11 8210.9013408331
877.11 -301.46 0.11 8210.901340814013
57.53 -38.5 0.1 8124.964000755892
224.12 -125.88 0.08 7905.182322673307
312.43 -102.26 0.13 8350.423924919563
473.93 -295.66 0.06 7583.8290684525155
449.94 -281.77 0.09 8024.45918595891
874.89 -367.79 0.06 7583.336183528729
624.81 -416.97 0.1 8124.964000755303
171.57 -123.3 0.11 8210.901340832814
77.27 -42.77 0.05 7358.661225230892
867.7 -310.32 0.07 7761.117687549417
359.72 -183.42 0.15 8459.22503177962
782.72 -300.83 0.13 8350.423924920233
672.22 -231.64 0.11 8210.90134083281
632.08 -379.23 0.06 7583.309172543571
383.97 -174.52 0.08 7905.182149158783
866.95 -329.26 0.11 8210.901340832921
621.89 -285.48 0.06 7583.334573650864
821.22 -466.54 0.12 8285.305367402942
425.3 -245.69 0.06 7583.633743924429
744.54 -32.69 0.06 2875.5660551034653
534.06 -160.79 0.11 2945.4686343996254
650.51 -192.04 0.14 3016.6051074429406
867.25 -0.01 0.12 2966.2012667364766
513.5 -100.1 0.05 2897.337781775499
971.48 -104.34 0.08 2891.660148260102
734.9 -204.26 0.11 2945.468634385589
934.28 -83.3 0.1 2926.29137392268
656.19 -146.75 0.08 2891.6538452374807
622.63 -157.97 0.13 2989.4737244717944
756.68 -166.16 0.07 2944.9272694747096
594.43 -33.86 0.11 2945.4686343591698
549.64 -146.96 0.14 3016.605107442932
471.61 -49.52 0.14 3016.6051074429356
909.15 -240.43 0.1 2926.5068694436427
565.89 -21.85 0.11 2945.4686343602193
256.04 -29.94 0.14 3016.605107287534
374.27 -46.62 0.08 2891.6587331715195
659.37 -180.85 0.1 2926.291374086162
976.18 -105.3 0.15 3049.0604545185665
172.03 -5.54 0.11 5248.179663293771
862.19 -79.09 0.06 2876.017176264745
782.74 -214.67 0.11 2945.483636421455
728.01 -68.11 0.05 2907.864206530403
85.94 -19.99 0.14 3016.605107442939
737.02 -179.25 0.1 2926.2913743886243
724.38 -126.48 0.13 2989.4737244717944
600.22 -152.02 0.13 2989.4737244717944
133.15 -0.32 0.09 2988.486291869998
971.36 -100.21 0.05 2892.8393426480143
762.83 -156.88 0.07 2878.675401117807
987.41 -51.99 0.06 2874.2352568085003
989.13 -109.92 0.1 2926.29137391221
643.49 -146.44 0.11 2945.4686343830585
888.18 -198.66 0.08 2891.652943635101
918.23 -46.91 0.07 2875.625914578636
315.59 -67.01 0.07 2878.6212850521715
386.44 -8.55 0.1 2926.291374000202
978.97 -62.87 0.1 2926.291374274675
923.3 -37.25 0.1 3154.574381748403
796.54 -189.82 0.14 -654.84246945108
292.35 -79.6 0.08 2891.653153498841
