0.0 0.0
779.32 188.56 0.05 11682.974236053478
658.81 95.72 0.15 12651.279655721552
827.59 31.54 0.05 11687.929994462582
890.04 59.76 0.09 12297.014189121379
936.2 191.32 0.05 11745.591656214307
569.97 84.57 0.14 12611.429229026928
866.67 30.3 0.07 12069.274221369495
274.5 48.36 0.09 12300.541384101383
919.58 147.25 0.15 12651.271551211628
465.7 100.38 0.15 12651.29795379658
697.78 148.78 0.08 12200.788972741593
694.28 47.83 0.12 12513.941941692534
778.44 109.99 0.12 12513.936011777532
535.36 108.39 0.13 12566.247967673226
243.18 37.61 0.08 12191.741889877
876.95 199.74 0.07 12067.121545677166
598.49 74.6 0.08 12195.194116541858
704.73 114.3 0.14 12611.438793061603
869.45 50.7 0.15 12651.274019386648
905.82 246.52 0.1 12383.523570630008
877.34 197.65 0.09 12299.950456367445
699.27 164.35 0.12 12513.989272142586
692.46 0.16 0.09 12298.919366935652
927.04 170.31 0.06 11890.847845722157
426.78 32.35 0.1 12382.039201836742
458.34 37.34 0.1 12381.997420150105
737.81 10.19 0.07 12068.111458841588
888.26 8.91 0.12 12514.036714733405
557.35 67.91 0.07 12061.7085406876
295.31 18.81 0.12 12514.130453711354
806.33 202.42 0.1 12382.938173870676
924.21 93.84 0.1 12382.244899691814
806.13 166.26 0.11 12453.93138768284
275.32 70.59 0.12 12513.958164562191
503.3 136.73 0.07 12075.905474780306
936.7 172.31 0.11 12453.391810430063
168.4 24.16 0.08 12202.276965942867
195.96 47.03 0.07 12077.402052663112
939.56 194.44 0.08 12196.901148753826
561.92 161.7 0.12 12514.20143823342
562.72 180.65 0.06 11928.592892854074
879.79 127.14 0.08 12194.204794780817
798.81 382.9 0.13 3671.220582406998
752.75 285.88 0.13 3671.220582406998
817.63 543.69 0.08 3598.6317546443156
333.33 182.42 0.07 3570.080804702593
716.43 388.48 0.08 3596.2655469060883
709.54 511.07 0.14 3679.3810632666073
391.45 217.73 0.14 3679.3810632666073
416.89 239.21 0.06 3538.5971233152686
123.79 56.55 0.07 3624.9425747619016
454.08 185.68 0.14 3679.3810632666073
831.74 468.84 0.12 3661.371751653033
407.07 226.32 0.14 3679.3810632666073
585.64 402.23 0.05 3472.6066931814084
447.32 229.5 0.07 3569.7882156263768
148.37 74.26 0.06 3538.4008828496153
177.34 100.28 0.14 3679.3810632666073
290.39 193.37 0.09 3617.594148075462
761.23 370.52 0.07 3570.1017004340633
261.62 168.58 0.08 3596.265704414107
494.03 288.97 0.08 3596.2645295078546
693.59 424.51 0.12 3661.3717516530323
367.05 127.32 0.1 3635.064897561511
644.9 414.54 0.08 3600.4311983111884
714.17 492.67 0.05 3506.4002380475204
603.34 230.65 0.08 3596.2627499191267
691.82 392.91 0.11 3649.4652209742744
801.54 287.38 0.14 3679.3810632666073
396.58 230.25 0.13 3671.220582406998
632.3 217.95 0.09 3617.594117004092
158.4 97.98 0.14 3679.3810632666073
522.49 228.95 0.06 3538.227852038908
445.99 232.17 0.09 3617.594138996809
791.43 434.09 0.06 3536.1992740321884
826.78 465.21 0.1 3643.7860819116945
347.51 182.65 0.15 3686.2143500046104
765.38 510.87 0.05 3507.298662393694
916.68 339.32 0.12 3661.3717516530323
467.94 332.05 0.11 3649.4652209736296
838.98 452.55 0.06 3538.2303802662163
719.78 408.68 0.05 3502.393034881487
198.3 104.76 0.11 3649.465220974291
716.91 494.89 0.08 3597.2691035819316
779.71 403.07 0.08 3596.2654985850595
794.02 287.55 0.07 3569.8041708962273
501.76 578.51 0.11 7287.372443518832
263.61 220.49 0.06 6534.655502878822
461.54 475.06 0.12 7381.389637811681
419.81 314.74 0.06 6533.796110961265
349.64 393.84 0.09 7055.919111374242
138.27 119.48 0.07 6739.98373453571
265.91 253.98 0.14 7538.110371037665
440.57 356.18 0.1 7179.921930823984
670.84 710.71 0.1 7179.9219308001375
538.63 647.34 0.09 7563.807028941591
484.72 476.67 0.13 7464.352540070723
389.35 532.69 0.07 6739.983824120758
747.96 566.64 0.13 7464.352540070723
139.69 120.63 0.12 7381.38963781168
497.05 632.59 0.12 7381.389637811677
541.36 414.93 0.07 6739.9622082393325
388.61 309.71 0.13 7464.352540070723
570.49 512.52 0.14 7538.110371037665
609.71 651.34 0.13 7464.352540070723
514.23 555.61 0.12 7381.389637811681
529.18 645.88 0.07 6739.990467173304
719.8 611.26 0.11 7287.372443518847
572.44 567.06 0.09 7055.919111356745
415.69 333.93 0.07 6739.98714623026
580.18 705.49 0.08 6911.183817759763
216.31 165.39 0.15 7604.122937532738
289.71 275.46 0.11 7287.3724435188715
737.17 671.97 0.1 7179.921930787847
533.62 609.16 0.08 7235.5066547151055
578.9 494.83 0.13 7464.352540070723
500.93 661.04 0.12 7381.389637811681
604.86 538.73 0.08 6911.1882331098295
755.28 557.05 0.1 7179.921930793938
520.44 432.45 0.12 7381.38963781168
511.7 562.43 0.13 7464.352540070723
270.87 695.5 0.1 6251.249136475777
483.52 734.45 0.05 6338.689645840316
468.93 852.14 0.12 6237.635817045824
204.78 557.3 0.12 6237.637135346349
270.75 672.06 0.1 6251.254116020948
168.15 494.17 0.08 6273.4961754354445
281.2 740.37 0.15 6225.064932168374
423.57 876.12 0.09 6260.868220115919
391.07 742.18 0.07 6294.9671107077575
103.49 191.03 0.05 6344.667463230449
247.77 506.78 0.13 6232.674651654059
332.76 648.97 0.07 6292.279619972342
162.11 409.44 0.07 6293.684803259799
356.69 554.78 0.08 6273.209040093618
66.4 116.03 0.12 6237.641309975172
474.73 786.47 0.1 6251.257814251998
519.4 793.78 0.1 6251.239484081974
313.9 885.5 0.07 6291.850811195463
466.59 764.31 0.15 6225.064916337424
417.78 742.59 0.08 6273.316587407855
492.46 865.26 0.1 6251.264158343353
334.9 723.92 0.14 6228.546749819881
186.57 294.91 0.1 6251.236722814017
337.0 888.69 0.09 6260.930363792455
419.27 701.97 0.1 6251.296134210959
191.48 407.19 0.14 6228.546756447637
199.8 537.78 0.07 6293.9267681271085
318.36 835.26 0.09 6256.959838684431
160.87 285.4 0.06 6321.368992842307
385.6 630.5 0.12 6237.635854555731
443.81 755.18 0.11 6243.695726614396
318.71 706.45 0.14 6228.54678442626
342.7 886.13 0.13 6232.675115188644
382.86 876.98 0.13 6232.674923052431
188.15 466.87 0.13 6232.675048706133
131.49 251.78 0.09 6261.144220243075
28.51 60.48 0.11 6243.698397700172
484.75 800.03 0.05 6358.085125591979
293.29 701.89 0.1 6251.246171829529
460.94 657.54 0.09 6260.836474412961
283.45 484.15 0.11 6243.695568155124
116.02 277.82 0.14 6228.546781290401
312.74 460.38 0.06 6316.730981422865
483.94 712.47 0.06 6318.607372598392
317.81 489.45 0.09 6260.8826612320245
266.29 905.5 0.1 5476.6440823951125
131.95 569.44 0.14 5594.713312593991
111.57 376.51 0.07 5313.989881460582
61.43 708.8 0.05 5121.490248063035
101.15 557.46 0.1 5476.644082395096
36.17 680.4 0.08 5379.896411578708
29.48 909.91 0.05 5119.134669789332
153.7 856.53 0.13 5571.259493933852
28.86 915.41 0.06 5230.1063673329545
211.99 938.06 0.15 5615.383547938572
14.38 636.33 0.12 5544.384964833343
20.56 773.08 0.14 5594.713312593991
5.81 349.59 0.1 5476.644082395089
172.1 767.02 0.12 5544.384964833343
58.14 670.57 0.12 5544.384964833343
63.09 216.39 0.09 5436.303526251671
9.5 608.43 0.1 5476.6440823951
105.97 346.47 0.14 5594.713312593991
98.3 357.58 0.14 5594.713312593991
54.63 625.23 0.07 5313.992070915714
230.71 751.86 0.09 5432.975528852361
14.25 924.46 0.06 5230.417015186392
220.16 740.49 0.07 5316.7340864650705
1.79 847.08 0.12 5544.384964833343
211.3 680.31 0.07 5313.991075405602
167.48 976.29 0.06 5230.108661837637
204.31 916.01 0.09 5438.067923456998
163.53 522.15 0.08 5384.780478959492
59.13 901.64 0.13 5571.259493933852
202.39 740.98 0.08 5379.896659849583
28.5 456.65 0.07 5315.4820778279145
56.03 377.0 0.05 5120.330362750147
92.92 423.94 0.09 5432.975528323733
12.21 252.48 0.08 5379.896427164047
46.25 800.53 0.11 5531.652705172779
209.3 924.09 0.08 5379.928838758132
222.92 847.13 0.13 5571.259493933852
104.81 633.73 0.07 5314.204360922453
0.52 313.21 0.09 5438.068268792202
92.09 874.09 0.12 5544.384964833343
108.82 581.72 0.14 5594.713312593991
33.94 633.32 0.11 5513.236006350931
-57.35 829.79 0.08 3884.1651791766526
-280.27 862.92 0.11 3784.051800455485
-207.7 868.67 0.12 3762.950675276135
-14.31 56.74 0.09 3842.23037325731
-4.89 567.07 0.14 3730.2829327555405
-92.32 437.44 0.12 3762.95062779131
-57.03 694.66 0.09 3842.242735302012
-231.74 933.38 0.11 3784.052240895437
-54.31 979.04 0.15 3717.27465943844
-24.31 165.07 0.1 3809.8522898242554
-270.8 843.2 0.08 3884.093548595345
-170.37 746.99 0.1 3809.8450992572857
-35.78 513.3 0.14 3730.2829326866445
-54.92 676.94 0.09 3842.199332414921
-54.97 786.03 0.15 3717.274659438778
-148.7 566.7 0.13 3745.3088270905005
-180.89 947.24 0.07 3942.653424243291
-20.65 624.12 0.15 3717.274659449292
-13.7 728.53 0.15 3717.2746594397404
-36.7 440.28 0.13 3745.308828979588
-113.3 775.0 0.1 3809.850757807015
-71.65 429.38 0.07 3941.3185393949116
-107.4 536.77 0.05 4168.844021930502
-57.69 955.48 0.06 4026.91655731468
-122.5 775.56 0.12 3762.9507074333674
-217.37 838.44 0.14 3730.2829327285044
-75.69 781.01 0.1 3809.8446957270835
-65.53 386.24 0.15 3717.274659446993
-151.47 916.0 0.08 3884.074978851738
-171.97 737.24 0.1 3809.846797741159
-43.92 351.87 0.08 3884.203020503147
-59.71 733.78 0.1 3809.8438103667368
-178.0 565.61 0.08 3884.4401777274006
-56.07 758.12 0.08 3884.1474231003444
-119.44 450.05 0.07 3940.7402097239583
-199.06 659.19 0.14 3730.2829329335545
-223.52 827.82 0.13 3745.3088294905115
-109.25 843.96 0.06 4026.876937801574
-127.97 555.82 0.15 3717.27465943913
-33.82 892.68 0.14 3730.2829328337643
-125.3 925.88 0.14 3730.2829329714846
-92.49 288.27 0.08 3884.15153741196
-127.3 486.22 0.1 3809.8526348270075
-212.44 809.89 0.07 3940.3655791374777
-479.33 726.76 0.09 5500.349795717208
-300.2 689.24 0.09 5500.349795736212
-288.46 478.68 0.07 5350.47057585232
-441.76 638.03 0.1 5556.456301183638
-393.69 617.85 0.11 5603.889333332847
-125.6 357.52 0.11 5603.889333332854
-341.3 556.15 0.06 5247.450638046921
-315.34 492.21 0.07 5350.468341551682
-539.16 830.9 0.13 5679.749073395942
-265.05 581.18 0.12 5644.528023033146
-338.54 546.89 0.11 5603.889333332845
-37.03 89.98 0.13 5679.749073395942
-253.07 652.99 0.09 5605.105969066099
-346.53 557.35 0.15 5737.81219846974
-480.54 771.17 0.14 5710.582227573942
-256.97 777.63 0.13 5679.749073395942
-298.45 527.41 0.11 5603.889333332854
-339.32 747.87 0.11 5603.88933333284
-226.31 357.11 0.1 5556.45630118363
-318.67 698.34 0.08 5432.943312363099
-164.17 330.94 0.08 5432.943271520445
-127.83 362.91 0.05 5113.473684672217
-500.93 806.1 0.11 5603.889333332854
-179.5 460.85 0.08 5432.943261122007
-166.33 323.98 0.1 5556.4563011838
-149.17 218.45 0.08 5433.495302251738
-230.94 675.3 0.08 5432.943326148377
-167.99 499.86 0.11 5603.889333332838
-264.46 784.1 0.06 5247.388910599748
-295.47 806.54 0.14 5710.582227573942
-339.0 786.72 0.11 5603.889333332854
-243.07 450.72 0.15 5737.81219846974
-394.17 859.86 0.1 5556.456301183629
-406.39 697.32 0.05 5115.910326274108
-289.27 716.65 0.07 5350.457044759304
-263.59 396.82 0.13 5679.749073395942
-327.41 853.24 0.08 5432.9432877775425
-499.4 864.98 0.11 5603.889333332836
-437.23 798.4 0.11 5603.889333332851
-348.35 692.97 0.07 5350.4569400437
-212.75 252.58 0.07 5592.288559686592
-484.01 477.83 0.14 6066.803097876744
-445.01 537.57 0.05 5297.551435956257
-585.13 528.47 0.12 5976.981154679648
-625.56 528.85 0.1 5859.294913928947
-484.99 472.55 0.14 6066.803097876743
-260.61 252.17 0.1 5859.294913922537
-536.47 648.71 0.06 5461.91438494963
-510.69 419.97 0.11 5922.388508311991
-247.42 196.47 0.11 5922.388508311993
-595.04 448.11 0.07 5592.291911374338
-93.76 101.61 0.14 6066.803097876743
-173.13 193.29 0.06 5462.523403064546
-593.43 684.68 0.13 6024.707681267209
-569.55 539.8 0.14 6066.803097876744
-590.66 777.75 0.1 5859.294913927022
-583.49 599.26 0.12 5976.981154679648
-618.09 585.92 0.06 5489.496862393575
-564.32 621.97 0.08 5697.924415477759
-417.82 403.66 0.1 5859.294913926064
-562.36 482.28 0.13 6024.707681267209
-553.1 448.31 0.12 5976.981154679648
-81.75 79.19 0.07 5592.28637118384
-538.62 397.15 0.11 5922.388508311993
-695.74 559.0 0.12 5976.981154679648
-180.05 168.96 0.11 5922.388508311993
-481.96 394.8 0.06 5462.0769825519565
-271.96 238.83 0.08 5697.9675982860335
-724.03 629.48 0.08 5697.924421127556
-460.43 542.37 0.08 5699.534112250936
-703.0 581.78 0.09 5785.490943086308
-407.61 391.0 0.08 5697.924080601117
-159.76 191.83 0.15 6104.217975467057
-650.01 488.01 0.06 5462.419398497357
-605.44 620.51 0.1 5859.294913941587
-594.82 433.6 0.12 5976.981154679648
-140.36 153.88 0.06 5462.489051784376
-360.95 282.01 0.07 5592.271660259994
-560.67 752.75 0.06 5462.096167390578
-682.97 601.65 0.06 5462.4912295637705
-380.51 202.57 0.1 3381.406663535725
-806.15 337.63 0.07 3516.4140125166355
-320.71 104.37 0.1 3381.408265744607
-513.85 194.61 0.12 3330.882228335031
-845.57 403.49 0.07 3516.6550812837895
-643.56 415.34 0.14 3293.9459654662674
-182.39 69.62 0.12 3330.8822268236336
-600.0 356.14 0.07 3516.446134198242
-719.39 444.4 0.12 3330.8822403393765
-469.44 252.58 0.09 3415.3837643385173
-95.8 54.51 0.14 3293.9459654630955
-316.56 214.13 0.1 3381.408821861419
-785.04 317.69 0.09 3415.360412855129
-526.85 206.97 0.12 3330.882236962002
-583.72 423.89 0.08 3458.704064308098
-684.34 409.59 0.15 3278.580298223133
-414.24 286.05 0.07 3516.888781950111
-442.06 294.15 0.1 3381.4064777082667
-748.5 273.03 0.14 3293.945965452043
-299.13 169.71 0.08 3458.8747496329197
-263.07 122.24 0.11 3353.8773259231343
-709.37 384.4 0.14 3293.945965450522
-525.74 211.77 0.1 3381.406878515536
-588.68 298.82 0.12 3330.882234573428
-606.27 373.55 0.15 3278.5802982231535
-765.06 546.93 0.1 3381.406959853612
-293.94 137.4 0.06 3601.2657780084014
-517.6 172.65 0.11 3353.8774810648233
-677.01 464.38 0.11 3353.8774590842595
-481.87 162.85 0.1 3381.410307563182
-33.84 19.84 0.08 3458.69539308936
-655.52 289.77 0.05 3715.792977605036
-268.1 137.08 0.1 3381.4085319037954
-606.58 331.23 0.11 3353.877344469103
-789.06 279.64 0.09 3415.3562967415255
-257.69 180.31 0.14 3293.94596545429
-593.68 288.55 0.08 3458.7693019067783
-689.77 251.12 0.14 3293.9459654574102
-461.25 275.17 0.1 3381.406767676194
-375.54 135.46 0.12 3330.8822269422353
-733.48 342.13 0.12 3330.8822229061716
-424.06 160.37 0.05 3748.690228588697
-772.99 477.43 0.12 3330.8822318841267
-685.02 485.36 0.06 3598.30183505889
-415.27 262.65 0.07 3517.0227133395983
-879.61 354.77 0.11 3353.8776346703894
-777.45 45.81 0.06 4126.9752648295835
-942.3 13.57 0.09 4212.930148280982
-759.54 189.71 0.1 4230.686646488637
-943.86 292.21 0.12 4257.7141142973705
-943.73 290.94 0.06 4126.910134871027
-588.25 74.78 0.09 4212.930147441079
-449.89 72.05 0.09 4212.930147893381
-472.96 46.65 0.08 4190.956690251716
-656.13 209.31 0.08 4191.503394557429
-148.35 30.7 0.07 4163.096887731021
-494.56 18.03 0.15 4285.610535307658
-878.72 236.38 0.12 4257.7141142973705
-959.23 225.79 0.06 4126.705851124466
-576.44 98.71 0.07 4163.157107297089
-308.58 18.54 0.07 4163.163167293773
-144.74 0.33 0.13 4268.304371523693
-404.04 98.09 0.09 4214.239452353909
-104.87 31.44 0.12 4257.7141142973705
-634.18 138.29 0.15 4285.610535307658
-905.12 254.52 0.12 4257.7141142973705
-538.33 71.71 0.06 4125.619353406895
-903.08 113.14 0.14 4277.510608118519
-843.36 19.11 0.11 4245.355587234842
-594.75 130.22 0.11 4245.355587234844
-820.39 139.46 0.07 4163.100379093445
-570.89 118.04 0.08 4190.9566071024965
-790.57 226.28 0.06 4126.661713406567
-964.41 193.06 0.15 4285.610535307658
-783.78 71.41 0.08 4190.956791904175
-758.61 110.99 0.07 4163.10154389293
-746.3 133.83 0.12 4257.7141142973705
-507.88 137.8 0.14 4277.510608118519
-645.78 146.14 0.09 4212.925503669414
-827.89 166.14 0.11 4292.4407278129365
-349.24 92.23 0.13 4268.304371523693
-552.2 163.22 0.15 4285.610535307657
-475.67 72.56 0.11 4245.355587234841
-914.67 5.1 0.07 4163.104437085452
-780.44 230.69 0.11 4245.355587234871
-433.35 79.6 0.08 4190.961915712811
-858.06 52.02 0.1 4230.68664647673
-724.15 48.8 0.13 4268.304371523693
-241.17 44.38 0.05 4078.9950816401047
-704.58 -196.73 0.09 4324.965261515503
-939.88 -83.89 0.09 4324.965258682529
-518.95 -72.2 0.13 4425.854095782355
-450.54 -12.37 0.14 4442.8839615535435
-771.62 -29.58 0.13 4425.854095782355
-859.98 -235.58 0.11 4383.559612543824
-498.5 -112.43 0.12 4406.287019112354
-890.01 -208.11 0.06 4177.989407464154
-938.5 -225.01 0.05 4101.702281601925
-633.85 -154.55 0.06 4178.343474851027
-910.97 -157.09 0.07 4271.240394034454
-825.07 -224.29 0.13 4425.854095782355
-715.63 -145.74 0.06 4178.320758650537
-514.56 -103.61 0.13 4425.854095782355
-715.78 -160.16 0.11 4383.559612543824
-791.68 -98.9 0.14 4442.8839615535435
-724.38 -55.83 0.13 4425.854095782355
-566.33 -139.5 0.13 4425.854095782355
-606.53 -37.32 0.09 4324.965259632103
-809.25 -55.29 0.11 4383.559612543824
-987.96 -20.15 0.15 4457.849697246522
-587.56 -130.37 0.12 4406.287019112354
-651.55 -100.84 0.06 4177.981352732923
-415.13 -97.06 0.1 4356.835719889425
-674.62 -48.31 0.14 4442.8839615535435
-848.53 -25.22 0.07 4238.563386086291
-768.16 -110.93 0.06 4178.320393328572
-733.89 -13.16 0.12 4406.287019112354
-863.81 -50.12 0.08 4286.322769079674
-938.84 -290.19 0.13 4425.854095782355
-400.54 -6.46 0.13 4425.854095782355
-646.47 -33.6 0.09 4324.965260337245
-574.82 -155.48 0.05 4098.158500928904
-627.29 -184.03 0.08 4286.322771258765
-841.69 -142.57 0.07 4238.552772564064
-729.97 -37.31 0.06 4178.463051411734
-192.01 -57.99 0.07 4238.552194668649
-944.44 -75.25 0.14 4442.8839615535435
-607.88 -185.75 0.13 4425.854095782355
-956.94 -212.2 0.09 4324.965260208486
-708.24 -142.31 0.09 4324.965258442253
-825.27 -420.65 0.12 6986.6759794749
-501.01 -274.65 0.1 6894.119059826726
-810.45 -570.24 0.06 6496.806388221097
-528.1 -288.04 0.08 6725.708971556096
-752.32 -492.57 0.1 6877.950806149084
-406.45 -209.52 0.15 7101.958581415796
-771.16 -326.86 0.06 6497.0583018864745
-793.29 -512.78 0.07 6624.080010683864
-236.85 -95.05 0.13 7030.197945689139
-873.48 -468.38 0.11 6936.486475016271
-555.16 -222.82 0.13 7030.19794568914
-208.7 -144.09 0.09 6808.769767443893
-694.36 -427.7 0.14 7068.306665040418
-808.71 -547.55 0.08 6725.708821809165
-890.35 -402.84 0.09 6808.769765363204
-936.91 -325.91 0.13 7030.1979456891395
-544.19 -181.08 0.1 6877.950806149804
-724.64 -463.6 0.14 7068.306665040416
-463.86 -306.45 0.13 7030.1979456891395
-481.71 -325.79 0.07 6624.076762587803
-451.25 -164.18 0.09 6808.7697666038275
-769.35 -284.57 0.13 7030.197945689139
-848.94 -520.24 0.1 6877.950806158327
-808.39 -340.3 0.11 6936.4864750162715
-743.54 -267.48 0.13 7030.1979456891395
-741.04 -517.81 0.08 6725.708817937695
-391.22 -157.21 0.15 7101.958581415796
-856.64 -464.75 0.1 6877.9508061564775
-800.0 -416.48 0.06 6496.982817489909
-775.23 -489.08 0.11 6936.486475016272
-520.73 -275.29 0.06 6496.732658730649
-153.12 -62.43 0.13 7030.1979456891395
-816.72 -346.26 0.06 6496.889648862474
-747.35 -299.83 0.09 6808.769768390535
-542.8 -204.1 0.05 6333.0119627307795
-135.27 -92.14 0.11 6936.486475016274
-477.83 -291.35 0.14 7068.306665040413
-164.74 -113.35 0.12 6986.675979474909
-617.83 -285.55 0.06 6496.948726203012
-219.82 -260.89 0.07 7418.439326561632
-638.37 -633.8 0.11 7871.103421312673
-544.35 -554.63 0.06 7240.00090877165
-420.17 -390.59 0.05 7012.748269842306
-376.81 -443.8 0.11 7871.103421312978
-529.63 -652.11 0.1 7784.698007154878
-743.55 -581.55 0.11 7871.103421312684
-241.47 -228.49 0.11 8008.5943939381505
-140.56 -140.05 0.06 7239.677963555927
-428.54 -356.36 0.05 7014.661967102851
-322.68 -309.48 0.14 8068.611811351151
-708.18 -606.12 0.05 7015.1849977150205
-464.83 -570.26 0.1 7784.698007154797
-370.01 -327.69 0.12 7945.8061931248685
-678.89 -567.07 0.09 7683.543171330275
-516.56 -660.38 0.14 8068.61181135117
-131.49 -149.59 0.12 7945.8061931247985
-330.95 -328.86 0.05 7014.766636924462
-756.76 -602.61 0.12 7945.8061931247175
-289.84 -239.98 0.13 8011.070307729871
-578.06 -603.74 0.1 7784.698007155402
-479.2 -567.47 0.12 7945.806193124767
-205.27 -151.68 0.06 7241.305137618271
-447.09 -404.32 0.05 7014.980400775925
-343.11 -436.83 0.07 7418.428819351995
-623.46 -495.72 0.07 7418.437319835675
-247.56 -300.63 0.09 7683.543075882872
-450.65 -558.91 0.05 7013.41497996695
-705.32 -550.91 0.07 7418.443958520497
-616.27 -617.65 0.11 7871.103421312696
-373.0 -488.91 0.13 8011.070307729866
-217.75 -200.36 0.05 7014.598843202959
-512.95 -424.67 0.09 7683.54307313158
-465.6 -435.5 0.09 7683.543074688306
-518.96 -614.19 0.07 7424.869219213499
-686.54 -548.52 0.12 7945.806193124874
-637.4 -726.92 0.15 8119.753900137792
-500.99 -549.5 0.12 7945.806193124788
-590.14 -631.33 0.1 7784.698007156412
-573.64 -432.32 0.11 7871.103421312643
-637.98 -759.51 0.07 7418.439112019265
-419.65 -699.15 0.12 5197.773022205711
-244.17 -637.93 0.09 5022.447782971678
-106.74 -204.09 0.1 5090.030698842162
-326.78 -594.71 0.1 5090.030698845778
-212.8 -523.09 0.11 5147.817753990575
-378.31 -810.14 0.09 5022.44778347394
-259.93 -360.98 0.11 5147.817753990575
-95.86 -189.71 0.08 4950.778184722957
-135.74 -397.83 0.1 5090.0306988476605
-418.97 -620.67 0.08 5553.457426822251
-546.07 -829.33 0.14 5279.8053195640405
-337.97 -767.09 0.09 5022.447783054623
-410.58 -612.96 0.13 5241.385086663852
-245.16 -625.05 0.1 5090.0306988408465
-354.74 -625.71 0.13 5241.385086663852
-406.34 -850.26 0.11 5147.817753990575
-109.06 -159.69 0.08 4942.42117856342
-148.35 -392.94 0.13 5241.385086663852
-301.44 -666.25 0.13 5241.385086663852
-311.97 -627.97 0.13 5241.385086663852
-198.43 -361.43 0.1 5090.030698845991
-375.38 -561.96 0.13 5241.385086663852
-319.94 -933.81 0.1 5090.030698848605
-170.62 -461.3 0.13 5241.385086663852
-136.94 -241.76 0.11 5147.817723427708
-133.25 -226.27 0.09 5022.447783079093
-271.12 -473.64 0.14 5279.80531956404
-259.11 -709.42 0.05 4580.065472166172
-245.42 -588.89 0.09 5022.447746783422
-516.84 -774.31 0.13 5241.385086663852
-360.4 -902.21 0.07 4846.326195616362
-233.8 -683.72 0.08 4942.511500242182
-236.97 -422.59 0.07 4989.551282503932
-343.39 -670.04 0.09 5022.447783266578
-415.77 -781.73 0.06 4728.679498253212
-119.45 -301.42 0.06 4729.211949070708
-410.2 -634.49 0.13 5241.385086663852
-541.27 -769.37 0.05 4585.890781110842
-1.5 -342.4 0.06 7299.970707875823
-193.72 -633.93 0.06 7299.00903669794
-97.6 -484.69 0.07 7476.187427239348
-94.58 -732.52 0.13 8044.284721541387
-123.64 -433.73 0.07 7470.984438767364
-11.99 -873.43 0.1 7825.159066096725
-130.41 -907.03 0.07 7470.980211085688
-138.83 -470.25 0.05 7079.883424258874
-167.63 -720.27 0.1 7825.159066097733
-110.33 -492.37 0.1 7825.159066077556
-218.28 -808.7 0.07 7477.337949997416
-70.46 -496.18 0.11 7908.764853570178
-23.43 -919.69 0.1 7825.159066079895
-69.38 -355.79 0.06 7298.53740999956
-110.11 -349.3 0.08 7611.2729603224725
-79.69 -317.63 0.12 7981.083561923377
-186.34 -964.98 0.13 8044.2847215414085
-46.71 -615.71 0.11 7908.764853570294
-10.88 -149.18 0.09 7727.3331607579275
-48.14 -285.12 0.05 7079.653761854906
-3.93 -283.95 0.13 8044.284721541385
-78.49 -462.85 0.06 7298.17898448625
-94.78 -584.42 0.1 7825.159066097702
-22.63 -368.26 0.15 8149.522903089881
-154.53 -835.42 0.06 7298.025704294405
-88.87 -427.84 0.1 7825.159066099139
-59.22 -377.97 0.14 8100.009367818951
-117.37 -531.51 0.13 8044.284721541387
-49.47 -393.3 0.08 7611.4715130521
-168.78 -719.71 0.12 7981.083561923378
-57.7 -851.77 0.06 7297.972960345391
-53.71 -778.75 0.1 7825.159065948665
-56.63 -676.61 0.09 7727.333161130615
-47.59 -190.75 0.06 7297.992915254332
-123.21 -935.72 0.05 7080.813084075048
-23.57 -329.41 0.07 7470.980606347176
-145.92 -513.54 0.13 8044.28472154139
-117.88 -520.98 0.08 7611.21664930815
-21.62 -205.56 0.08 7611.216639924447
-292.32 -921.32 0.05 7081.607323246093
-102.79 -986.63 0.08 7611.216775475035
-100.64 -756.91 0.14 8100.009367818951
65.09 -564.85 0.07 3521.0453283161924
32.0 -297.48 0.13 3461.8261177650643
239.81 -744.97 0.07 3521.2112340120693
132.46 -790.1 0.09 3475.8840509931288
161.02 -555.63 0.1 3467.188417170781
131.75 -827.81 0.07 3520.708528437256
260.42 -871.38 0.12 3461.595136259566
26.21 -256.97 0.07 3520.962186230624
25.08 -310.28 0.12 3461.595133865323
83.22 -293.63 0.14 3463.004845033329
86.5 -760.0 0.08 3492.0210230752455
147.01 -500.66 0.09 3475.88413475243
91.11 -653.72 0.11 3463.014494905496
127.75 -593.13 0.15 3464.679266662795
99.88 -344.14 0.05 3661.558068629127
242.15 -931.44 0.14 3463.0048450333848
101.62 -839.78 0.08 3492.0343070416625
148.59 -610.23 0.06 3570.981238765508
149.73 -813.41 0.14 3463.0048450334198
164.66 -644.05 0.14 3463.0048450334025
69.87 -749.54 0.13 3461.8261177031086
135.75 -973.67 0.06 3488.7972977918707
38.19 -695.51 0.06 3570.668286860906
95.98 -905.46 0.09 3475.8909842125922
43.79 -760.66 0.1 3467.1884505701305
42.18 -651.1 0.14 3463.0048450333234
130.47 -570.8 0.14 3463.0048450335553
54.34 -973.69 0.06 3572.4958164302348
80.54 -856.51 0.09 3475.8861459452764
95.14 -319.65 0.08 3492.013122020891
105.41 -326.31 0.05 3657.45884756366
16.11 -450.22 0.1 3467.188331859701
130.75 -940.05 0.07 3521.176870856205
53.88 -854.42 0.05 3679.3791499912604
58.34 -653.18 0.06 3572.977505411355
7.98 -236.26 0.11 3463.0144887343176
64.01 -700.44 0.09 3475.895296275757
87.61 -972.78 0.06 3572.378947057338
195.93 -616.62 0.14 3463.004845033441
89.3 -471.17 0.08 3492.107290120018
233.87 -816.75 0.13 3461.8261177252393
186.18 -843.5 0.07 3520.6708346075256
51.82 -205.12 0.05 3661.5458866938698
59.01 -454.86 0.11 3463.0145091800146
20.15 -863.08 0.12 3461.5951342654807
77.09 -777.94 0.09 3475.8903861637646
11.33 -153.32 0.1 3467.188333721865
38.78 -191.79 0.12 581.1992643097092
104.92 -754.59 0.12 -2235.905177611197
137.96 -412.47 0.07 19775.896952126586
317.43 -557.85 0.1 20980.20726339997
307.9 -750.86 0.09 20632.078259446367
94.46 -273.73 0.13 21765.46648335438
173.68 -394.7 0.11 21274.38212451263
386.41 -572.26 0.07 19767.576738037893
233.83 -681.75 0.08 20231.185858429162
516.79 -777.04 0.13 21765.499221277765
400.65 -881.73 0.09 20632.130494405646
504.31 -805.42 0.13 21764.432166096667
146.99 -414.48 0.1 20976.524771161705
499.47 -774.57 0.09 20631.69154594191
456.41 -632.79 0.13 21765.638854263238
140.27 -256.39 0.07 19765.76484603082
480.9 -861.19 0.14 21969.341587789666
192.26 -584.9 0.06 19170.95763947954
244.31 -596.91 0.1 20976.545823719036
342.47 -870.74 0.05 18501.912278959095
154.97 -422.83 0.13 21765.02901912776
464.78 -724.31 0.13 21764.584426993923
145.24 -279.33 0.11 21274.13952254386
333.22 -767.97 0.05 18450.068106714243
282.71 -752.44 0.12 21534.938664811954
307.96 -703.78 0.12 21534.911590237825
258.75 -502.54 0.12 21534.635909086217
297.83 -793.93 0.15 22152.369009121623
474.41 -749.2 0.06 19192.22697519159
258.68 -479.49 0.11 21274.208282688756
374.43 -682.23 0.07 19770.69487801245
277.16 -719.8 0.1 20978.489683687978
252.52 -445.76 0.06 19171.100191347854
51.25 -102.39 0.09 20631.810699236754
509.1 -755.51 0.11 21274.686347944797
246.38 -605.25 0.08 20245.421140467297
312.48 -760.73 0.06 19170.68256564361
280.43 -501.64 0.14 21969.358073291707
244.16 -377.7 0.07 19769.069537781383
617.7 -562.4 0.11 6341.756470349343
367.04 -381.88 0.06 6423.507601431267
447.6 -611.03 0.12 6333.454926511204
295.3 -260.05 0.06 6421.89032437762
316.91 -432.03 0.06 6442.632641734517
410.52 -410.07 0.06 6421.904325547992
177.24 -170.79 0.09 6363.960858997898
265.96 -352.05 0.07 6399.167598741922
488.07 -590.14 0.06 6431.798222123255
694.6 -578.72 0.05 6489.426884592542
440.28 -418.86 0.09 6363.973700797578
606.69 -519.47 0.13 6326.401336324734
455.68 -582.15 0.08 6379.255006948517
310.77 -263.38 0.14 6320.343075431361
604.39 -618.68 0.07 6398.632845297539
481.61 -662.44 0.13 6326.401952452439
576.74 -524.31 0.11 6341.752728505573
687.05 -516.86 0.09 6363.808967335866
416.15 -477.51 0.12 6333.451600468672
558.52 -421.75 0.11 6341.7577310959205
609.37 -549.73 0.1 6351.792930864607
307.63 -421.38 0.06 6432.508485184099
458.7 -520.02 0.11 6341.762756016598
628.47 -726.59 0.11 6341.762027100709
434.37 -587.34 0.14 6320.343075010031
511.02 -374.46 0.12 6333.450031499944
650.12 -557.8 0.11 6341.757518446632
674.06 -512.84 0.09 6363.872006313306
308.36 -358.82 0.09 6363.832666126116
695.47 -564.3 0.08 6379.003726043746
151.48 -205.23 0.11 6341.775787665445
312.55 -262.64 0.05 6487.855210247757
526.82 -399.05 0.1 6351.73689664283
579.04 -506.4 0.07 6400.024101051796
427.01 -315.66 0.07 6398.7346993360525
373.79 -362.13 0.08 6379.090951142542
429.16 -583.47 0.14 6320.343075580217
646.68 -539.7 0.09 6364.239795366562
653.63 -549.38 0.13 6326.401280303526
552.73 -533.13 0.1 6351.721514320936
597.64 -781.62 0.12 6333.451152411273
325.63 -240.23 0.1 6351.720789566321
482.03 -605.93 0.06 6442.0053949069425
533.4 -578.4 0.11 6341.758719805082
486.32 -652.3 0.05 6450.772182082632
407.0 -359.81 0.12 6333.451335875219
521.69 -422.26 0.09 6363.954011550599
163.46 -216.99 0.08 6380.018548789376
500.11 -234.33 0.09 8337.045210745753
171.57 -123.3 0.11 8524.528559226217
375.73 -228.6 0.13 8662.923377976313
821.22 -466.54 0.12 8598.594123278901
79.08 -41.91 0.11 8524.528559226308
632.08 -379.23 0.06 7887.315931766773
867.7 -310.32 0.07 8069.304817414937
582.64 -402.51 0.06 7887.356824804685
213.89 -100.56 0.12 8598.594123278686
822.66 -500.87 0.07 8071.90927321414
121.63 -43.54 0.11 8524.528559226226
592.77 -338.93 0.09 8337.045210772802
672.22 -231.64 0.11 8524.528559226215
383.97 -174.52 0.08 8216.102805948145
347.5 -193.8 0.11 8524.528559226248
773.51 -341.12 0.08 8216.103048752242
588.56 -370.26 0.05 7656.805395562854
877.11 -301.46 0.11 8524.528559214159
224.12 -125.88 0.08 8216.102930634555
425.3 -245.69 0.06 7887.566065392859
77.27 -42.77 0.05 7656.247085407933
868.69 -366.76 0.08 8216.10279169094
473.93 -295.66 0.06 7887.716596931023
553.73 -201.08 0.1 8438.396020854665
621.89 -395.23 0.07 8069.306071232986
449.94 -281.77 0.09 8337.04521078282
148.87 -91.35 0.08 8216.102805602064
312.43 -102.26 0.13 8662.92337797597
857.78 -298.74 0.1 8438.39602085447
874.89 -367.79 0.06 7887.336747763395
130.25 -48.68 0.14 8719.277969987894
624.81 -416.97 0.1 8438.3960208544
621.89 -285.48 0.06 7887.335507110918
57.53 -38.5 0.1 8438.396020854792
782.72 -300.83 0.13 8662.923377976365
851.03 -402.98 0.11 8524.5285592264
866.95 -329.26 0.11 8524.528559226286
695.67 -293.17 0.1 8438.396020854232
359.72 -183.42 0.15 8769.014228399108
584.01 -296.78 0.15 8769.014228399026
133.15 -0.32 0.09 3200.0570518944146
737.02 -179.25 0.1 3217.2067972622117
565.89 -21.85 0.11 3246.260539897322
600.22 -152.02 0.13 3293.9478550290787
971.36 -100.21 0.05 3053.809671697518
888.18 -198.66 0.08 3150.0962794214006
934.28 -83.3 0.1 3217.206797223469
918.23 -46.91 0.07 3112.35654071759
987.41 -51.99 0.06 3077.9398169843516
909.15 -240.43 0.1 3217.2247297509457
656.19 -146.75 0.08 3150.096503776873
923.3 -37.25 0.1 3251.334298623586
659.37 -180.85 0.1 3217.206797237062
976.18 -105.3 0.15 3323.3902722137577
756.68 -166.16 0.07 3136.683299869773
594.43 -33.86 0.11 3246.260539897317
534.06 -160.79 0.11 3246.2605398975015
549.64 -146.96 0.14 3311.4313121961573
471.61 -49.52 0.14 3311.4313121961563
650.51 -192.04 0.14 3311.4313121961554
724.38 -126.48 0.13 3293.9478550290787
374.27 -46.62 0.08 3150.0977201017204
85.94 -19.99 0.14 3311.431312196156
782.74 -214.67 0.11 3246.260608270774
867.25 -0.01 0.12 3271.9808079268155
292.35 -79.6 0.08 3150.0963316440275
256.04 -29.94 0.14 3311.431312228462
622.63 -157.97 0.13 3293.9478550290787
315.59 -67.01 0.07 3113.363225593334
728.01 -68.11 0.05 3061.8229445178886
744.54 -32.69 0.06 3078.51212103317
978.97 -62.87 0.1 3217.2067972527366
172.03 -5.54 0.11 4262.49021810866
734.9 -204.26 0.11 3246.260539897437
971.48 -104.34 0.08 3150.0980722379636
989.13 -109.92 0.1 3217.2067972225987
862.19 -79.09 0.06 3078.706283041886
762.83 -156.88 0.07 3113.381450995146
643.49 -146.44 0.11 3246.260539897425
386.44 -8.55 0.1 3217.2067972299146
513.5 -100.1 0.05 3056.201215921945
