0.0 0.0
939.25 41.45 0.06 6395.274221212957
842.81 81.29 0.12 6509.8152701316585
919.98 36.45 0.14 6527.319255152065
423.32 26.27 0.11 6498.942192171044
324.18 21.06 0.1 6486.071649401184
226.78 58.08 0.11 6498.947630308934
435.82 25.32 0.15 6537.6244643776445
622.69 177.26 0.1 6486.068515509115
857.86 223.27 0.08 6451.348650012859
856.25 251.14 0.06 6395.410840493767
598.67 181.05 0.08 6451.34350012175
948.69 304.28 0.12 6509.816708069219
713.17 72.58 0.06 6400.499823725832
889.52 64.16 0.14 6527.48323289556
761.65 158.01 0.1 6486.067945245124
768.13 232.62 0.08 6451.338758112163
768.88 35.91 0.1 6486.075648021961
520.21 39.65 0.12 6509.815227271691
899.4 25.32 0.13 6519.154345187739
785.48 195.88 0.07 6426.961407637078
264.48 64.87 0.14 6530.332400744477
351.24 7.57 0.07 6427.478130272434
534.48 141.71 0.14 6527.316154716027
455.22 125.94 0.1 6486.068329796073
576.61 131.19 0.06 6397.121601776538
187.51 4.8 0.13 6519.279288649648
958.49 34.02 0.14 6527.316089753685
867.8 26.39 0.1 6486.073071862738
826.42 73.58 0.09 6470.548076171842
609.04 130.49 0.11 6498.947416814254
928.57 36.83 0.12 6509.815239399615
617.47 78.87 0.1 6486.074185673967
320.47 79.45 0.13 6519.154337222375
330.13 6.15 0.05 6367.69124998671
133.42 18.59 0.14 6612.95920994536
887.56 249.49 0.07 6427.359753163896
701.63 44.37 0.08 6451.291018006529
680.53 163.29 0.07 6428.173024351491
750.63 104.51 0.08 6451.330201056164
646.61 6.15 0.14 6527.316090323
376.12 1.52 0.11 6498.946771157633
464.37 50.91 0.14 6527.316399500432
646.17 357.75 0.1 7993.571260890425
892.34 388.87 0.11 8029.01323264068
664.22 324.09 0.14 7733.186462000917
806.86 531.82 0.05 7640.198824013609
773.22 460.78 0.12 8058.962227094263
784.28 454.58 0.13 8084.55174208969
880.64 336.56 0.07 7834.350120648118
765.62 554.82 0.13 8084.568633160673
306.32 219.66 0.07 7833.6146002301375
863.44 502.92 0.11 8029.010856907504
913.79 389.07 0.11 8029.0072760928
174.48 104.13 0.05 7639.627326436503
507.48 331.21 0.1 7993.577301796024
226.0 147.26 0.13 8084.595849917425
533.22 231.35 0.09 7950.953961102565
799.37 375.28 0.11 8029.008283149304
451.65 278.58 0.1 7993.583296145095
663.52 447.2 0.14 8106.724239040135
787.79 561.07 0.08 7898.94808143258
492.3 269.31 0.08 7899.284036243162
55.83 21.01 0.12 8058.9573617385995
439.22 251.3 0.07 7833.49607337556
493.33 168.22 0.11 8029.009474501507
391.31 127.85 0.08 7898.969237401901
341.45 234.86 0.16 8143.299832164657
808.29 498.66 0.06 7757.36910408835
855.87 436.68 0.13 8084.567603311669
768.25 422.81 0.14 7917.236021706789
631.46 406.75 0.1 7993.585262325369
558.06 332.24 0.13 8084.5517887218175
683.78 314.05 0.12 8058.939062423944
212.62 147.41 0.08 7899.190278107492
830.26 396.27 0.13 8084.55223419261
827.33 412.4 0.07 7835.076345345967
609.87 276.32 0.13 8084.5518144715625
429.57 160.25 0.07 7833.873391277139
522.31 188.7 0.11 8029.007257806913
882.87 408.25 0.11 8029.0095290236
898.21 303.07 0.06 7750.517534521143
366.14 121.7 0.07 7833.5457258490505
239.44 95.1 0.14 8106.71623454687
368.47 351.6 0.07 9157.026039841578
625.95 605.8 0.12 8028.510884777374
317.51 315.39 0.09 8743.058380845721
111.72 90.4 0.11 8349.26180049952
611.14 720.1 0.12 8217.799235167757
381.9 472.04 0.15 7663.59220999769
680.18 605.66 0.06 9563.50229291174
395.48 360.34 0.08 9183.467709365541
234.91 305.21 0.12 8436.980374702107
269.3 342.0 0.12 8505.319396444713
329.96 425.38 0.09 9105.06434838271
415.01 380.4 0.13 8422.638228080685
603.08 571.26 0.1 9035.571018709414
580.9 776.99 0.1 9088.33439293611
205.79 248.73 0.12 8844.415733176822
703.77 696.38 0.07 9688.5905225319
410.47 436.24 0.15 8562.003563064869
599.31 758.83 0.07 9779.217268535333
666.84 495.47 0.07 9800.248838626396
331.07 382.35 0.14 8928.705231355812
652.57 564.27 0.08 9462.46303583942
297.39 270.72 0.07 9813.7194704973
591.68 594.77 0.1 9627.228291426673
235.91 306.03 0.06 10120.273974992977
788.89 612.51 0.06 10144.793230480396
515.39 465.39 0.1 9750.403881150249
459.34 497.38 0.06 10115.21741069099
596.34 561.16 0.08 10022.251840362538
229.01 218.77 0.06 10162.254582493477
300.75 407.4 0.08 10092.044085299018
641.94 554.47 0.14 9658.582247817072
773.74 580.84 0.1 9939.798076218693
619.98 586.8 0.1 10059.456314514568
223.88 192.5 0.06 10141.25444074202
567.08 669.57 0.09 9574.479927534418
694.74 638.71 0.11 10063.735951349763
468.45 582.58 0.12 10161.398100831997
595.11 443.58 0.08 9882.853075232662
486.28 869.53 0.05 9210.773730697894
335.93 642.33 0.13 7842.737816491555
100.54 200.27 0.17 7091.81057345308
255.6 676.45 0.1 8670.30790712403
316.81 687.99 0.11 8518.761415247842
369.69 820.81 0.09 8966.723347851745
479.81 865.95 0.1 8803.534576906512
511.6 719.56 0.12 8478.741473027008
390.09 760.02 0.13 8352.917012759479
287.75 710.53 0.08 9266.574194032546
477.86 702.97 0.11 8728.243630771643
204.79 480.1 0.15 8251.387393482815
326.38 577.05 0.12 8835.160209627236
332.22 695.58 0.07 9351.37250144294
112.68 188.69 0.07 9361.666255752223
318.66 465.09 0.1 9299.19051130022
314.14 779.93 0.1 9353.728573557026
296.29 806.91 0.14 8871.189769885834
376.28 801.93 0.09 9275.186727574437
187.4 542.33 0.2 8297.460383865275
133.74 379.52 0.1 9317.285128821784
218.74 544.13 0.14 9219.976823754349
193.72 434.69 0.18 8923.67540841693
278.47 640.66 0.18 9070.927333608655
82.46 195.39 0.13 9152.996343237599
97.58 135.42 0.15 9317.545325186164
374.5 732.68 0.14 8790.466145347855
115.68 305.14 0.13 9491.917029770573
42.46 63.92 0.1 9065.972352265995
428.71 705.26 0.08 9210.651288849876
300.39 469.32 0.14 8416.798126318912
419.12 602.35 0.14 9429.691491348593
132.15 345.97 0.06 9303.467905164518
218.64 350.9 0.06 9303.46717005733
368.28 681.49 0.11 9360.143723007983
399.97 809.27 0.05 9203.812272904066
9.26 908.63 0.09 8711.536473396378
32.62 619.97 0.14 7639.2497682807625
0.11 287.55 0.23 5868.145114172197
39.53 540.17 0.11 8494.13721679929
91.93 651.56 0.23 6262.97979341731
39.26 968.79 0.06 9635.876854148442
36.43 639.08 0.06 9635.533512818709
187.47 718.59 0.11 8769.731029023207
118.5 786.16 0.23 6836.643669764948
136.02 514.25 0.13 8613.29333848376
63.02 939.35 0.07 9650.366623136402
202.39 645.38 0.1 9205.552933191382
233.63 759.92 0.08 9555.763368344955
52.31 214.98 0.11 9157.10024140488
1.74 548.45 0.06 9820.002990204846
109.97 918.21 0.12 9134.69739117777
102.57 568.17 0.11 9336.32205685709
165.83 840.73 0.18 8531.499545763265
18.7 551.85 0.06 10065.487431015514
88.75 399.82 0.06 9949.054714288608
173.98 663.74 0.1 9661.114358426257
217.85 862.53 0.06 9964.487092923242
108.28 416.75 0.11 9660.15125432215
104.16 801.51 0.1 9817.887207720727
46.65 301.64 0.12 9511.447524725165
83.97 989.99 0.17 9435.517917269637
216.06 668.99 0.05 10180.992957558594
70.45 402.38 0.13 9879.157986923063
84.58 988.1 0.08 9709.01361627479
42.93 864.03 0.05 9994.373050411928
44.17 410.88 0.1 9409.242761043599
184.52 823.8 0.15 9791.723427733628
-192.06 807.26 0.09 8319.84527620033
-117.79 918.12 0.07 8165.108002534465
-90.2 585.07 0.11 8360.799912777033
-11.03 432.51 0.11 8426.382563131176
-91.45 531.19 0.11 8429.667998660934
-21.53 342.95 0.1 8379.567532239336
-128.14 872.65 0.07 8164.992270565672
-298.33 952.07 0.05 7932.655414101651
-35.17 590.84 0.06 8067.403622042177
-5.31 628.5 0.05 7931.3315944834485
-125.52 719.97 0.12 8475.564443472678
-276.38 932.05 0.09 8320.029482915794
-229.69 767.91 0.07 8167.813248184857
-77.73 492.26 0.14 8470.37537556667
-12.03 589.14 0.06 8064.189870350192
-50.68 225.67 0.15 8476.636929418748
-206.89 753.99 0.11 8430.922048674116
-12.33 982.67 0.16 8568.221664922234
-73.98 749.98 0.1 8379.547106606564
-60.56 504.18 0.08 8249.399676485067
-75.86 568.96 0.11 8430.921378821207
-125.65 966.69 0.09 8319.97225095838
-109.55 444.47 0.07 8167.721103148526
-173.16 568.6 0.09 8319.92282275893
-71.96 833.22 0.14 8549.230724325495
-234.83 860.24 0.15 8579.745414327695
-11.39 936.57 0.08 8249.442323285646
-215.6 911.21 0.15 8431.093774705114
-87.51 738.49 0.15 8580.105966676387
-133.94 722.51 0.13 8514.69452748457
-64.32 453.36 0.1 8379.023576494004
-8.96 312.76 0.05 7966.041312496879
-96.64 533.09 0.12 8384.012729387792
-47.04 161.19 0.08 8249.950760783751
-76.3 742.12 0.06 8070.652767788533
-28.61 699.1 0.06 8066.9561681025
-25.41 122.31 0.12 8475.499018765953
-49.76 295.06 0.14 8236.393885744645
-0.76 859.26 0.07 8165.3010583048435
-130.5 944.11 0.06 8063.854699497328
-11.66 233.57 0.08 8249.42184152214
-104.49 415.71 0.08 8249.574311758928
-271.06 705.16 0.08 8925.770378624278
-206.39 399.71 0.07 9180.365399429906
-371.36 868.5 0.1 8539.140178903446
-319.22 642.93 0.1 8570.860366412064
-378.95 738.64 0.1 8616.28584995469
-230.09 430.58 0.1 8673.681971995069
-374.53 516.04 0.15 7734.842201177895
-350.51 923.57 0.05 9792.513523592332
-454.99 866.34 0.08 9222.611994749512
-218.02 485.8 0.14 8111.686538976105
-305.6 839.11 0.08 9291.098772868041
-417.39 660.61 0.14 8215.719557064866
-266.77 764.71 0.1 8995.022800606495
-420.07 852.74 0.13 8544.85395985128
-457.26 744.72 0.06 9774.447927109382
-315.17 604.64 0.12 8835.086508122076
-371.91 789.34 0.13 8761.003345404053
-420.99 867.11 0.12 8997.028733203548
-305.15 772.57 0.07 9773.71419521637
-135.6 192.11 0.05 10085.783545064995
-322.63 483.42 0.12 9120.890711640524
-299.43 679.67 0.06 10012.233700014134
-53.5 76.85 0.05 9986.178490271048
-528.39 819.21 0.1 9600.026280977618
-106.4 150.18 0.06 9668.19584440408
-240.58 541.76 0.09 9810.872275097803
-365.72 540.79 0.12 9541.343563611841
-301.65 581.53 0.07 9888.566318567047
-299.55 669.82 0.12 9414.917529414904
-242.64 434.04 0.11 9633.105260552618
-303.75 870.07 0.05 10163.682093774334
-329.87 570.57 0.09 9529.812160980771
-196.45 382.35 0.11 10001.682027504412
-431.04 855.08 0.06 10229.97081997562
-477.38 861.56 0.06 10113.512690407384
-316.07 669.52 0.1 10044.219653750775
-209.97 336.93 0.1 10260.62283849985
-282.92 594.83 0.06 9791.105404016971
-188.12 518.4 0.06 10160.258120927216
-166.79 301.31 0.08 9948.970036117254
-401.86 567.77 0.11 9631.817451018247
-649.47 570.41 0.05 9625.839813060004
-405.85 369.01 0.08 8947.35079229961
-302.44 416.14 0.06 9425.452810789606
-179.6 193.0 0.14 7632.317224049782
-607.65 481.2 0.15 7503.072883871488
-412.31 458.23 0.06 9494.68876932187
-711.43 648.76 0.08 9098.02812907289
-625.46 667.87 0.06 9536.982592659248
-484.52 498.59 0.08 9142.29692801413
-222.71 291.84 0.08 9177.085028626154
-689.59 545.65 0.1 8823.521370378563
-404.56 384.41 0.06 9632.049173213501
-673.41 656.43 0.13 8368.62607649278
-297.29 291.69 0.13 8454.01021053821
-252.41 316.17 0.14 8381.001972463131
-446.44 572.34 0.07 9619.08437455776
-529.13 430.09 0.06 9642.387396824462
-572.74 549.07 0.07 9666.465627899195
-517.44 564.19 0.07 9458.582001662218
-601.43 650.86 0.11 9134.865049252501
-292.44 295.66 0.15 8599.851184052104
-124.88 137.84 0.08 9656.430630730945
-511.65 572.92 0.08 9693.583850061968
-200.77 239.02 0.1 9189.890583475537
-735.11 615.45 0.15 8950.884354430222
-512.22 450.11 0.1 9455.78359675331
-526.0 659.24 0.06 9678.629460006281
-415.46 486.09 0.05 10098.22214681234
-770.02 581.46 0.07 10057.209426920354
-496.04 475.03 0.11 9701.923294636117
-341.36 268.69 0.06 10127.747433131057
-555.03 715.08 0.09 9814.03894709603
-528.86 445.43 0.08 10108.75005834601
-342.56 445.88 0.13 9773.47558078674
-228.59 237.56 0.13 9601.816920882651
-246.98 302.95 0.08 10205.470355529033
-473.1 438.63 0.12 9947.448606672695
-241.39 251.97 0.11 9688.476162196015
-478.26 491.37 0.13 9716.261914350358
-592.67 667.62 0.13 9258.23982841213
-731.67 429.4 0.13 7793.35466343531
-777.22 455.92 0.11 8311.109486317371
-116.74 60.2 0.16 7316.201671736271
-676.62 444.42 0.08 9090.264357855965
-256.04 91.63 0.08 9132.423185464635
-552.87 246.02 0.08 9171.224177500912
-820.04 281.74 0.11 8610.864527153724
-742.59 522.6 0.08 9236.87842822698
-542.18 384.42 0.06 9647.285060921336
-803.74 325.42 0.12 8559.11077792877
-541.65 342.67 0.08 9335.543747779284
-483.89 301.72 0.06 9719.95667094802
-674.63 399.2 0.06 9550.477068278997
-813.3 289.21 0.12 8750.756918130273
-217.35 94.84 0.1 9154.8134762347
-116.98 50.02 0.08 9517.293838803434
-771.58 502.58 0.1 9243.709106978742
-521.56 376.16 0.11 9135.369211601173
-543.19 180.98 0.18 8209.083101173746
-800.07 279.38 0.06 9936.430255359519
-623.21 245.0 0.15 8846.206373511912
-362.01 123.17 0.11 9436.671374523063
-629.26 365.43 0.13 9268.722658031153
-652.72 356.72 0.12 9249.747949027922
-803.33 406.48 0.09 9598.010447682784
-462.03 297.75 0.07 10078.871593152011
-756.74 467.01 0.11 9745.150876917354
-380.17 236.33 0.07 9774.48398739142
-570.49 370.93 0.11 9118.642081745698
-620.95 305.64 0.08 9618.869605906855
-464.54 334.85 0.06 10206.502674342917
-367.66 207.45 0.13 9621.900679181701
-832.42 385.23 0.07 9686.05887220481
-855.53 498.46 0.08 9322.787133525102
-890.98 327.63 0.1 9826.755246618834
-340.36 134.96 0.08 9521.436751703599
-571.15 387.69 0.1 10023.711846424956
-714.31 460.41 0.17 9812.276426669006
-658.96 464.18 0.08 9638.730636215892
-924.44 271.71 0.14 7568.1793967345275
-891.66 58.04 0.09 8154.620505460642
-925.84 95.1 0.09 8154.617969748466
-744.47 81.43 0.1 8207.246450710474
-937.73 147.08 0.05 7779.526953600936
-426.76 7.03 0.11 8251.155446239838
-923.4 35.56 0.05 7799.324174170746
-733.16 162.82 0.11 8251.153048843224
-237.23 60.3 0.1 8207.24099024228
-925.28 60.35 0.13 8320.193541853034
-79.1 22.81 0.12 8288.329616743662
-190.19 28.12 0.06 7909.095457022524
-903.7 90.1 0.14 8347.792007399366
-753.92 133.93 0.09 8154.625678230988
-710.38 139.76 0.13 8320.195422417035
-651.22 140.71 0.06 7910.564146951194
-627.39 28.58 0.11 8251.152975978714
-947.09 64.38 0.14 8347.793267340212
-525.79 61.37 0.15 8371.953320299639
-789.16 39.65 0.1 8207.24574892651
-139.0 30.91 0.14 8347.800902722325
-758.27 189.42 0.13 8320.193592651849
-724.87 115.17 0.13 8320.193543364632
-712.65 164.9 0.07 8010.709059021869
-722.89 195.25 0.09 8154.6490631001
-654.01 133.0 0.09 8154.68978074985
-592.36 69.89 0.1 8207.241466563108
-867.24 121.14 0.09 8154.632655969991
-976.44 86.16 0.08 8090.6620736542745
-874.56 185.61 0.09 8154.622579387118
-529.74 97.27 0.11 8251.152822114153
-826.4 259.49 0.07 8010.679292453169
-828.72 227.73 0.13 8320.23098687574
-838.56 245.06 0.08 8090.489794039686
-636.58 87.99 0.13 8320.251487197558
-225.65 31.6 0.06 7909.932134956445
-578.75 59.7 0.06 7910.410303145378
-659.92 173.51 0.12 8288.329649230538
-553.02 31.34 0.13 8260.882278508354
-546.74 99.87 0.07 8010.951384640964
-557.24 99.39 0.13 8272.905224361548
-835.26 -179.74 0.08 8933.71629804045
-95.93 -3.94 0.12 8066.21572885018
-658.72 -76.1 0.09 8785.281579316543
-441.95 -23.77 0.06 9476.637554754512
-354.9 -54.81 0.07 9270.054348806487
-116.75 -28.74 0.11 8463.344530994025
-792.26 -152.28 0.16 7547.901027710603
-955.73 -271.15 0.09 8994.131853933462
-17.12 -2.12 0.12 8486.474837536603
-550.01 -63.44 0.14 8189.617498385138
-320.57 -86.13 0.08 9348.509091391894
-958.32 -281.56 0.12 8707.303651839546
-513.43 -44.2 0.14 8447.052705133516
-804.06 -14.33 0.1 9136.391093932822
-849.98 -210.46 0.06 9850.599592003795
-576.28 -96.36 0.1 9249.221187697276
-734.47 -84.9 0.1 9253.256239168379
-489.03 -60.85 0.07 9787.87413281524
-812.85 -96.25 0.06 9953.154557800348
-291.81 -89.76 0.13 9069.116543578622
-887.01 -178.91 0.06 10035.823223203914
-511.68 -91.92 0.1 9503.980027294874
-778.49 -119.34 0.09 9754.31267257851
-871.27 -228.14 0.06 10123.177617407506
-409.29 -81.09 0.12 9528.635669671103
-555.73 -98.2 0.07 9860.550666523835
-697.58 -61.69 0.15 9384.761580841929
-776.08 -71.97 0.12 9733.718984519328
-561.1 -134.91 0.12 9352.602805667604
-734.88 -3.7 0.07 10063.052552490566
-742.58 -135.0 0.06 9982.940983971512
-566.28 -17.32 0.07 10243.601431896484
-888.96 -150.07 0.12 9306.440722308445
-415.51 -82.92 0.09 9945.883199536052
-788.41 -33.11 0.05 10068.784866797569
-710.06 -144.86 0.09 10036.82169114481
-725.07 -182.57 0.09 9958.857316737183
-331.21 -95.07 0.08 10202.809881314517
-810.56 -87.28 0.08 9753.04936471613
-826.82 -320.12 0.05 9627.524413914569
-583.33 -231.21 0.08 8945.838535090437
-226.74 -85.15 0.14 7612.596293169419
-704.58 -429.56 0.12 8154.012568716584
-517.9 -190.21 0.14 7799.9945055605585
-383.66 -196.26 0.07 9322.222295217143
-116.16 -53.1 0.15 7758.24455241161
-346.59 -143.75 0.14 8046.722351101502
-450.29 -309.18 0.05 9830.812309740742
-316.99 -133.62 0.14 8187.670769882319
-555.91 -204.27 0.11 8778.323044432924
-673.26 -304.95 0.09 9178.812231889255
-828.63 -527.23 0.12 8705.436463124732
-506.3 -304.45 0.05 9903.424177057901
-691.74 -361.52 0.06 9795.96776726329
-177.47 -88.94 0.1 9192.731874748242
-833.96 -524.98 0.08 9554.57153444328
-788.87 -378.54 0.07 9692.779671650955
-430.9 -149.87 0.1 9339.452633507148
-471.19 -267.15 0.1 9381.791999627903
-591.27 -225.28 0.14 8879.807700093937
-666.29 -312.68 0.11 9364.452884280265
-633.95 -288.2 0.08 9785.756484802678
-627.1 -211.85 0.06 10058.748051729517
-758.16 -310.89 0.1 9618.063666629294
-713.31 -428.07 0.16 9090.682984099138
-715.08 -264.81 0.08 9977.031874815078
-545.85 -185.12 0.06 10065.386793174359
-771.66 -315.81 0.07 9952.167965845534
-818.64 -570.95 0.09 9855.421174285257
-748.25 -351.18 0.08 9546.457608810122
-697.46 -434.14 0.08 10110.41062737177
-405.62 -285.74 0.05 9832.801021645157
-299.29 -128.95 0.09 10155.032904431675
-479.15 -286.51 0.09 9755.054104592848
-577.73 -239.68 0.07 10162.338298226738
-702.24 -326.69 0.16 9532.940691782122
-413.23 -208.28 0.1 10109.829595356132
-439.59 -500.2 0.06 9394.721616171424
-301.83 -232.92 0.1 8504.986219714023
-590.97 -465.99 0.06 9443.487165631053
-315.16 -420.68 0.09 8811.182886981704
-273.13 -352.81 0.09 8848.605637891465
-622.24 -781.24 0.06 9517.512549909108
-478.0 -372.79 0.08 9124.312289595266
-548.97 -588.18 0.12 8353.218571341498
-287.42 -312.63 0.13 8248.343562806474
-574.85 -655.15 0.12 8503.65000717374
-743.05 -599.77 0.06 9669.184527045618
-527.52 -518.86 0.14 8254.828124537413
-460.67 -426.06 0.09 9211.286635701086
-562.02 -606.8 0.13 8602.942559279876
-297.87 -370.97 0.05 9970.315916609163
-534.45 -429.3 0.11 9012.428474729735
-456.58 -550.37 0.07 9681.898360211564
-494.01 -639.11 0.09 9397.127149898588
-592.56 -796.17 0.12 8984.783495157279
-524.25 -661.54 0.08 9609.560743909866
-176.79 -219.44 0.09 9497.768536991407
-381.94 -496.74 0.1 9401.859507751913
-334.52 -345.03 0.1 9460.465781469338
-504.89 -453.77 0.08 9759.468875191287
-580.24 -685.43 0.17 8798.339532421001
-453.99 -584.85 0.06 10110.435950313647
-529.44 -415.17 0.08 9918.230977707175
-299.22 -262.96 0.09 9856.202913403244
-253.46 -268.48 0.07 10092.715407837528
-577.71 -503.78 0.09 9648.66455934303
-198.92 -159.69 0.09 9880.189014860924
-405.75 -323.6 0.07 10207.158470861683
-538.68 -614.48 0.06 9937.001522011402
-463.86 -480.1 0.07 10235.843842323677
-500.48 -405.45 0.05 9947.397830904616
-480.4 -532.36 0.13 9931.508132740233
-621.0 -656.15 0.1 10174.372891260477
-509.96 -698.01 0.12 9817.667229639519
-562.84 -754.14 0.09 10274.808210482614
-515.73 -756.39 0.08 8929.74385961776
-350.63 -661.73 0.15 7407.869582337575
-254.13 -638.89 0.12 8154.475865831303
-208.52 -489.65 0.11 8438.41083031887
-561.79 -795.01 0.14 7885.880006986366
-226.79 -597.81 0.12 8367.729081353886
-228.28 -555.12 0.09 9016.744698139146
-241.36 -475.79 0.05 9820.582574358341
-334.88 -900.03 0.09 9072.904038564213
-179.94 -402.82 0.09 9126.575579901888
-265.84 -499.28 0.08 9341.18993170606
-355.65 -522.69 0.09 9188.618774820321
-321.41 -790.78 0.1 9071.414066023477
-84.55 -204.65 0.1 9137.469797820637
-354.59 -844.32 0.14 8557.166569331359
-344.23 -604.39 0.1 9257.632291864353
-427.35 -788.98 0.11 9174.613274380172
-517.39 -837.44 0.13 8982.936678288625
-285.5 -608.42 0.07 9848.26174581134
-185.14 -519.26 0.09 9609.388524202786
-497.43 -723.68 0.1 9534.190023768198
-316.49 -519.18 0.11 9473.953324157035
-265.72 -669.44 0.07 9982.059385111788
-358.89 -665.58 0.06 10114.650251916624
-408.07 -745.56 0.06 10135.387112913602
-435.74 -838.07 0.06 10152.979171730036
-342.92 -578.72 0.07 10072.151196090419
-194.7 -529.85 0.06 10195.841315303329
-401.75 -768.73 0.08 10031.241823740114
-427.88 -682.0 0.06 10245.23884767193
-128.43 -309.28 0.09 10030.31816874851
-380.67 -846.13 0.08 10164.581679133487
-151.86 -929.13 0.08 8932.59973859834
-90.7 -358.54 0.07 9198.101869753511
-31.03 -183.38 0.12 8100.762002372469
-234.21 -814.88 0.12 8168.540513900416
-188.76 -717.89 0.06 9501.926268522633
-102.96 -555.43 0.09 8885.586033827805
-85.49 -894.17 0.07 9335.51498614298
-58.99 -655.69 0.15 7782.279480565732
-70.64 -854.61 0.07 9418.98852389168
-136.41 -703.29 0.05 9826.768898785587
-128.45 -855.81 0.12 8518.592976070515
-72.95 -684.94 0.08 9305.542291489892
-141.93 -473.71 0.1 8994.49746164661
-31.02 -187.85 0.08 9335.42318877748
-176.6 -544.0 0.14 8470.00606146426
-183.93 -843.02 0.15 8376.062661256989
-2.59 -866.3 0.06 9846.59831017597
-143.15 -922.17 0.06 9865.47174396005
-83.57 -387.91 0.06 9888.820320095292
-40.24 -658.03 0.06 9909.470314288434
-187.91 -704.37 0.07 9786.765249144592
-17.71 -842.61 0.07 9515.892378740484
-147.56 -565.72 0.07 9844.83395874199
-44.69 -704.52 0.13 9003.669342797952
-125.03 -635.05 0.13 9223.801004933339
-8.16 -740.21 0.16 8976.971151446776
-115.53 -725.62 0.07 9603.27650581747
-91.61 -443.84 0.05 9773.472238737859
-256.49 -889.95 0.05 10108.17844673426
-99.1 -557.45 0.15 9371.653669169827
-168.37 -520.74 0.12 9723.207633031376
-130.62 -793.38 0.1 9953.350259697647
-20.98 -965.77 0.12 9131.071775141652
-24.21 -389.36 0.11 9161.497292512948
-46.77 -707.02 0.09 9550.664976655124
-10.96 -473.96 0.05 10175.470347841187
-130.69 -494.48 0.14 9747.779409724066
-116.74 -837.94 0.13 9575.277152874763
-108.45 -751.62 0.09 9692.792730124083
-180.19 -922.18 0.17 9173.995245978
6.78 -846.13 0.06 8874.734263495478
266.94 -944.13 0.12 8050.621396397135
78.5 -279.95 0.09 8788.972156505566
188.25 -727.9 0.08 9052.27856699014
191.81 -718.49 0.08 9085.445347309145
105.51 -724.69 0.07 9049.028817788363
98.14 -782.96 0.11 8534.438219204916
15.54 -123.51 0.1 8802.113633468645
61.6 -971.11 0.11 8678.6484603403
29.25 -686.18 0.09 9109.261137990074
115.77 -435.33 0.09 9154.604437518536
174.53 -906.35 0.13 8497.45743076965
116.47 -758.51 0.07 9048.62385560103
45.42 -796.8 0.13 8615.009879422309
171.13 -554.18 0.11 9012.516309139934
120.26 -402.29 0.06 8872.513970313465
120.81 -830.4 0.08 9192.459026778795
122.11 -787.65 0.13 8872.04777286383
216.66 -903.94 0.08 9192.477919284822
173.59 -918.83 0.06 8873.013089819198
31.29 -603.83 0.11 9326.324764180024
196.64 -822.59 0.09 9310.76809054891
214.38 -897.27 0.13 9206.710504534034
299.68 -937.47 0.12 9407.347631650788
31.6 -490.34 0.09 9310.791530615985
34.26 -495.84 0.13 9450.54768025413
46.88 -856.09 0.11 9493.205469109522
150.7 -540.4 0.1 9379.439969664649
210.73 -868.6 0.14 9630.296920397232
18.49 -255.13 0.09 9310.764965138314
97.32 -451.67 0.13 9573.981004954998
201.05 -658.4 0.15 9728.052986928373
3.04 -474.13 0.15 9607.647007251126
88.94 -657.98 0.11 9327.186453726206
79.93 -462.5 0.07 9049.033593855327
189.09 -920.43 0.12 9540.474355724551
33.72 -637.38 0.09 9310.773471442522
37.5 -782.58 0.1 9372.673624435449
132.83 -817.01 0.08 9192.445375998706
441.07 -637.2 0.11 8251.547266297142
335.07 -569.7 0.08 8971.919472936912
71.44 -208.65 0.11 8354.468619184008
226.66 -669.97 0.1 8629.740899066244
474.17 -731.41 0.1 8673.384987131161
214.36 -502.2 0.14 7906.780660686357
278.86 -680.47 0.13 8198.465907827733
108.24 -305.81 0.11 8664.10205443673
174.24 -427.75 0.09 9080.346095672037
265.45 -587.5 0.08 9311.001903992681
487.98 -693.47 0.07 9528.753894256142
167.0 -319.82 0.11 8879.962115051261
136.5 -381.87 0.11 8933.90678948522
480.06 -724.93 0.08 9473.267979752
182.19 -316.75 0.08 9505.778786229102
306.71 -476.59 0.14 8654.469825744221
376.36 -699.43 0.06 9899.139170895305
321.08 -508.88 0.11 9210.08126356149
373.13 -705.12 0.09 9548.483471074784
138.77 -286.65 0.12 9224.466962750848
262.99 -524.94 0.05 10158.540491697458
221.52 -567.05 0.05 10170.841921002955
250.59 -482.99 0.09 9710.623565133577
124.29 -191.41 0.05 10210.251986577556
213.29 -301.47 0.08 9894.380394937494
305.81 -844.21 0.06 10145.998934559655
227.7 -393.53 0.06 10169.625408709328
679.53 -530.65 0.12 8017.651955080509
555.99 -762.14 0.08 8981.679466438465
561.43 -498.99 0.08 8992.254896473496
389.1 -382.51 0.1 8617.355037331705
489.23 -664.89 0.1 8664.433262064278
603.58 -641.24 0.1 8712.268869276646
732.96 -586.99 0.07 8905.551390266743
248.3 -204.32 0.05 8668.743164129644
61.49 -47.87 0.05 8647.733659931488
699.95 -531.34 0.08 8991.354055049578
659.31 -548.28 0.12 8529.020778935344
395.76 -430.92 0.14 8293.973025942529
279.96 -268.3 0.08 8991.330384432338
510.14 -433.74 0.08 8991.549831636867
525.71 -629.62 0.07 8906.841713995602
611.83 -659.2 0.07 8908.196492581375
189.67 -213.69 0.05 8663.846611715442
300.23 -222.56 0.14 8668.535099987394
510.26 -519.04 0.07 8905.802046805267
497.48 -498.66 0.12 8956.805292357043
498.31 -456.83 0.12 9013.213157806607
403.92 -364.95 0.16 8745.022157793373
333.97 -434.76 0.1 8890.150748623935
551.94 -698.24 0.13 8927.144785792205
552.97 -452.32 0.05 8682.76134012858
348.24 -261.34 0.15 9095.52656039755
599.42 -466.75 0.14 9059.281492623464
574.55 -475.69 0.18 9208.94796308698
431.38 -322.92 0.12 8829.42991342763
475.58 -402.44 0.17 9320.408765653347
256.62 -332.12 0.18 9310.3383800099
583.34 -466.07 0.16 9300.683878248139
378.58 -307.5 0.12 9200.832021487811
594.45 -541.07 0.13 9070.212431693222
500.61 -607.75 0.09 8949.361052790418
427.68 -312.95 0.14 9020.812343838272
129.38 -164.2 0.11 8734.609623105298
382.57 -289.6 0.13 9232.803996314595
226.17 -93.38 0.09 8077.526361698869
648.88 -272.02 0.07 7961.8219547570825
557.93 -237.43 0.06 7875.609311901979
432.16 -170.9 0.12 8170.716624070111
849.06 -324.33 0.13 8042.7566779508315
753.39 -495.23 0.06 7877.623397656551
568.33 -191.04 0.08 8025.064924983999
719.83 -348.19 0.16 7652.449329539385
732.31 -251.68 0.11 8155.940575709119
859.16 -490.67 0.16 7876.315495382714
607.58 -342.33 0.08 8025.409761245583
859.51 -369.69 0.13 8211.956078255591
437.41 -297.72 0.05 7797.902126211978
719.73 -504.24 0.13 8211.956121323268
653.12 -440.49 0.07 7959.692462561181
472.11 -256.28 0.13 8182.2556594121015
561.33 -252.62 0.12 8186.102485604048
686.71 -411.88 0.1 8120.310271765229
890.38 -335.94 0.08 8025.702386099211
712.8 -495.24 0.12 8186.1022943505595
484.72 -233.04 0.07 7960.052337525793
814.79 -507.17 0.07 7959.55362459574
303.51 -185.19 0.06 7885.483243695477
151.03 -82.26 0.11 8155.944436209384
655.85 -400.46 0.1 8120.271688345389
805.1 -496.49 0.12 8186.102968234266
677.8 -468.58 0.05 7767.4655611612025
720.72 -463.43 0.06 7876.376555474547
828.83 -537.65 0.14 8234.387174414544
862.43 -350.66 0.07 7961.773110145114
734.61 -260.78 0.12 8186.101293257354
835.63 -300.55 0.15 8254.068311643063
762.18 -400.26 0.07 7959.441907970244
799.16 -353.99 0.09 8077.50946084808
886.08 -340.22 0.13 8211.955503734358
665.31 -388.99 0.13 8211.956110464012
470.41 -210.43 0.08 8024.944136626365
291.01 -201.97 0.14 8234.406092694235
754.43 -413.07 0.15 8254.176987206933
761.79 -349.37 0.05 7767.777544792772
746.23 -328.19 0.12 8186.102309634197
254.09 -120.75 0.08 8025.243155660328
827.87 -133.56 0.07 9162.710851142583
984.0 -60.82 0.14 7591.774420403425
969.47 -125.41 0.14 7679.104960147832
863.46 -14.21 0.08 9050.941640538746
973.33 -173.07 0.06 9507.805599947567
378.87 -68.91 0.1 8685.657817037598
683.41 -57.86 0.13 8105.439406690136
799.3 -50.6 0.06 9575.258954628536
985.33 -155.98 0.11 8625.524038768031
662.07 -108.08 0.09 9070.58435194693
577.8 -17.99 0.15 8033.617723554113
787.98 -196.2 0.06 9678.845111235049
620.89 -59.08 0.1 9033.683473256306
935.96 -121.73 0.06 9555.958220748485
728.51 -7.86 0.16 8185.570956325373
857.94 -202.54 0.13 8757.694313005215
455.28 -33.0 0.11 9125.591954492544
952.59 -75.85 0.06 9697.89119578443
265.47 -59.99 0.12 8846.184450143004
230.84 -10.34 0.05 9545.735981189275
674.57 -74.83 0.15 8843.265407030824
56.49 -3.41 0.07 9539.784224826268
336.73 -65.26 0.11 9478.48007156523
804.48 -210.07 0.14 9213.6817989383
415.62 -19.79 0.13 9361.784280113448
771.43 -92.68 0.13 9103.400938125482
483.82 -113.86 0.06 9648.909481084245
837.08 -191.17 0.13 9324.94512889224
942.04 -44.83 0.08 9715.563833512439
752.61 -158.41 0.1 9961.662384297115
367.14 -94.25 0.13 9570.485240956921
675.24 -121.27 0.1 9705.02073075646
878.52 -195.75 0.1 9238.138851711597
794.35 -234.32 0.07 9574.108039428706
983.98 -78.73 0.07 9597.110221971852
809.97 -82.08 0.11 9470.083571526258
368.67 -14.33 0.12 9973.862084770299
468.6 -28.49 0.08 9628.904052962092
950.2 -262.48 0.13 9890.091208998396
