0.0 0.0
842.81 81.29 0.12 6560.64141151466
576.61 131.19 0.06 6448.158060219679
750.63 104.51 0.08 6502.7958028611065
351.24 7.57 0.07 6478.8649136264585
889.52 64.16 0.14 6577.594129353205
761.65 158.01 0.1 6537.298782967499
919.98 36.45 0.14 6577.515181452254
785.48 195.88 0.07 6478.4863719747755
939.25 41.45 0.06 6446.738245393551
948.69 304.28 0.12 6560.642206878586
264.48 64.87 0.14 6578.966557092115
435.82 25.32 0.15 6585.689286434226
617.47 78.87 0.1 6537.302682457417
701.63 44.37 0.08 6502.768505692256
534.48 141.71 0.14 6577.5136887730405
899.4 25.32 0.13 6569.70132490031
856.25 251.14 0.06 6446.843236459648
622.69 177.26 0.1 6537.2991393112015
598.67 181.05 0.08 6502.8050677888805
646.61 6.15 0.14 6577.513657771569
768.88 35.91 0.1 6537.303596243228
609.04 130.49 0.11 6549.997316927127
958.49 34.02 0.14 6577.513657497477
376.12 1.52 0.11 6549.996936637768
330.13 6.15 0.05 6415.922459615203
857.86 223.27 0.08 6502.808655516775
887.56 249.49 0.07 6478.778190737039
187.51 4.8 0.13 6569.7659561733335
133.42 18.59 0.14 6619.320963026692
520.21 39.65 0.12 6560.641387807605
867.8 26.39 0.1 6537.301986463948
680.53 163.29 0.07 6479.374015479204
464.37 50.91 0.14 6577.513806622406
826.42 73.58 0.09 6521.908100244295
423.32 26.27 0.11 6549.994239633139
455.22 125.94 0.1 6537.299023263763
324.18 21.06 0.1 6537.301097602628
226.78 58.08 0.11 6549.997442674715
320.47 79.45 0.13 6569.701320780027
928.57 36.83 0.12 6560.641394515901
713.17 72.58 0.06 6450.755050236232
768.13 232.62 0.08 6502.8017642183095
765.62 554.82 0.13 7801.313040407855
863.44 502.92 0.11 8154.298968315673
806.86 531.82 0.05 7760.652804234814
855.87 436.68 0.13 7992.206419576531
306.32 219.66 0.07 7956.920049823988
533.22 231.35 0.09 8075.513823810558
522.31 188.7 0.11 8154.296599842526
451.65 278.58 0.1 8118.542760857625
768.25 422.81 0.14 8126.022384833774
898.21 303.07 0.06 7872.663297619906
631.46 406.75 0.1 8118.544110437161
439.22 251.3 0.07 7956.828616199773
55.83 21.01 0.12 8184.506451018331
341.45 234.86 0.16 8254.576384403259
174.48 104.13 0.05 7760.179407194851
609.87 276.32 0.13 8210.329968745587
507.48 331.21 0.1 8118.538646358426
492.3 269.31 0.08 8023.192088241916
683.78 314.05 0.12 8184.494926919942
787.79 561.07 0.08 8022.942446723796
664.22 324.09 0.14 8026.305245733035
429.57 160.25 0.07 7957.119688472408
880.64 336.56 0.07 7957.48746106689
913.79 389.07 0.11 8154.296611875981
830.26 396.27 0.13 8210.330221182021
808.29 498.66 0.06 7878.144742838422
663.52 447.2 0.14 8232.686816878635
391.31 127.85 0.08 8022.958167098557
882.87 408.25 0.11 8154.29809447018
827.33 412.4 0.07 7958.047732168903
799.37 375.28 0.11 8154.297274593189
366.14 121.7 0.07 7956.866918859461
646.17 357.75 0.1 8118.534499905851
212.62 147.41 0.08 8023.1224176472015
493.33 168.22 0.11 8154.298058590626
892.34 388.87 0.11 8154.300531723604
773.22 460.78 0.12 8184.509515009151
784.28 454.58 0.13 8210.32992521234
226.0 147.26 0.13 8210.356453456458
558.06 332.24 0.13 8210.329953258699
239.44 95.1 0.14 8232.682229309448
205.79 248.73 0.12 7997.799599537782
515.39 465.39 0.1 8494.918007688619
234.91 305.21 0.12 8102.216637431575
415.01 380.4 0.13 7950.71230787123
599.31 758.83 0.07 9288.12801737975
641.94 554.47 0.14 7824.104658918232
611.14 720.1 0.12 8324.43247268791
410.47 436.24 0.15 7800.301875638982
625.95 605.8 0.12 8486.409154210332
381.9 472.04 0.15 8034.676547663809
317.51 315.39 0.09 9190.49445260434
773.74 580.84 0.1 9052.100357771606
567.08 669.57 0.09 9263.934827213754
111.72 90.4 0.11 9010.99438791312
703.77 696.38 0.07 9696.860543162964
459.34 497.38 0.06 9872.47061737231
666.84 495.47 0.07 9743.332872529185
395.48 360.34 0.08 9597.761855452925
223.88 192.5 0.06 9943.416115481441
619.98 586.8 0.1 9418.353217916361
331.07 382.35 0.14 8970.133369967163
269.3 342.0 0.12 9321.499400534227
603.08 571.26 0.1 9600.90216479552
680.18 605.66 0.06 9805.085353790988
368.47 351.6 0.07 9525.39465135999
652.57 564.27 0.08 9808.35982920509
591.68 594.77 0.1 9823.87429759148
329.96 425.38 0.09 9593.617729346934
596.34 561.16 0.08 10102.762828179546
297.39 270.72 0.07 10045.86964271232
580.9 776.99 0.1 9636.555305529562
694.74 638.71 0.11 10030.330045140308
229.01 218.77 0.06 10305.40148020371
235.91 306.03 0.06 10269.942874375205
468.45 582.58 0.12 10129.643340301882
595.11 443.58 0.08 10132.982148963565
788.89 612.51 0.06 10290.646323422785
300.75 407.4 0.08 10297.490932826724
335.93 642.33 0.13 7801.878572161719
218.64 350.9 0.06 9332.070641499005
479.81 865.95 0.1 8583.985820839765
511.6 719.56 0.12 8206.440453018038
132.15 345.97 0.06 9332.071261425683
326.38 577.05 0.12 8317.62699404713
390.09 760.02 0.13 8192.126097009754
428.71 705.26 0.08 9226.975602201543
112.68 188.69 0.07 9384.464343577105
316.81 687.99 0.11 8762.465765413315
399.97 809.27 0.05 9240.801439047958
477.86 702.97 0.11 8856.06733168542
100.54 200.27 0.17 7985.156203220419
318.66 465.09 0.1 9196.65764909737
255.6 676.45 0.1 8895.399464279046
376.28 801.93 0.09 9324.758896856223
82.46 195.39 0.13 8943.298580971032
115.68 305.14 0.13 9014.370447638034
204.79 480.1 0.15 8787.555650180282
42.46 63.92 0.1 9177.289423046614
419.12 602.35 0.14 9184.789875974333
486.28 869.53 0.05 9246.834843151493
314.14 779.93 0.1 9388.346178920125
296.29 806.91 0.14 9103.672463311977
368.28 681.49 0.11 9396.40129623171
300.39 469.32 0.14 8841.854247101226
218.74 544.13 0.14 9317.518660770274
133.74 379.52 0.1 9361.354480145576
193.72 434.69 0.18 9195.607183735443
97.58 135.42 0.15 9383.547734707956
332.22 695.58 0.07 9376.03100539585
369.69 820.81 0.09 9091.74503324413
287.75 710.53 0.08 9312.450292852667
187.4 542.33 0.2 8981.930566874296
374.5 732.68 0.14 9055.70565490394
278.47 640.66 0.18 9268.846655157133
118.5 786.16 0.23 5551.172374503514
0.11 287.55 0.23 5824.750285267336
46.65 301.64 0.12 8243.552531962283
233.63 759.92 0.08 9127.252574785416
165.83 840.73 0.18 7144.529068589789
44.17 410.88 0.1 8813.84670965216
84.58 988.1 0.08 9243.372995516766
32.62 619.97 0.14 8195.249281490309
39.26 968.79 0.06 9705.853948116097
91.93 651.56 0.23 6901.959199862787
216.06 668.99 0.05 9963.588538096086
63.02 939.35 0.07 9656.805664213223
136.02 514.25 0.13 8772.792899193564
39.53 540.17 0.11 9137.643244711446
217.85 862.53 0.06 9925.833696855165
42.93 864.03 0.05 10064.200918082726
202.39 645.38 0.1 9429.29414809224
9.26 908.63 0.09 9171.40630839294
36.43 639.08 0.06 9775.669532464615
52.31 214.98 0.11 9471.05259441347
88.75 399.82 0.06 10039.739505894942
18.7 551.85 0.06 10115.37466166729
108.28 416.75 0.11 9604.8439050974
187.47 718.59 0.11 9310.678216277614
109.97 918.21 0.12 9587.046681755033
1.74 548.45 0.06 9930.660543652342
173.98 663.74 0.1 9887.749253542032
83.97 989.99 0.17 9503.542505141872
102.57 568.17 0.11 9685.43913152322
104.16 801.51 0.1 10002.869505143006
70.45 402.38 0.13 10065.333812551273
184.52 823.8 0.15 10079.484876634122
-60.56 504.18 0.08 8436.413803329346
-64.32 453.36 0.1 8521.659343709045
-91.45 531.19 0.11 8351.561140945649
-125.65 966.69 0.09 8510.395270799036
-229.69 767.91 0.07 8349.739415971188
-206.89 753.99 0.11 8518.291308998865
-76.3 742.12 0.06 8245.671487697016
-128.14 872.65 0.07 8347.557339486168
-35.17 590.84 0.06 8243.068405963548
-0.76 859.26 0.07 8347.796170791311
-8.96 312.76 0.05 8129.445033665303
-21.53 342.95 0.1 8572.70420532729
-117.79 918.12 0.07 8347.646851543224
-192.06 807.26 0.09 8510.303918207672
-109.55 444.47 0.07 8349.668133170293
-125.52 719.97 0.12 8672.330241751348
-25.41 122.31 0.12 8672.288399372757
-11.03 432.51 0.11 8623.096235714731
-173.16 568.6 0.09 8510.359709317472
-47.04 161.19 0.08 8436.825111862876
-73.98 749.98 0.1 8572.690056388037
-75.86 568.96 0.11 8626.118641625457
-28.61 699.1 0.06 8242.70996506919
-87.51 738.49 0.15 8779.535003289613
-298.33 952.07 0.05 8101.759064763943
-11.39 936.57 0.08 8436.445632625979
-104.49 415.71 0.08 8436.544142489227
-130.5 944.11 0.06 8240.225750309886
-276.38 932.05 0.09 8510.436446957483
-5.31 628.5 0.05 8100.662248187238
-90.2 585.07 0.11 8579.608391825359
-71.96 833.22 0.14 8748.079489275875
-215.6 911.21 0.15 8697.19336268051
-11.66 233.57 0.08 8436.430346116496
-50.68 225.67 0.15 8722.111020337825
-77.73 492.26 0.14 8702.118925603785
-96.64 533.09 0.12 8614.13842629228
-12.03 589.14 0.06 8240.494192624363
-49.76 295.06 0.14 8569.450938084396
-133.94 722.51 0.13 8712.648008926852
-12.33 982.67 0.16 8786.526917201656
-234.83 860.24 0.15 8779.332973140929
-305.6 839.11 0.08 8933.57116520094
-329.87 570.57 0.09 8729.29778578926
-417.39 660.61 0.14 7660.2388128400635
-350.51 923.57 0.05 9692.276948807068
-420.07 852.74 0.13 7988.543872305319
-378.95 738.64 0.1 8688.855618100324
-218.02 485.8 0.14 7941.390213290822
-420.99 867.11 0.12 8414.753038459923
-206.39 399.71 0.07 9442.822885530382
-282.92 594.83 0.06 9654.73332637836
-365.72 540.79 0.12 8556.808237024736
-315.17 604.64 0.12 8622.25216618328
-457.26 744.72 0.06 9730.138078683904
-371.36 868.5 0.1 9078.331053331822
-322.63 483.42 0.12 8804.312455208737
-135.6 192.11 0.05 9982.804830993913
-528.39 819.21 0.1 9220.454508397288
-319.22 642.93 0.1 9209.313875430455
-266.77 764.71 0.1 9343.59198111239
-271.06 705.16 0.08 9340.45740169261
-371.91 789.34 0.13 9060.24897205678
-305.15 772.57 0.07 9889.132707289975
-303.75 870.07 0.05 10162.250569066851
-166.79 301.31 0.08 9817.3429167008
-240.58 541.76 0.09 9736.281529602627
-106.4 150.18 0.06 9845.585781725216
-299.43 679.67 0.06 10134.421372712124
-477.38 861.56 0.06 10161.253902283785
-301.65 581.53 0.07 10053.752781327019
-53.5 76.85 0.05 10091.374502418908
-299.55 669.82 0.12 9710.116222405653
-401.86 567.77 0.11 9866.932406062024
-431.04 855.08 0.06 10312.661140692364
-374.53 516.04 0.15 9182.196328942637
-242.64 434.04 0.11 9969.04885212223
-196.45 382.35 0.11 10155.549614866874
-188.12 518.4 0.06 10259.844945798626
-316.07 669.52 0.1 10239.632209229258
-454.99 866.34 0.08 9562.621313984311
-209.97 336.93 0.1 10401.679135931568
-230.09 430.58 0.1 9276.331419339273
-252.41 316.17 0.14 7546.739249976739
-601.43 650.86 0.11 8293.63885303798
-228.59 237.56 0.13 7888.365961788857
-292.44 295.66 0.15 7517.732020254627
-711.43 648.76 0.08 9088.56029758074
-649.47 570.41 0.05 9744.44439802302
-526.0 659.24 0.06 9550.773616011254
-625.46 667.87 0.06 9569.511326450282
-478.26 491.37 0.13 8180.493431732039
-412.31 458.23 0.06 9610.42081355748
-405.85 369.01 0.08 9250.6664792964
-341.36 268.69 0.06 9650.85766926939
-297.29 291.69 0.13 8390.335272830664
-607.65 481.2 0.15 8157.338433324873
-673.41 656.43 0.13 8601.110870831322
-496.04 475.03 0.11 8986.893257174797
-484.52 498.59 0.08 9485.652529163392
-517.44 564.19 0.07 9693.21915042051
-572.74 549.07 0.07 9730.755240009119
-404.56 384.41 0.06 9803.807290467095
-302.44 416.14 0.06 9632.300408135266
-511.65 572.92 0.08 9669.558473095845
-415.46 486.09 0.05 10106.764586829997
-200.77 239.02 0.1 9473.38243335744
-179.6 193.0 0.14 9011.784036597282
-124.88 137.84 0.08 9849.76575189807
-555.03 715.08 0.09 9781.952922949155
-592.67 667.62 0.13 9415.662186528485
-246.98 302.95 0.08 9983.068809758432
-222.71 291.84 0.08 9511.91582281391
-241.39 251.97 0.11 9787.379191108997
-735.11 615.45 0.15 9563.095943682736
-512.22 450.11 0.1 9791.783625145188
-473.1 438.63 0.12 9952.052171339974
-689.59 545.65 0.1 9354.273295910563
-770.02 581.46 0.07 10178.639114868172
-446.44 572.34 0.07 9821.986146672292
-528.86 445.43 0.08 10237.103941562997
-529.13 430.09 0.06 9812.429116741332
-342.56 445.88 0.13 10095.426680776787
-542.18 384.42 0.06 9392.959627887782
-521.56 376.16 0.11 8259.281649863891
-771.58 502.58 0.1 8529.20639075353
-676.62 444.42 0.08 9014.421056674299
-803.74 325.42 0.12 8185.4399984887805
-217.35 94.84 0.1 8671.778320488651
-658.96 464.18 0.08 9128.9653785119
-731.67 429.4 0.13 8177.149740661991
-116.74 60.2 0.16 7730.021862457568
-552.87 246.02 0.08 9305.227796266277
-777.22 455.92 0.11 8820.29018732437
-820.04 281.74 0.11 8887.973550103241
-620.95 305.64 0.08 9440.273840871363
-623.21 245.0 0.15 8344.465186397909
-570.49 370.93 0.11 9058.597849600252
-340.36 134.96 0.08 9570.06525145004
-813.3 289.21 0.12 9042.639516638012
-855.53 498.46 0.08 9548.404976357742
-483.89 301.72 0.06 9823.86042846544
-832.42 385.23 0.07 9813.539113675988
-541.65 342.67 0.08 9558.249531901047
-362.01 123.17 0.11 9448.439211755984
-116.98 50.02 0.08 9699.357944923471
-543.19 180.98 0.18 8866.785681568119
-464.54 334.85 0.06 10174.433425418682
-742.59 522.6 0.08 9482.31684692523
-674.63 399.2 0.06 9681.585241061712
-890.98 327.63 0.1 9894.692989874457
-756.74 467.01 0.11 9868.780324351377
-380.17 236.33 0.07 9885.727713286975
-629.26 365.43 0.13 9655.551579361458
-462.03 297.75 0.07 10136.40232565772
-803.33 406.48 0.09 9783.082397715145
-256.04 91.63 0.08 9402.463528427399
-367.66 207.45 0.13 9880.874997693627
-800.07 279.38 0.06 10006.935929518128
-652.72 356.72 0.12 9613.416587477042
-571.15 387.69 0.1 10119.458051117304
-714.31 460.41 0.17 10065.803706484168
-753.92 133.93 0.09 8306.263328454557
-891.66 58.04 0.09 8306.259611680856
-925.84 95.1 0.09 8306.257789704585
-867.24 121.14 0.09 8306.268342149386
-744.47 81.43 0.1 8359.381207331748
-826.4 259.49 0.07 8160.69920864272
-79.1 22.81 0.12 8389.084478976813
-925.28 60.35 0.13 8289.916697519944
-838.56 245.06 0.08 8241.45271378323
-712.65 164.9 0.07 8160.722222332482
-903.7 90.1 0.14 8313.340360928707
-937.73 147.08 0.05 7925.253910105297
-722.89 195.25 0.09 8306.280131130858
-578.75 59.7 0.06 8058.743568472686
-592.36 69.89 0.1 8359.377762042719
-947.09 64.38 0.14 8501.053325672954
-874.56 185.61 0.09 8306.261101852218
-828.72 227.73 0.13 8473.272765749176
-923.4 35.56 0.05 7941.658266160766
-557.24 99.39 0.13 8444.53574495182
-651.22 140.71 0.06 8058.866734263778
-546.74 99.87 0.07 8160.909575542575
-733.16 162.82 0.11 8403.668833958382
-659.92 173.51 0.12 8441.143884059675
-529.74 97.27 0.11 8403.668683414942
-139.0 30.91 0.14 8501.057770858104
-190.19 28.12 0.06 8057.690964686535
-237.23 60.3 0.1 8359.377432786316
-724.87 115.17 0.13 8473.24994581315
-553.02 31.34 0.13 8437.269131677363
-525.79 61.37 0.15 8525.376197098307
-654.01 133.0 0.09 8306.309387980322
-976.44 86.16 0.08 8241.58120415304
-627.39 28.58 0.11 8403.668785577847
-636.58 87.99 0.13 8473.285259719596
-426.76 7.03 0.11 8403.670425780676
-225.65 31.6 0.06 8058.360759487535
-710.38 139.76 0.13 8473.251090997906
-924.44 271.71 0.14 8080.730954976374
-789.16 39.65 0.1 8359.38072222387
-758.27 189.42 0.13 8473.249975851142
-792.26 -152.28 0.16 7123.208074208331
-95.93 -3.94 0.12 8129.611934419293
-810.56 -87.28 0.08 9050.49982028147
-291.81 -89.76 0.13 8023.880446903799
-697.58 -61.69 0.15 7664.564931209186
-441.95 -23.77 0.06 9567.162762691734
-513.43 -44.2 0.14 8006.494477428382
-320.57 -86.13 0.08 9235.549374235548
-958.32 -281.56 0.12 8533.765101664627
-888.96 -150.07 0.12 8588.70477484148
-116.75 -28.74 0.11 8856.465996841667
-17.12 -2.12 0.12 8757.354647121576
-354.9 -54.81 0.07 9587.12682134511
-734.47 -84.9 0.1 9198.477011474972
-835.26 -179.74 0.08 9381.465352865001
-849.98 -210.46 0.06 9886.980460420678
-409.29 -81.09 0.12 9041.89958023128
-576.28 -96.36 0.1 9388.696675223833
-489.03 -60.85 0.07 9837.44260864869
-331.21 -95.07 0.08 9725.366872386287
-887.01 -178.91 0.06 10017.702116763303
-555.73 -98.2 0.07 9916.214191663006
-550.01 -63.44 0.14 9153.780048650318
-812.85 -96.25 0.06 10108.196293805977
-415.51 -82.92 0.09 9818.446726573678
-725.07 -182.57 0.09 9861.127317780087
-871.27 -228.14 0.06 10193.920806839555
-776.08 -71.97 0.12 9659.036125112929
-511.68 -91.92 0.1 9887.166108268455
-778.49 -119.34 0.09 10035.314835166362
-561.1 -134.91 0.12 9866.130641029564
-734.88 -3.7 0.07 10223.750703416954
-742.58 -135.0 0.06 10133.256024604681
-804.06 -14.33 0.1 9630.824466732023
-955.73 -271.15 0.09 9480.066456008273
-788.41 -33.11 0.05 10182.825898219578
-710.06 -144.86 0.09 10249.5759744891
-658.72 -76.1 0.09 9333.729109314865
-566.28 -17.32 0.07 10372.080168581482
-833.96 -524.98 0.08 8930.789718756487
-471.19 -267.15 0.1 8502.438390163137
-226.74 -85.15 0.14 7687.410624311818
-828.63 -527.23 0.12 8206.615118536854
-545.85 -185.12 0.06 9519.229242796997
-405.62 -285.74 0.05 9745.452776108918
-577.73 -239.68 0.07 9337.928671742582
-450.29 -309.18 0.05 9768.400085670692
-316.99 -133.62 0.14 8005.973554049284
-116.16 -53.1 0.15 7925.079917470594
-713.31 -428.07 0.16 7837.842453011772
-583.33 -231.21 0.08 9359.806867958727
-383.66 -196.26 0.07 9569.472579666144
-691.74 -361.52 0.06 9766.250230429549
-517.9 -190.21 0.14 8507.942291500443
-177.47 -88.94 0.1 9218.063131545765
-479.15 -286.51 0.09 9415.216920397674
-430.9 -149.87 0.1 9311.324868300631
-788.87 -378.54 0.07 9788.557309188796
-673.26 -304.95 0.09 9547.2585788655
-748.25 -351.18 0.08 9721.14432939056
-413.23 -208.28 0.1 9494.036128232357
-704.58 -429.56 0.12 9186.114426578293
-818.64 -570.95 0.09 9741.04093819023
-555.91 -204.27 0.11 9470.79448478758
-627.1 -211.85 0.06 10158.394743114888
-826.82 -320.12 0.05 9809.474111831949
-666.29 -312.68 0.11 9728.101579037817
-702.24 -326.69 0.16 9358.477897900444
-758.16 -310.89 0.1 9954.578278065155
-506.3 -304.45 0.05 10047.126841801792
-299.29 -128.95 0.09 10110.345499306164
-591.27 -225.28 0.14 9712.952443628405
-697.46 -434.14 0.08 10295.77956031413
-346.59 -143.75 0.14 9311.357740513908
-633.95 -288.2 0.08 10041.357723959423
-715.08 -264.81 0.08 10191.201700570995
-771.66 -315.81 0.07 10144.200230386576
-297.87 -370.97 0.05 9622.258419542519
-529.44 -415.17 0.08 8934.127578317299
-439.59 -500.2 0.06 9419.527181226067
-548.97 -588.18 0.12 8105.065065263841
-527.52 -518.86 0.14 7736.805101743226
-580.24 -685.43 0.17 7168.606817472276
-315.16 -420.68 0.09 8924.873863387478
-301.83 -232.92 0.1 8773.294445511161
-287.42 -312.63 0.13 8247.883596691223
-592.56 -796.17 0.12 8515.251406481597
-562.02 -606.8 0.13 8405.208566937821
-460.67 -426.06 0.09 9183.890299025323
-590.97 -465.99 0.06 9744.996375679813
-253.46 -268.48 0.07 9590.954730312293
-743.05 -599.77 0.06 9789.360688307883
-198.92 -159.69 0.09 9325.23467482781
-622.24 -781.24 0.06 9826.069006929754
-273.13 -352.81 0.09 9429.030516192584
-453.99 -584.85 0.06 9904.225565627617
-577.71 -503.78 0.09 9494.817644922718
-463.86 -480.1 0.07 9803.779464936126
-381.94 -496.74 0.1 9426.632234347373
-494.01 -639.11 0.09 9609.641710245083
-478.0 -372.79 0.08 9635.564369306147
-524.25 -661.54 0.08 9823.428873644514
-334.52 -345.03 0.1 9637.851325257154
-456.58 -550.37 0.07 10007.460338074805
-176.79 -219.44 0.09 9846.90849513796
-538.68 -614.48 0.06 10172.202515219195
-509.96 -698.01 0.12 9648.674234959963
-574.85 -655.15 0.12 9535.116383676193
-500.48 -405.45 0.05 10141.949139890161
-405.75 -323.6 0.07 10232.430705533428
-480.4 -532.36 0.13 9829.563239801118
-534.45 -429.3 0.11 9756.653267234064
-562.84 -754.14 0.09 10234.541343927793
-621.0 -656.15 0.1 10222.593125481255
-299.22 -262.96 0.09 10229.469833616982
-504.89 -453.77 0.08 10113.43717009059
-334.88 -900.03 0.09 8705.589870901687
-515.73 -756.39 0.08 8973.180084254293
-350.63 -661.73 0.15 7490.07157475807
-497.43 -723.68 0.1 8626.041927430097
-228.28 -555.12 0.09 8885.375510918886
-254.13 -638.89 0.12 8321.88667825954
-561.79 -795.01 0.14 8015.526771952944
-355.65 -522.69 0.09 9052.260898015853
-321.41 -790.78 0.1 8907.838623868973
-427.35 -788.98 0.11 8769.686011280175
-226.79 -597.81 0.12 8667.555068909209
-342.92 -578.72 0.07 9574.090770601166
-179.94 -402.82 0.09 9269.302510043219
-84.55 -204.65 0.1 9151.542237834894
-358.89 -665.58 0.06 9831.108940365111
-517.39 -837.44 0.13 8782.099554788734
-208.52 -489.65 0.11 9176.661356136638
-128.43 -309.28 0.09 9504.487276386762
-408.07 -745.56 0.06 9957.558759023263
-265.84 -499.28 0.08 9717.809067230417
-354.59 -844.32 0.14 9022.540680430158
-427.88 -682.0 0.06 10055.238260730315
-344.23 -604.39 0.1 9615.813329608818
-401.75 -768.73 0.08 9883.561376768857
-380.67 -846.13 0.08 9911.279807875992
-265.72 -669.44 0.07 10049.608783958724
-435.74 -838.07 0.06 10177.120146733132
-241.36 -475.79 0.05 10294.835394096997
-194.7 -529.85 0.06 10220.336151777881
-316.49 -519.18 0.11 9804.894195627068
-185.14 -519.26 0.09 10034.423516658891
-285.5 -608.42 0.07 10235.190234541531
-176.6 -544.0 0.14 7548.997003458993
-8.16 -740.21 0.16 7156.540206150888
-72.95 -684.94 0.08 9005.316836381646
-70.64 -854.61 0.07 9253.04683437396
-31.03 -183.38 0.12 8236.062488665344
-141.93 -473.71 0.1 8711.579968367256
-83.57 -387.91 0.06 9561.413662806526
-128.45 -855.81 0.12 8399.856227671497
-256.49 -889.95 0.05 9810.194668930375
-90.7 -358.54 0.07 9436.923193048482
-115.53 -725.62 0.07 9475.455169756711
-188.76 -717.89 0.06 9654.388895135735
-85.49 -894.17 0.07 9527.51861618808
-44.69 -704.52 0.13 8509.522919568624
-108.45 -751.62 0.09 9246.26044129422
-31.02 -187.85 0.08 9460.492023039396
-46.77 -707.02 0.09 9337.14559904801
-151.86 -929.13 0.08 9270.287294149697
-58.99 -655.69 0.15 8576.241797310176
-10.96 -473.96 0.05 10071.496504684796
-234.21 -814.88 0.12 8989.800596508561
-102.96 -555.43 0.09 9278.836755153927
-20.98 -965.77 0.12 9300.244297776495
-40.24 -658.03 0.06 9996.887899629943
-17.71 -842.61 0.07 9691.057354858023
-183.93 -843.02 0.15 9177.105387682084
-130.62 -793.38 0.1 9763.364515643498
-130.69 -494.48 0.14 9441.883171682677
-2.59 -866.3 0.06 9943.699173066652
-24.21 -389.36 0.11 9548.755731634115
-91.61 -443.84 0.05 9863.905694513383
-99.1 -557.45 0.15 9667.517080373214
-116.74 -837.94 0.13 9879.362428185961
-143.15 -922.17 0.06 9959.65283725627
-147.56 -565.72 0.07 9958.437407746222
-136.41 -703.29 0.05 9910.252737739536
-168.37 -520.74 0.12 9956.145673496005
-187.91 -704.37 0.07 9910.93548959884
-180.19 -922.18 0.17 9766.153962823795
-125.03 -635.05 0.13 9657.46342918123
266.94 -944.13 0.12 8033.507234320954
79.93 -462.5 0.07 9219.169923814761
120.26 -402.29 0.06 9086.933939635564
174.53 -906.35 0.13 7989.263766007611
18.49 -255.13 0.09 8897.303200201059
98.14 -782.96 0.11 8544.078409322448
61.6 -971.11 0.11 8604.300295101762
45.42 -796.8 0.13 8281.468353126467
115.77 -435.33 0.09 9100.644490783696
120.81 -830.4 0.08 9328.446964147972
132.83 -817.01 0.08 9361.934441277419
15.54 -123.51 0.1 9069.469249474378
6.78 -846.13 0.06 9088.743051378586
171.13 -554.18 0.11 9013.496831751801
116.47 -758.51 0.07 9261.461785062093
173.59 -918.83 0.06 9087.340608068525
150.7 -540.4 0.1 9307.798615201473
122.11 -787.65 0.13 8949.12013882878
196.64 -822.59 0.09 9516.357357368823
37.5 -782.58 0.1 9477.901236513697
78.5 -279.95 0.09 9134.035526640277
210.73 -868.6 0.14 9129.09466156952
29.25 -686.18 0.09 9366.818626847868
31.29 -603.83 0.11 9572.811065835394
31.6 -490.34 0.09 9516.374883137627
88.94 -657.98 0.11 9573.40793202103
189.09 -920.43 0.12 9714.02706193437
191.81 -718.49 0.08 9319.980331017712
201.05 -658.4 0.15 9618.514401474446
33.72 -637.38 0.09 9516.361380575556
3.04 -474.13 0.15 9812.35961799664
188.25 -727.9 0.08 9294.65440072177
105.51 -724.69 0.07 9261.782607351062
46.88 -856.09 0.11 9689.301189095206
214.38 -897.27 0.13 9542.02593228212
299.68 -937.47 0.12 9649.308755793005
97.32 -451.67 0.13 9777.650839391905
34.26 -495.84 0.13 9697.319791953825
216.66 -903.94 0.08 9402.09559565246
373.13 -705.12 0.09 8693.892956452639
278.86 -680.47 0.13 7831.3402650596345
71.44 -208.65 0.11 8357.094628163459
441.07 -637.2 0.11 8431.137062968242
474.17 -731.41 0.1 8696.586494938723
226.66 -669.97 0.1 8751.764515916635
108.24 -305.81 0.11 8611.856955738436
480.06 -724.93 0.08 9244.413778087002
335.07 -569.7 0.08 9283.281907002132
214.36 -502.2 0.14 8252.66939270214
265.45 -587.5 0.08 9377.525517378062
321.08 -508.88 0.11 8896.96886315833
138.77 -286.65 0.12 8789.011154453183
221.52 -567.05 0.05 9974.962015292625
136.5 -381.87 0.11 9049.585086918612
306.71 -476.59 0.14 8671.498892439678
250.59 -482.99 0.09 9466.893488264644
227.7 -393.53 0.06 9926.603528042424
487.98 -693.47 0.07 9813.931902518812
182.19 -316.75 0.08 9714.65816088188
262.99 -524.94 0.05 10135.574163488249
167.0 -319.82 0.11 9412.604523278442
174.24 -427.75 0.09 9716.848457554173
305.81 -844.21 0.06 10099.734142105355
124.29 -191.41 0.05 10235.38136307963
213.29 -301.47 0.08 9929.931426365176
376.36 -699.43 0.06 10173.045702088648
395.76 -430.92 0.14 7554.446211717999
732.96 -586.99 0.07 9024.377526802165
611.83 -659.2 0.07 9026.492276677101
500.61 -607.75 0.09 8825.655235528642
189.67 -213.69 0.05 8784.314910070803
279.96 -268.3 0.08 9107.657429614985
555.99 -762.14 0.08 9100.178971485295
61.49 -47.87 0.05 8770.645426587196
248.3 -204.32 0.05 8788.4707184229
475.58 -402.44 0.17 7506.004095333708
489.23 -664.89 0.1 8905.192275085348
679.53 -530.65 0.12 8560.44131681379
510.14 -433.74 0.08 9107.827532611158
561.43 -498.99 0.08 9108.374075085394
382.57 -289.6 0.13 8635.048608924862
389.1 -382.51 0.1 8872.44188589458
427.68 -312.95 0.14 8629.59811165083
129.38 -164.2 0.11 8976.266613865057
659.31 -548.28 0.12 8867.89767378182
699.95 -531.34 0.08 9107.675777615772
300.23 -222.56 0.14 9001.583412511816
525.71 -629.62 0.07 9025.409096673553
551.94 -698.24 0.13 9139.798365093051
510.26 -519.04 0.07 9024.577912299103
603.58 -641.24 0.1 8938.628146693532
583.34 -466.07 0.16 9200.767610249617
498.31 -456.83 0.12 9180.340727823685
594.45 -541.07 0.13 9230.670950682721
378.58 -307.5 0.12 9306.268044503508
403.92 -364.95 0.16 9091.567059638133
348.24 -261.34 0.15 9270.212163552791
574.55 -475.69 0.18 9363.1841372308
552.97 -452.32 0.05 8800.372862718252
256.62 -332.12 0.18 9416.205389501316
431.38 -322.92 0.12 9059.529777091599
599.42 -466.75 0.14 9236.315006716137
333.97 -434.76 0.1 9064.322588665333
497.48 -498.66 0.12 9142.985837209417
254.09 -120.75 0.08 8140.6868068544045
648.88 -272.02 0.07 8076.92093090311
655.85 -400.46 0.1 8235.013533957059
799.16 -353.99 0.09 8192.672380730799
890.38 -335.94 0.08 8141.030399843502
849.06 -324.33 0.13 8089.479549614724
653.12 -440.49 0.07 8075.268291626629
734.61 -260.78 0.12 8299.699448711408
886.08 -340.22 0.13 8311.70162941488
437.41 -297.72 0.05 7906.878407162163
805.1 -496.49 0.12 8299.700515616529
859.51 -369.69 0.13 8324.88444204411
814.79 -507.17 0.07 8075.160552228535
746.23 -328.19 0.12 8299.70009610995
561.33 -252.62 0.12 8299.700208196951
862.43 -350.66 0.07 8076.883021108864
686.71 -411.88 0.1 8235.040254865638
712.8 -495.24 0.12 8299.700086374774
432.16 -170.9 0.12 8289.91043862081
568.33 -191.04 0.08 8140.553459479093
828.83 -537.65 0.14 8346.587348206935
151.03 -82.26 0.11 8270.14879246963
470.41 -210.43 0.08 8140.463090027644
753.39 -495.23 0.06 7992.608953827422
835.63 -300.55 0.15 8365.477137826696
762.18 -400.26 0.07 8075.073860000044
607.58 -342.33 0.08 8140.8114584535015
303.51 -185.19 0.06 7998.929721037564
859.16 -490.67 0.16 8183.627393159779
732.31 -251.68 0.11 8270.146226186256
720.72 -463.43 0.06 7991.606544823284
754.43 -413.07 0.15 8365.537306835915
761.79 -349.37 0.05 7881.7950447921485
677.8 -468.58 0.05 7881.535474858352
665.31 -388.99 0.13 8324.884461665053
472.11 -256.28 0.13 8306.83347170558
291.01 -201.97 0.14 8346.598347580111
484.72 -233.04 0.07 8075.547562596417
719.83 -348.19 0.16 8080.238181650529
226.17 -93.38 0.09 8192.68455535738
719.73 -504.24 0.13 8324.88446828037
557.93 -237.43 0.06 7990.989751522797
728.51 -7.86 0.16 7099.542631533741
230.84 -10.34 0.05 9604.151366551228
952.59 -75.85 0.06 9456.238856135464
675.24 -121.27 0.1 8591.383349908969
973.33 -173.07 0.06 9495.461934109811
787.98 -196.2 0.06 9512.860936780966
863.46 -14.21 0.08 9118.536197330634
483.82 -113.86 0.06 9559.690892261644
985.33 -155.98 0.11 8594.1220990754
794.35 -234.32 0.07 9420.338859195503
878.52 -195.75 0.1 8871.205691500996
662.07 -108.08 0.09 9107.539939873514
577.8 -17.99 0.15 8091.864951442079
857.94 -202.54 0.13 8536.425461566994
827.87 -133.56 0.07 9317.608503716481
378.87 -68.91 0.1 9049.91552246905
984.0 -60.82 0.14 8644.824971210057
935.96 -121.73 0.06 9624.452939970495
620.89 -59.08 0.1 9292.146246896336
809.97 -82.08 0.11 9263.748429321218
771.43 -92.68 0.13 9064.976910023976
367.14 -94.25 0.13 9144.930838139962
942.04 -44.83 0.08 9774.086860074414
804.48 -210.07 0.14 9187.420154134372
969.47 -125.41 0.14 8692.99838821484
674.57 -74.83 0.15 9316.238757689096
336.73 -65.26 0.11 9626.496685065602
837.08 -191.17 0.13 9553.73638831759
950.2 -262.48 0.13 9795.609540713835
468.6 -28.49 0.08 9705.103075347628
265.47 -59.99 0.12 9223.49512319428
455.28 -33.0 0.11 9380.649814963663
56.49 -3.41 0.07 9622.65699459652
368.67 -14.33 0.12 9985.35224764285
799.3 -50.6 0.06 9640.73496317981
752.61 -158.41 0.1 9974.166221983278
983.98 -78.73 0.07 9669.528767524587
415.62 -19.79 0.13 9577.490674719891
683.41 -57.86 0.13 8834.524941395115
