0.0 0.0
842.81 81.29 0.12 6616.947283813432
889.52 64.16 0.14 6634.520603877628
701.63 44.37 0.08 6557.5981300442345
534.48 141.71 0.14 6634.481640398068
435.82 25.32 0.15 6642.215284622459
520.21 39.65 0.12 6616.947270638118
576.61 131.19 0.06 6501.731931041688
351.24 7.57 0.07 6533.169294107312
622.69 177.26 0.1 6592.892963011045
785.48 195.88 0.07 6532.891346722754
713.17 72.58 0.06 6503.73201044966
617.47 78.87 0.1 6592.895185086392
761.65 158.01 0.1 6592.892739531056
609.04 130.49 0.11 6605.9526149201065
464.37 50.91 0.14 6634.48169748072
857.86 223.27 0.08 6557.626176441556
826.42 73.58 0.09 6577.1194610453185
948.69 304.28 0.12 6616.947725840881
455.22 125.94 0.1 6592.892890232206
750.63 104.51 0.08 6557.617198286736
939.25 41.45 0.06 6500.638659862097
768.13 232.62 0.08 6557.621362559459
856.25 251.14 0.06 6500.719499076029
928.57 36.83 0.12 6616.947274366288
226.78 58.08 0.11 6605.95268929361
867.8 26.39 0.1 6592.894748595704
680.53 163.29 0.07 6533.54312494922
133.42 18.59 0.14 6654.8679669434005
887.56 249.49 0.07 6533.105616059919
958.49 34.02 0.14 6634.481625249135
899.4 25.32 0.13 6626.345142292148
598.67 181.05 0.08 6557.62367025162
646.61 6.15 0.14 6634.481625381897
330.13 6.15 0.05 6466.775255820233
376.12 1.52 0.11 6605.952389997695
768.88 35.91 0.1 6592.895758165127
919.98 36.45 0.14 6634.482363406689
320.47 79.45 0.13 6626.34514014935
264.48 64.87 0.14 6635.185531094033
187.51 4.8 0.13 6626.378754798154
324.18 21.06 0.1 6592.894191148471
423.32 26.27 0.11 6605.950794852906
492.3 269.31 0.08 8142.708790882372
631.46 406.75 0.1 8238.21052551333
855.87 436.68 0.13 7925.613995715493
765.62 554.82 0.13 8015.556410099929
892.34 388.87 0.11 8273.867559239454
808.29 498.66 0.06 7995.74453785335
898.21 303.07 0.06 7991.340012033211
226.0 147.26 0.13 8282.179030695166
239.44 95.1 0.14 8181.957119606246
212.62 147.41 0.08 8142.656704843399
913.79 389.07 0.11 8273.864956347501
773.22 460.78 0.12 8303.915129967423
429.57 160.25 0.07 8076.409678272728
174.48 104.13 0.05 7877.772699293571
366.14 121.7 0.07 8076.213664090409
664.22 324.09 0.14 8234.084962612698
522.31 188.7 0.11 8273.864948356942
609.87 276.32 0.13 8329.541415881651
806.86 531.82 0.05 7878.166277012181
663.52 447.2 0.14 8351.664239116832
863.44 502.92 0.11 8273.866521091313
391.31 127.85 0.08 8142.5339116291125
439.22 251.3 0.07 8076.1839620035635
646.17 357.75 0.1 8238.203876225432
533.22 231.35 0.09 8195.209997253442
830.26 396.27 0.13 8329.541569449877
827.33 412.4 0.07 8077.129375310644
768.25 422.81 0.14 8290.332399614777
493.33 168.22 0.11 8273.865917007632
683.78 314.05 0.12 8303.905849226881
882.87 408.25 0.11 8273.86594083269
306.32 219.66 0.07 8076.254865035365
451.65 278.58 0.1 8238.209591772349
880.64 336.56 0.07 8076.6948797701525
55.83 21.01 0.12 8303.913180697282
341.45 234.86 0.16 8380.084037729579
799.37 375.28 0.11 8273.865396410765
787.79 561.07 0.08 8142.522159213409
784.28 454.58 0.13 8329.541389398455
558.06 332.24 0.13 8329.541406460294
507.48 331.21 0.1 8238.206745052115
415.01 380.4 0.13 7794.674578286195
381.9 472.04 0.15 7424.106362610249
641.94 554.47 0.14 7748.043137661538
234.91 305.21 0.12 8268.069811402816
515.39 465.39 0.1 8749.24169189015
410.47 436.24 0.15 7835.364755148135
205.79 248.73 0.12 8515.987826629847
591.68 594.77 0.1 8936.920953328865
297.39 270.72 0.07 9517.923952922889
567.08 669.57 0.09 9197.676394059581
773.74 580.84 0.1 9072.177148458582
111.72 90.4 0.11 8974.35538910396
223.88 192.5 0.06 9821.702708150522
368.47 351.6 0.07 9687.2714276187
611.14 720.1 0.12 8987.567428361108
625.95 605.8 0.12 9073.009410815572
395.48 360.34 0.08 9685.959052292808
652.57 564.27 0.08 9720.288064351122
599.31 758.83 0.07 9612.716118648927
680.18 605.66 0.06 9993.287406190462
666.84 495.47 0.07 9938.660556181125
603.08 571.26 0.1 9619.505108053325
329.96 425.38 0.09 9785.161934301312
229.01 218.77 0.06 10141.381856777649
619.98 586.8 0.1 9767.665231762843
317.51 315.39 0.09 9635.02830988326
468.45 582.58 0.12 9698.688056052668
595.11 443.58 0.08 10098.740769050073
235.91 306.03 0.06 10296.13487064988
459.34 497.38 0.06 10049.633565739217
703.77 696.38 0.07 9937.488578806804
788.89 612.51 0.06 10365.094375886352
269.3 342.0 0.12 9865.71149771405
596.34 561.16 0.08 10290.160056002194
580.9 776.99 0.1 9997.366417841218
694.74 638.71 0.11 10277.230714285548
331.07 382.35 0.14 9760.535886889906
300.75 407.4 0.08 10445.311247249658
479.81 865.95 0.1 8483.57300737128
399.97 809.27 0.05 9288.041820383198
218.64 350.9 0.06 9374.227709588227
287.75 710.53 0.08 9031.515134684108
112.68 188.69 0.07 9282.192051681042
486.28 869.53 0.05 9293.267340548678
511.6 719.56 0.12 8321.385093078088
428.71 705.26 0.08 9178.650444069059
97.58 135.42 0.15 7840.63769392283
296.29 806.91 0.14 8123.458968877374
100.54 200.27 0.17 7699.548015044224
335.93 642.33 0.13 8518.436765857205
133.74 379.52 0.1 9111.757537779977
326.38 577.05 0.12 8760.82257885629
316.81 687.99 0.11 9015.093854349336
477.86 702.97 0.11 9078.333597099816
42.46 63.92 0.1 9288.907830074964
115.68 305.14 0.13 9026.291968779184
369.69 820.81 0.09 9213.316627510001
255.6 676.45 0.1 9086.034594685736
332.22 695.58 0.07 9417.166370228168
82.46 195.39 0.13 9173.212956383606
318.66 465.09 0.1 9303.024781979893
132.15 345.97 0.06 9374.228231778849
419.12 602.35 0.14 9338.204948106777
390.09 760.02 0.13 8727.046174683686
314.14 779.93 0.1 9443.909499137619
218.74 544.13 0.14 9421.24671275256
300.39 469.32 0.14 9130.553607533773
187.4 542.33 0.2 9313.634541680449
376.28 801.93 0.09 9389.724981404994
368.28 681.49 0.11 9455.222508328316
374.5 732.68 0.14 9258.840480378643
278.47 640.66 0.18 9425.425031155184
204.79 480.1 0.15 9120.864044473987
193.72 434.69 0.18 9387.579661292299
118.5 786.16 0.23 5613.155267147147
216.06 668.99 0.05 9683.053676966023
136.02 514.25 0.13 7959.839074214533
0.11 287.55 0.23 6049.602082290354
39.53 540.17 0.11 8579.047254856441
165.83 840.73 0.18 7338.787921885615
217.85 862.53 0.06 9660.909752822276
46.65 301.64 0.12 8613.366957519796
91.93 651.56 0.23 6875.989592377733
39.26 968.79 0.06 9798.464673348379
52.31 214.98 0.11 9028.339424786122
233.63 759.92 0.08 9406.173439493581
44.17 410.88 0.1 9259.590112916194
9.26 908.63 0.09 9473.361395145042
42.93 864.03 0.05 10096.774185773003
84.58 988.1 0.08 9494.852137497704
184.52 823.8 0.15 8834.562793202309
63.02 939.35 0.07 9796.047898265311
18.7 551.85 0.06 10058.664840501651
36.43 639.08 0.06 9876.192008032413
32.62 619.97 0.14 9118.097767396634
1.74 548.45 0.06 10007.309499930536
88.75 399.82 0.06 10100.02877489341
187.47 718.59 0.11 9635.022619386236
108.28 416.75 0.11 9782.517752183752
102.57 568.17 0.11 9847.04765584239
109.97 918.21 0.12 9843.572526624852
202.39 645.38 0.1 9690.480933446845
70.45 402.38 0.13 9924.10281005268
83.97 989.99 0.17 9823.116796451708
104.16 801.51 0.1 10112.501374397436
173.98 663.74 0.1 10026.388803994852
-117.79 918.12 0.07 8528.895267752927
-11.39 936.57 0.08 8621.349995179022
-5.31 628.5 0.05 8270.38337671954
-0.76 859.26 0.07 8529.011521542157
-104.49 415.71 0.08 8621.424096478173
-11.66 233.57 0.08 8621.33849637939
-11.03 432.51 0.11 8538.464660566722
-60.56 504.18 0.08 8621.32605259956
-192.06 807.26 0.09 8697.911759892937
-75.86 568.96 0.11 8710.250944357846
-64.32 453.36 0.1 8726.660818982866
-73.98 749.98 0.1 8762.292728556096
-128.14 872.65 0.07 8528.825577935528
-35.17 590.84 0.06 8418.526090196274
-206.89 753.99 0.11 8744.918026840622
-229.69 767.91 0.07 8530.524559690339
-91.45 531.19 0.11 8635.01860307962
-87.51 738.49 0.15 8585.666029996053
-109.55 444.47 0.07 8530.469054356552
-77.73 492.26 0.14 8893.629386308581
-125.52 719.97 0.12 8864.399919667116
-125.65 966.69 0.09 8697.978087996158
-49.76 295.06 0.14 8836.255438543669
-76.3 742.12 0.06 8420.6226237646
-47.04 161.19 0.08 8621.635450990205
-133.94 722.51 0.13 8905.431979841194
-234.83 860.24 0.15 8972.948706693107
-130.5 944.11 0.06 8416.236968304089
-173.16 568.6 0.09 8697.952267913568
-12.03 589.14 0.06 8416.453122082712
-21.53 342.95 0.1 8762.302633395973
-96.64 533.09 0.12 8826.814029567817
-71.96 833.22 0.14 8941.34632777287
-8.96 312.76 0.05 8294.348703221835
-90.2 585.07 0.11 8785.890430731186
-28.61 699.1 0.06 8418.237425371724
-215.6 911.21 0.15 8926.380407520352
-50.68 225.67 0.15 8940.436451260377
-276.38 932.05 0.09 8698.007984822216
-298.33 952.07 0.05 8271.295988563214
-12.33 982.67 0.16 8989.761055620529
-25.41 122.31 0.12 8864.372794472369
-322.63 483.42 0.12 8005.139045103208
-315.17 604.64 0.12 8063.23485839134
-329.87 570.57 0.09 8787.73192895019
-454.99 866.34 0.08 9038.558355898283
-206.39 399.71 0.07 9287.30559437215
-371.36 868.5 0.1 8688.793760173761
-106.4 150.18 0.06 9556.139810960536
-303.75 870.07 0.05 9778.991032615146
-319.22 642.93 0.1 8802.026761429384
-218.02 485.8 0.14 8106.049855241826
-378.95 738.64 0.1 8934.289911765638
-420.07 852.74 0.13 8470.774986122586
-365.72 540.79 0.12 8730.307140599552
-350.51 923.57 0.05 9837.20944462148
-420.99 867.11 0.12 8852.840648651163
-299.55 669.82 0.12 8907.741173705303
-282.92 594.83 0.06 9834.885910843952
-135.6 192.11 0.05 10045.24144543433
-305.6 839.11 0.08 9346.985187576704
-271.06 705.16 0.08 9652.856250735069
-371.91 789.34 0.13 9060.502528933548
-417.39 660.61 0.14 9058.271311413093
-242.64 434.04 0.11 9488.605056622315
-240.58 541.76 0.09 9768.13931824987
-266.77 764.71 0.1 9713.003128797494
-431.04 855.08 0.06 10165.43436093235
-528.39 819.21 0.1 9647.0348631383
-230.09 430.58 0.1 9685.994878237383
-401.86 567.77 0.11 9834.656390648557
-477.38 861.56 0.06 10261.187415635424
-53.5 76.85 0.05 10183.475879953909
-457.26 744.72 0.06 9897.819482948717
-166.79 301.31 0.08 10022.006252347239
-374.53 516.04 0.15 9839.619140619765
-305.15 772.57 0.07 10054.809403326853
-188.12 518.4 0.06 10345.085222097281
-196.45 382.35 0.11 10281.901411734421
-316.07 669.52 0.1 10385.783170903182
-209.97 336.93 0.1 10441.192626964868
-301.65 581.53 0.07 10189.416346745718
-299.43 679.67 0.06 10238.403286644914
-592.67 667.62 0.13 7764.371825040821
-252.41 316.17 0.14 7640.554487510952
-292.44 295.66 0.15 7523.588359117666
-517.44 564.19 0.07 9293.660936985209
-649.47 570.41 0.05 9737.202146829917
-412.31 458.23 0.06 9544.144864769441
-124.88 137.84 0.08 9151.732509107997
-607.65 481.2 0.15 7824.468502169509
-625.46 667.87 0.06 9629.911779800785
-297.29 291.69 0.13 8357.439657666413
-673.41 656.43 0.13 8447.576643216813
-572.74 549.07 0.07 9556.270354407257
-526.0 659.24 0.06 9716.816004505265
-484.52 498.59 0.08 9438.418691503119
-601.43 650.86 0.11 9005.347635277718
-302.44 416.14 0.06 9784.841563126969
-711.43 648.76 0.08 9418.115760916027
-529.13 430.09 0.06 9898.707643753196
-200.77 239.02 0.1 9350.626167945433
-512.22 450.11 0.1 9397.910718645906
-511.65 572.92 0.08 9711.451599314361
-446.44 572.34 0.07 9872.482257110874
-405.85 369.01 0.08 9541.055704442537
-179.6 193.0 0.14 9116.5839103303
-496.04 475.03 0.11 9474.798329683534
-404.56 384.41 0.06 9928.679128928341
-473.1 438.63 0.12 9543.10187298434
-222.71 291.84 0.08 9741.994317750916
-415.46 486.09 0.05 10172.00629466161
-689.59 545.65 0.1 9686.858281572067
-770.02 581.46 0.07 10188.835298976179
-735.11 615.45 0.15 9600.11722065806
-342.56 445.88 0.13 9845.220796504052
-341.36 268.69 0.06 9800.357521798785
-241.39 251.97 0.11 10021.092891291672
-555.03 715.08 0.09 9974.46843907384
-228.59 237.56 0.13 8976.483810992257
-478.26 491.37 0.13 9119.180656089306
-528.86 445.43 0.08 10315.900885132936
-246.98 302.95 0.08 10112.358966080197
-521.56 376.16 0.11 8251.577356897136
-855.53 498.46 0.08 8973.582855740391
-542.18 384.42 0.06 9452.047031754517
-116.74 60.2 0.16 7331.782911550026
-676.62 444.42 0.08 9108.753106426611
-777.22 455.92 0.11 8527.97306690691
-552.87 246.02 0.08 9181.033111363076
-803.74 325.42 0.12 8452.880938377035
-658.96 464.18 0.08 9271.226501958907
-256.04 91.63 0.08 9308.9989897157
-620.95 305.64 0.08 9344.72656499098
-217.35 94.84 0.1 9045.118822724964
-803.33 406.48 0.09 9261.755645085843
-483.89 301.72 0.06 9795.345093030728
-742.59 522.6 0.08 9496.619391771745
-570.49 370.93 0.11 9070.807889352283
-820.04 281.74 0.11 9139.81962131472
-731.67 429.4 0.13 8942.857951294121
-464.54 334.85 0.06 9960.844238076545
-623.21 245.0 0.15 8829.309747663561
-756.74 467.01 0.11 9408.0311764281
-832.42 385.23 0.07 9929.602621633061
-571.15 387.69 0.1 9615.248084716613
-800.07 279.38 0.06 10076.876858120106
-813.3 289.21 0.12 9500.330602455879
-116.98 50.02 0.08 9855.994872437235
-629.26 365.43 0.13 9558.404975679521
-462.03 297.75 0.07 10157.61366695287
-674.63 399.2 0.06 9801.902048828004
-714.31 460.41 0.17 9418.760717179619
-362.01 123.17 0.11 9739.114117721047
-771.58 502.58 0.1 9078.639596126188
-652.72 356.72 0.12 9876.024195772816
-340.36 134.96 0.08 9754.56168006815
-543.19 180.98 0.18 9654.883592835502
-890.98 327.63 0.1 10039.602704764384
-367.66 207.45 0.13 10073.851276149051
-380.17 236.33 0.07 9988.768564130458
-541.65 342.67 0.08 9745.329553815114
-225.65 31.6 0.06 8206.22784318072
-867.24 121.14 0.09 8457.469497851142
-826.4 259.49 0.07 8310.138841630087
-753.92 133.93 0.09 8457.465869350104
-891.66 58.04 0.09 8457.46317945527
-578.75 59.7 0.06 8206.53574193878
-937.73 147.08 0.05 8070.548002767437
-838.56 245.06 0.08 8391.896600476675
-712.65 164.9 0.07 8310.156732016025
-592.36 69.89 0.1 8511.179105185845
-828.72 227.73 0.13 8361.734929852479
-426.76 7.03 0.11 8555.962528703538
-627.39 28.58 0.11 8555.961429596413
-79.1 22.81 0.12 8560.479724044331
-874.56 185.61 0.09 8457.464257918518
-758.27 189.42 0.13 8626.326878872382
-139.0 30.91 0.14 8654.462775386008
-525.79 61.37 0.15 8679.078584518318
-789.16 39.65 0.1 8511.181168161314
-557.24 99.39 0.13 8608.661992779855
-190.19 28.12 0.06 8205.689134736253
-553.02 31.34 0.13 8604.203524334067
-923.4 35.56 0.05 8084.192247528187
-947.09 64.38 0.14 8654.460154071217
-925.84 95.1 0.09 8457.461860859168
-976.44 86.16 0.08 8391.993037894277
-724.87 115.17 0.13 8626.326860353953
-659.92 173.51 0.12 8593.854419237185
-925.28 60.35 0.13 8514.856751296764
-903.7 90.1 0.14 8545.505390051643
-722.89 195.25 0.09 8457.478029755457
-636.58 87.99 0.13 8626.34863144207
-529.74 97.27 0.11 8555.961361136608
-710.38 139.76 0.13 8626.327566360684
-744.47 81.43 0.1 8511.181506237188
-733.16 162.82 0.11 8555.96146201642
-924.44 271.71 0.14 8415.567714640267
-651.22 140.71 0.06 8206.634807464567
-546.74 99.87 0.07 8310.302377760487
-654.01 133.0 0.09 8457.499203519421
-237.23 60.3 0.1 8511.17887572429
-734.47 -84.9 0.1 8465.91741592561
-291.81 -89.76 0.13 7853.273435371217
-792.26 -152.28 0.16 7317.569060915932
-697.58 -61.69 0.15 7645.771836930827
-95.93 -3.94 0.12 8365.379296785344
-513.43 -44.2 0.14 8066.399490851369
-576.28 -96.36 0.1 8886.658047446374
-17.12 -2.12 0.12 8581.987389734846
-958.32 -281.56 0.12 8677.600235513677
-354.9 -54.81 0.07 9594.402151369672
-778.49 -119.34 0.09 9282.697155068308
-511.68 -91.92 0.1 9152.414334449815
-849.98 -210.46 0.06 9832.242713416057
-725.07 -182.57 0.09 9380.604465506796
-116.75 -28.74 0.11 9142.93067703302
-835.26 -179.74 0.08 9641.250273095935
-320.57 -86.13 0.08 9580.463086895932
-788.41 -33.11 0.05 10119.501116819612
-710.06 -144.86 0.09 9604.533956252228
-658.72 -76.1 0.09 9650.36406771555
-555.73 -98.2 0.07 9930.86063818879
-489.03 -60.85 0.07 9956.946110082812
-550.01 -63.44 0.14 9210.559776127353
-415.51 -82.92 0.09 9819.264033414072
-887.01 -178.91 0.06 10144.60903737074
-888.96 -150.07 0.12 9360.303079721207
-871.27 -228.14 0.06 10233.107289041654
-331.21 -95.07 0.08 9956.939415094675
-441.95 -23.77 0.06 9767.346204450714
-566.28 -17.32 0.07 10223.996999034054
-810.56 -87.28 0.08 9441.425930906616
-812.85 -96.25 0.06 10221.172857585258
-409.29 -81.09 0.12 9631.565106902008
-776.08 -71.97 0.12 10028.408408294703
-561.1 -134.91 0.12 10167.754167658573
-955.73 -271.15 0.09 9802.79490114931
-742.58 -135.0 0.06 10242.418971115707
-804.06 -14.33 0.1 9946.51356473601
-734.88 -3.7 0.07 10335.222228057573
-471.19 -267.15 0.1 8476.087457440055
-316.99 -133.62 0.14 7635.221573325609
-833.96 -524.98 0.08 9034.06979539118
-430.9 -149.87 0.1 8637.76524824844
-116.16 -53.1 0.15 7665.935463553751
-828.63 -527.23 0.12 8386.195205734337
-826.82 -320.12 0.05 9808.21587773683
-713.31 -428.07 0.16 7750.458171401835
-405.62 -285.74 0.05 9863.498056943798
-450.29 -309.18 0.05 9876.99777677384
-627.1 -211.85 0.06 9706.54646072645
-666.29 -312.68 0.11 8835.72369562495
-583.33 -231.21 0.08 9404.498625803943
-517.9 -190.21 0.14 8451.832265720373
-383.66 -196.26 0.07 9652.299158705287
-691.74 -361.52 0.06 9838.467660639046
-818.64 -570.95 0.09 9394.456817724895
-633.95 -288.2 0.08 9579.123889137967
-545.85 -185.12 0.06 9769.93186161116
-788.87 -378.54 0.07 9784.786962489481
-226.74 -85.15 0.14 8915.07164707204
-577.73 -239.68 0.07 9668.465277199955
-413.23 -208.28 0.1 9553.423614524661
-555.91 -204.27 0.11 9489.96892146418
-591.27 -225.28 0.14 9213.21549259534
-479.15 -286.51 0.09 9819.106888422713
-177.47 -88.94 0.1 9727.370454730197
-697.46 -434.14 0.08 10024.22864006917
-346.59 -143.75 0.14 9555.353385635983
-506.3 -304.45 0.05 10182.494741546856
-771.66 -315.81 0.07 10227.645609807303
-702.24 -326.69 0.16 9624.472801155633
-704.58 -429.56 0.12 9809.349545488232
-673.26 -304.95 0.09 9915.914970679338
-748.25 -351.18 0.08 10008.89318786802
-715.08 -264.81 0.08 10377.790207911974
-299.29 -128.95 0.09 10339.080044289225
-758.16 -310.89 0.1 10249.975447272394
-529.44 -415.17 0.08 8935.794807623388
-548.97 -588.18 0.12 8075.765067895502
-527.52 -518.86 0.14 7716.5595404008145
-253.46 -268.48 0.07 9282.500578940606
-592.56 -796.17 0.12 8276.49373882805
-580.24 -685.43 0.17 7373.457364763844
-315.16 -420.68 0.09 9033.228091663743
-273.13 -352.81 0.09 9066.729682578136
-460.67 -426.06 0.09 9107.565983689563
-439.59 -500.2 0.06 9693.067442960284
-198.92 -159.69 0.09 9183.135003707102
-562.84 -754.14 0.09 9215.93209430867
-456.58 -550.37 0.07 9588.643295199905
-297.87 -370.97 0.05 9853.009772615
-494.01 -639.11 0.09 9311.645173306104
-577.71 -503.78 0.09 9350.497677532578
-287.42 -312.63 0.13 8810.4446165982
-453.99 -584.85 0.06 9902.704437169423
-562.02 -606.8 0.13 8953.487768730973
-500.48 -405.45 0.05 10103.432545812791
-622.24 -781.24 0.06 9987.951286364183
-509.96 -698.01 0.12 9237.998131756764
-590.97 -465.99 0.06 10000.410787572162
-405.75 -323.6 0.07 9938.352070914067
-621.0 -656.15 0.1 9612.430935574963
-524.25 -661.54 0.08 9882.93500007651
-574.85 -655.15 0.12 9493.21843938204
-299.22 -262.96 0.09 9860.486654000491
-176.79 -219.44 0.09 9902.410583636556
-381.94 -496.74 0.1 9866.001677599357
-480.4 -532.36 0.13 9664.745988019067
-743.05 -599.77 0.06 10037.141004136949
-334.52 -345.03 0.1 10030.814077324383
-534.45 -429.3 0.11 10022.150544647388
-463.86 -480.1 0.07 10089.979186355637
-504.89 -453.77 0.08 10301.210948185213
-538.68 -614.48 0.06 10356.87112392721
-301.83 -232.92 0.1 9509.93995962928
-478.0 -372.79 0.08 10001.625372340906
-561.79 -795.01 0.14 7573.6555757772085
-254.13 -638.89 0.12 8106.264544484162
-321.41 -790.78 0.1 8600.023749878555
-355.65 -522.69 0.09 8860.011771747171
-354.59 -844.32 0.14 7851.835213891516
-342.92 -578.72 0.07 9349.842302025254
-228.28 -555.12 0.09 8977.869272911488
-427.35 -788.98 0.11 8634.371851189622
-84.55 -204.65 0.1 8887.145537576485
-497.43 -723.68 0.1 8954.61860461916
-350.63 -661.73 0.15 8164.112736866704
-179.94 -402.82 0.09 9262.513519285952
-334.88 -900.03 0.09 9321.56132200079
-515.73 -756.39 0.08 9528.906912669512
-517.39 -837.44 0.13 8818.022186787884
-194.7 -529.85 0.06 9903.943293916629
-358.89 -665.58 0.06 9924.772961043565
-208.52 -489.65 0.11 9259.98265860315
-435.74 -838.07 0.06 9979.763177601533
-185.14 -519.26 0.09 9607.851757707147
-401.75 -768.73 0.08 9774.339051926454
-427.88 -682.0 0.06 10048.914736675326
-128.43 -309.28 0.09 9724.524848994668
-344.23 -604.39 0.1 9660.877911880601
-380.67 -846.13 0.08 9923.293844327747
-265.72 -669.44 0.07 10059.311208209667
-241.36 -475.79 0.05 10284.696225774422
-265.84 -499.28 0.08 10011.23943449163
-316.49 -519.18 0.11 9773.603964765323
-226.79 -597.81 0.12 9778.41617095056
-285.5 -608.42 0.07 10228.155047304259
-408.07 -745.56 0.06 10333.71762862393
-8.16 -740.21 0.16 7133.947039011711
-128.45 -855.81 0.12 8116.255278405509
-31.02 -187.85 0.08 9045.484944562799
-176.6 -544.0 0.14 7841.943023914811
-130.69 -494.48 0.14 7893.857827509305
-83.57 -387.91 0.06 9573.19955768977
-102.96 -555.43 0.09 8996.335875226783
-256.49 -889.95 0.05 9813.588283985515
-151.86 -929.13 0.08 9253.752046032072
-24.21 -389.36 0.11 8725.644003141977
-72.95 -684.94 0.08 9326.607604995494
-130.62 -793.38 0.1 8999.5663353142
-44.69 -704.52 0.13 8544.054712359859
-188.76 -717.89 0.06 9779.177576613452
-10.96 -473.96 0.05 9963.159072364815
-141.93 -473.71 0.1 9186.064351562258
-136.41 -703.29 0.05 9983.975868011981
-91.61 -443.84 0.05 9943.570977511485
-40.24 -658.03 0.06 9886.443972483477
-183.93 -843.02 0.15 8613.4097528159
-187.91 -704.37 0.07 9803.369378040312
-70.64 -854.61 0.07 9482.011366923487
-90.7 -358.54 0.07 9628.939450505206
-108.45 -751.62 0.09 9542.432847229531
-31.03 -183.38 0.12 9029.972345795966
-180.19 -922.18 0.17 8904.672441369168
-143.15 -922.17 0.06 10040.593357147543
-46.77 -707.02 0.09 9609.569261532462
-115.53 -725.62 0.07 9659.910514195573
-58.99 -655.69 0.15 9387.550189548465
-85.49 -894.17 0.07 9701.85498661055
-147.56 -565.72 0.07 10053.083033778516
-99.1 -557.45 0.15 9679.893848396841
-234.21 -814.88 0.12 9477.501812850513
-125.03 -635.05 0.13 9935.211162602869
-17.71 -842.61 0.07 9834.315720561759
-168.37 -520.74 0.12 10119.090580093976
-116.74 -837.94 0.13 10081.323614705361
-2.59 -866.3 0.06 10027.06242249105
-20.98 -965.77 0.12 9676.257878383594
98.14 -782.96 0.11 8248.45582721307
79.93 -462.5 0.07 9203.912329181727
266.94 -944.13 0.12 8147.584917649005
78.5 -279.95 0.09 8856.70999414295
45.42 -796.8 0.13 8081.806662223893
210.73 -868.6 0.14 7937.773028665737
6.78 -846.13 0.06 9278.676937535065
173.59 -918.83 0.06 9277.52436073467
116.47 -758.51 0.07 9447.825083153099
174.53 -906.35 0.13 8384.000327702666
189.09 -920.43 0.12 8612.493193401102
299.68 -937.47 0.12 8660.033514340173
33.72 -637.38 0.09 9235.778429905838
132.83 -817.01 0.08 9444.674953022577
122.11 -787.65 0.13 8671.703337183004
171.13 -554.18 0.11 9063.114423550747
115.77 -435.33 0.09 9382.369337223567
18.49 -255.13 0.09 9234.458657154488
196.64 -822.59 0.09 9522.675434361532
31.6 -490.34 0.09 9568.884358617155
105.51 -724.69 0.07 9448.081695752866
191.81 -718.49 0.08 9519.665442811714
150.7 -540.4 0.1 9560.84896897084
61.6 -971.11 0.11 9119.632210648477
188.25 -727.9 0.08 9500.075646262356
29.25 -686.18 0.09 9579.621735509147
120.81 -830.4 0.08 9526.221393543194
120.26 -402.29 0.06 9277.190160865135
15.54 -123.51 0.1 9391.76020332719
216.66 -903.94 0.08 9583.394746120652
46.88 -856.09 0.11 9853.536295222908
31.29 -603.83 0.11 9770.92762000957
201.05 -658.4 0.15 9821.905355133833
88.94 -657.98 0.11 9771.348784591763
34.26 -495.84 0.13 9888.694942637354
97.32 -451.67 0.13 9942.014244113854
37.5 -782.58 0.1 9683.662172631775
3.04 -474.13 0.15 9988.701028236494
214.38 -897.27 0.13 9786.908925818561
278.86 -680.47 0.13 7802.463705380928
71.44 -208.65 0.11 8332.051903998452
474.17 -731.41 0.1 8615.626763721193
226.66 -669.97 0.1 8666.662267391595
167.0 -319.82 0.11 8498.677320413517
487.98 -693.47 0.07 9359.396852056487
214.36 -502.2 0.14 8014.851183082185
138.77 -286.65 0.12 8479.377909956165
321.08 -508.88 0.11 8733.123118022842
108.24 -305.81 0.11 8801.405929939148
174.24 -427.75 0.09 9196.502301842012
373.13 -705.12 0.09 9251.264603372529
480.06 -724.93 0.08 9459.007560372656
250.59 -482.99 0.09 9333.571948983046
376.36 -699.43 0.06 9838.520297859915
124.29 -191.41 0.05 10014.134915881814
136.5 -381.87 0.11 9134.811424292187
441.07 -637.2 0.11 9218.518338222719
306.71 -476.59 0.14 8892.628725356362
265.45 -587.5 0.08 9748.388494656785
262.99 -524.94 0.05 10155.47720161781
213.29 -301.47 0.08 9800.848833832595
182.19 -316.75 0.08 9833.797227324329
305.81 -844.21 0.06 10098.989376535264
227.7 -393.53 0.06 10123.99623544296
335.07 -569.7 0.08 9943.005959649165
221.52 -567.05 0.05 10280.478982232202
475.58 -402.44 0.17 6888.710706003548
732.96 -586.99 0.07 9115.171897306906
500.61 -607.75 0.09 8809.15179621211
679.53 -530.65 0.12 8210.408177408011
525.71 -629.62 0.07 9116.002523804238
61.49 -47.87 0.05 8871.827909603486
555.99 -762.14 0.08 9182.952300102108
561.43 -498.99 0.08 9193.609963963781
427.68 -312.95 0.14 8118.757275821708
611.83 -659.2 0.07 9116.874756534882
395.76 -430.92 0.14 8302.056045068526
333.97 -434.76 0.1 9064.635882280905
248.3 -204.32 0.05 8887.032467447505
594.45 -541.07 0.13 8662.228843622253
279.96 -268.3 0.08 9193.049960397719
189.67 -213.69 0.05 8883.486709138198
659.31 -548.28 0.12 9003.63441428529
431.38 -322.92 0.12 9080.426080320467
489.23 -664.89 0.1 9068.512744562853
599.42 -466.75 0.14 8966.982104200488
510.26 -519.04 0.07 9115.333245364318
699.95 -531.34 0.08 9193.064297648056
300.23 -222.56 0.14 9192.075960656648
551.94 -698.24 0.13 9267.184438284483
510.14 -433.74 0.08 9193.182880634376
498.31 -456.83 0.12 9284.786036452573
497.48 -498.66 0.12 9259.535538965172
552.97 -452.32 0.05 8897.190629796592
256.62 -332.12 0.18 9380.331691469066
348.24 -261.34 0.15 9364.866222753653
382.57 -289.6 0.13 8950.877340060095
574.55 -475.69 0.18 9433.06991053285
389.1 -382.51 0.1 9045.157233561313
403.92 -364.95 0.16 9269.399079998337
603.58 -641.24 0.1 9092.428118966167
129.38 -164.2 0.11 9133.751073706633
583.34 -466.07 0.16 9331.258006223292
378.58 -307.5 0.12 9370.624097687389
437.41 -297.72 0.05 8020.654437777563
561.33 -252.62 0.12 8051.592621750537
607.58 -342.33 0.08 8262.86628893458
648.88 -272.02 0.07 8197.75247221865
151.03 -82.26 0.11 8394.374576500544
432.16 -170.9 0.12 8302.163451996768
254.09 -120.75 0.08 8262.772683368235
712.8 -495.24 0.12 8424.559814840683
746.23 -328.19 0.12 8424.559821076831
799.16 -353.99 0.09 8315.545086381688
734.61 -260.78 0.12 8424.559406366945
814.79 -507.17 0.07 8196.381904602167
862.43 -350.66 0.07 8197.722955224062
291.01 -201.97 0.14 8472.712938231802
719.73 -504.24 0.13 8450.372727173108
762.18 -400.26 0.07 8196.314413537413
686.71 -411.88 0.1 8358.608843964708
719.83 -348.19 0.16 8354.746626145698
303.51 -185.19 0.06 8117.4435912237295
568.33 -191.04 0.08 8262.672548869596
653.12 -440.49 0.07 8196.46578174582
828.83 -537.65 0.14 8472.70649948535
472.11 -256.28 0.13 8439.323016780589
849.06 -324.33 0.13 8308.725542404547
484.72 -233.04 0.07 8196.68320240187
805.1 -496.49 0.12 8424.56008980394
754.43 -413.07 0.15 8492.265656113657
890.38 -335.94 0.08 8263.03070254688
732.31 -251.68 0.11 8394.372861782158
655.85 -400.46 0.1 8358.590252637656
720.72 -463.43 0.06 8111.538596370561
677.8 -468.58 0.05 7999.506756827976
753.39 -495.23 0.06 8112.346728743702
859.51 -369.69 0.13 8450.372711090817
761.79 -349.37 0.05 7999.723220989334
835.63 -300.55 0.15 8492.23209598325
886.08 -340.22 0.13 8442.300008905328
859.16 -490.67 0.16 8406.521280073104
226.17 -93.38 0.09 8315.553892843329
665.31 -388.99 0.13 8450.372723118053
470.41 -210.43 0.08 8262.604688387102
557.93 -237.43 0.06 8111.041367843156
857.94 -202.54 0.13 7787.542950520288
230.84 -10.34 0.05 9660.393298316481
787.98 -196.2 0.06 9455.986710710717
878.52 -195.75 0.1 8604.083340935535
771.43 -92.68 0.13 8002.043242572746
675.24 -121.27 0.1 8699.532649851317
985.33 -155.98 0.11 8553.088672835602
415.62 -19.79 0.13 8204.60073940156
973.33 -173.07 0.06 9583.320295412832
378.87 -68.91 0.1 8902.199388739513
728.51 -7.86 0.16 7923.184325772501
827.87 -133.56 0.07 9453.891670482131
368.67 -14.33 0.12 8739.605435450772
620.89 -59.08 0.1 9132.573368622832
935.96 -121.73 0.06 9691.98020103458
863.46 -14.21 0.08 9319.288500682089
56.49 -3.41 0.07 9701.764682734662
265.47 -59.99 0.12 9026.733163106766
483.82 -113.86 0.06 9637.357133451034
662.07 -108.08 0.09 9336.247186891804
336.73 -65.26 0.11 9326.989101275338
984.0 -60.82 0.14 9048.04165388745
794.35 -234.32 0.07 9536.953663676555
468.6 -28.49 0.08 9778.556494698048
455.28 -33.0 0.11 9575.76223882212
837.08 -191.17 0.13 9449.826916748401
683.41 -57.86 0.13 9270.77789451483
804.48 -210.07 0.14 9511.10102954863
950.2 -262.48 0.13 9729.963748077862
952.59 -75.85 0.06 9550.389391719918
983.98 -78.73 0.07 9740.170978194647
809.97 -82.08 0.11 9494.385929521033
942.04 -44.83 0.08 9833.573283366379
367.14 -94.25 0.13 9461.274719518182
752.61 -158.41 0.1 9999.253197391708
674.57 -74.83 0.15 9608.842350844296
577.8 -17.99 0.15 8969.33727806064
799.3 -50.6 0.06 9705.734581010063
969.47 -125.41 0.14 9224.747024011967
