0.0 0.0
324.18 21.06 0.1 6989.969174105463
826.42 73.58 0.09 7821.988900691584
934.18 254.77 0.15 6622.879890909092
889.52 64.16 0.14 5495.193580567237
133.42 18.59 0.14 6189.689161332466
598.67 181.05 0.08 6810.89035770681
435.82 25.32 0.15 7412.934698296311
617.47 78.87 0.1 7421.958961099677
576.61 131.19 0.06 7228.676512994766
376.12 1.52 0.11 6186.521025257516
857.86 223.27 0.08 6860.129329867686
701.63 44.37 0.08 6232.926709598168
330.13 6.15 0.05 8263.23363702662
264.48 64.87 0.14 6204.369276927866
351.24 7.57 0.07 7358.697891540209
930.99 134.55 0.15 6750.538753553767
856.25 251.14 0.06 6066.736156210745
768.88 35.91 0.1 7636.443469324885
785.48 195.88 0.07 6085.216083932337
919.98 36.45 0.14 6601.024294926356
958.49 34.02 0.14 6575.230614009504
713.17 72.58 0.06 8616.052050148015
888.52 2.42 0.2 6973.022693111157
187.51 4.8 0.13 6943.35706228701
226.78 58.08 0.11 7203.20255247026
646.61 6.15 0.14 6842.94449200837
520.21 39.65 0.12 6224.029365304279
622.69 177.26 0.1 6286.877054593743
455.22 125.94 0.1 6235.934922946584
320.47 79.45 0.13 6309.058903625235
842.81 81.29 0.12 6598.545961604299
761.65 158.01 0.1 6125.734575078588
867.8 26.39 0.1 7243.009954335775
948.69 304.28 0.12 6272.357574677776
423.32 26.27 0.11 6411.628432302108
887.56 249.49 0.07 7122.214911752148
680.53 163.29 0.07 8422.661858541207
609.04 130.49 0.11 6996.549108169493
750.63 104.51 0.08 6678.424476565624
464.37 50.91 0.14 7267.652024629612
928.57 36.83 0.12 6338.723744234801
899.4 25.32 0.13 6779.806505757542
939.25 41.45 0.06 5943.223790512657
534.48 141.71 0.14 6285.633968647494
768.13 232.62 0.08 6764.564901371681
549.54 95.66 0.15 3621.4478656669826
917.25 92.07 0.19 -1465.4974832730186
856.15 43.09 0.19 -3522.8563901115913
705.62 242.07 0.14 5822.836488760657
513.71 182.95 0.17 7151.105743274364
174.48 104.13 0.05 5774.513094426128
507.48 331.21 0.1 6842.515486254231
212.62 147.41 0.08 7913.224884615372
767.55 482.25 0.18 7493.127326063459
808.29 498.66 0.06 8706.716765306144
806.86 531.82 0.05 5906.818469863346
439.22 251.3 0.07 5627.4775908944775
827.33 412.4 0.07 8048.520859268094
558.06 332.24 0.13 5901.762373882557
239.44 95.1 0.14 6606.964087906785
429.57 160.25 0.07 6475.784156716637
898.21 303.07 0.06 6193.536529237051
683.78 314.05 0.12 5659.102227278506
664.22 324.09 0.14 6247.99616590948
880.64 336.56 0.07 7224.288730293984
663.52 447.2 0.14 5779.527839943131
892.34 388.87 0.11 5862.243491923258
391.31 127.85 0.08 6982.558898003717
646.17 357.75 0.1 6259.871857863721
631.46 406.75 0.1 7415.990579055925
913.79 389.07 0.11 5708.903793443627
855.87 436.68 0.13 5627.378656135504
863.44 502.92 0.11 7272.114801853222
55.83 21.01 0.12 5658.12097799324
882.87 408.25 0.11 6835.750495446644
306.32 219.66 0.07 5932.872597801803
787.79 561.07 0.08 6870.196749257284
765.62 554.82 0.13 4828.015661444489
533.22 231.35 0.09 5647.457269129869
773.22 460.78 0.12 5856.801512798955
784.28 454.58 0.13 6293.731983559095
492.3 269.31 0.08 8220.391958884822
493.33 168.22 0.11 6815.506642246147
799.37 375.28 0.11 6305.307176282211
366.14 121.7 0.07 5761.121997465083
226.0 147.26 0.13 5814.03917343731
451.65 278.58 0.1 7288.443402726303
609.87 276.32 0.13 7086.6988384860015
522.31 188.7 0.11 5695.667990957855
771.63 271.0 0.12 7305.749037222446
640.19 427.72 0.11 5853.970854973814
341.45 234.86 0.16 6221.40600474657
768.25 422.81 0.14 3874.0236043288423
784.4 402.5 0.13 3766.628616301455
830.26 396.27 0.13 3272.1116064348494
98.97 51.79 0.2 -4106.145578138338
363.39 243.04 0.19 -3650.5956838754046
727.13 337.38 0.23 -3833.2793816852854
525.71 212.67 0.16 -2306.622359409764
515.39 465.39 0.1 6575.649905973647
617.95 496.96 0.17 5357.00730592968
415.01 380.4 0.13 5579.218422638498
611.14 720.1 0.12 5667.824379745591
205.79 248.73 0.12 5871.611608254499
329.96 425.38 0.09 6598.932795809659
771.93 590.9 0.15 5218.722948761435
625.95 605.8 0.12 5774.332238633199
459.34 497.38 0.06 8636.374768496291
246.93 210.85 0.17 5030.31307110504
111.72 90.4 0.11 7116.281968598731
788.89 612.51 0.06 5217.089047368453
618.87 657.88 0.12 6464.995419464069
652.57 564.27 0.08 7545.944985815706
569.36 543.25 0.15 5081.0636462568145
580.9 776.99 0.1 5814.500952743907
694.7 586.99 0.16 4853.485799506763
599.31 758.83 0.07 7696.35808292046
591.68 594.77 0.1 6124.085991724755
468.45 582.58 0.12 6130.065496745564
641.94 554.47 0.14 5881.5345808628
619.98 586.8 0.1 5538.376303780856
154.53 206.13 0.17 5114.825909736597
300.75 407.4 0.08 7287.890113520538
297.39 270.72 0.07 7737.365396848191
395.48 360.34 0.08 5263.212823889334
269.3 342.0 0.12 6557.028159439444
666.84 495.47 0.07 5960.079141694638
540.77 457.81 0.18 5180.5093604201875
596.34 561.16 0.08 5961.372287972984
680.18 605.66 0.06 7638.751445103071
223.88 192.5 0.06 5640.201651920517
235.91 306.03 0.06 6541.350707428308
595.11 443.58 0.08 7291.653657698514
694.74 638.71 0.11 6197.774646968002
229.01 218.77 0.06 5907.179147331774
567.08 669.57 0.09 7150.168993399088
603.08 571.26 0.1 6058.370441052576
234.91 305.21 0.12 5610.992682589867
381.9 472.04 0.15 5686.353140441284
402.83 319.65 0.18 5659.385416500151
294.32 275.14 0.18 5009.319662589838
368.47 351.6 0.07 5276.933323905006
311.31 390.87 0.15 5212.88248305625
410.47 436.24 0.15 6129.623502030556
317.51 315.39 0.09 7096.535464703917
773.74 580.84 0.1 6024.163719219123
331.07 382.35 0.14 5582.250788180175
703.77 696.38 0.07 7994.69219637011
472.98 645.71 0.16 5362.187813103394
197.79 188.9 0.18 1784.6088936584565
330.87 345.68 0.21 -2649.511099761492
619.94 702.26 0.18 -1591.1537450824626
479.81 865.95 0.1 6707.884956437024
399.97 809.27 0.05 7582.766742224904
218.64 350.9 0.06 8180.8633979874285
374.5 732.68 0.14 6382.599822674638
316.81 687.99 0.11 6298.338131093871
212.36 326.44 0.21 6586.442447067125
187.4 542.33 0.2 7216.196740906723
332.22 695.58 0.07 8428.49796448109
100.54 200.27 0.17 7267.521284052551
486.28 869.53 0.05 7994.551212214539
42.46 63.92 0.1 6282.808493133603
428.71 705.26 0.08 6504.985346647583
314.14 779.93 0.1 6910.619142222826
218.74 544.13 0.14 6498.848737462822
390.09 760.02 0.13 6953.489386169899
193.72 434.69 0.18 6252.134728614961
300.39 469.32 0.14 6916.651447798282
82.46 195.39 0.13 6954.902634748289
287.75 710.53 0.08 7348.468675211175
97.58 135.42 0.15 6866.209033388873
419.12 602.35 0.14 6472.154620356911
318.66 465.09 0.1 8082.789142220041
296.29 806.91 0.14 6360.349082754725
368.28 681.49 0.11 6661.2240664086585
369.69 820.81 0.09 7013.942099131629
112.68 188.69 0.07 6333.10057339611
376.28 801.93 0.09 7077.66183673412
142.22 225.62 0.16 6541.297737223058
204.79 480.1 0.15 6472.274145423022
326.38 577.05 0.12 6896.474613291374
255.6 676.45 0.1 7598.66996398919
477.86 702.97 0.11 7084.2185830972485
133.74 379.52 0.1 6852.5700969367335
132.15 345.97 0.06 8180.953947732885
511.6 719.56 0.12 6331.017532817553
335.93 642.33 0.13 6933.546094737019
115.68 305.14 0.13 4631.924364388902
278.47 640.66 0.18 4007.5160331951392
392.86 838.91 0.18 -2460.3451756531676
218.49 437.98 0.23 -3211.7950531121405
36.43 639.08 0.06 8080.619790117905
216.06 668.99 0.05 8178.033340623983
84.58 988.1 0.08 8978.47754831731
39.53 540.17 0.11 8390.328438879285
88.75 399.82 0.06 8999.06887581651
217.85 862.53 0.06 9102.32435139336
42.93 864.03 0.05 9763.93067769067
173.98 663.74 0.1 8792.58589231371
52.31 214.98 0.11 8662.227230632323
91.93 651.56 0.23 6634.022608141633
233.63 759.92 0.08 8655.208189895591
83.97 989.99 0.17 7948.601311594616
44.17 410.88 0.1 9166.885180160938
39.26 968.79 0.06 9843.528769238734
63.02 939.35 0.07 9709.895264665389
108.28 416.75 0.11 9163.323184910621
18.7 551.85 0.06 8780.300195052805
109.97 918.21 0.12 9153.765955867886
0.11 287.55 0.23 7832.294465357436
202.39 645.38 0.1 9399.478859824072
184.52 823.8 0.15 9100.038473618091
46.65 301.64 0.12 9517.167981608172
104.16 801.51 0.1 9760.72192414523
9.26 908.63 0.09 9602.724926931965
1.74 548.45 0.06 8527.1479938944
70.45 402.38 0.13 9759.054510157988
32.62 619.97 0.14 9798.093720755169
187.47 718.59 0.11 9806.842723133834
136.02 514.25 0.13 10051.410909456004
165.83 840.73 0.18 9923.55765362922
102.57 568.17 0.11 9799.284002778018
118.5 786.16 0.23 2534.9492566941362
-130.5 944.11 0.06 6932.034619780608
-117.79 918.12 0.07 6170.679529960376
-197.1 888.14 0.18 6921.858441292217
-93.4 738.02 0.16 6558.277439477506
-8.96 312.76 0.05 9239.250484076221
-50.68 225.67 0.15 6582.678650983858
-125.52 719.97 0.12 7897.389536046234
-64.32 453.36 0.1 7786.237923334419
-5.31 628.5 0.05 5832.78282677203
-73.98 749.98 0.1 6217.834391103797
-91.45 531.19 0.11 7474.109663440084
-87.51 738.49 0.15 6318.15063558231
-229.69 767.91 0.07 8659.55239961477
-192.06 807.26 0.09 6726.074353280235
-206.89 753.99 0.11 7316.462522595233
-215.6 911.21 0.15 6376.284349747781
-71.96 833.22 0.14 6456.56767702367
-12.03 589.14 0.06 7053.864783809869
-76.3 742.12 0.06 8728.506153406574
-0.76 859.26 0.07 6456.590168733048
-133.94 722.51 0.13 6297.018210215945
-109.55 444.47 0.07 8603.489911393075
-76.81 859.19 0.16 6766.194103127533
-298.33 952.07 0.05 6077.313573937763
-90.2 585.07 0.11 7516.545522006662
-11.66 233.57 0.08 6178.7104490465335
-96.64 533.09 0.12 6977.7227847633185
-35.17 590.84 0.06 8007.322587243932
-47.04 161.19 0.08 7984.978148538232
-28.61 699.1 0.06 7892.5029216586745
-60.56 504.18 0.08 6060.801803168762
-11.39 936.57 0.08 6282.106773372951
-77.73 492.26 0.14 6657.25146591774
-51.39 940.26 0.12 7192.838965013123
-11.03 432.51 0.11 6770.712511593421
-49.76 295.06 0.14 6474.859951469087
-276.38 932.05 0.09 8460.136017802415
-125.65 966.69 0.09 8039.148641572606
-234.83 860.24 0.15 7292.158898167047
-104.49 415.71 0.08 6852.565909698862
-63.31 372.79 0.13 6384.20820326484
-75.86 568.96 0.11 7211.371569977211
-128.14 872.65 0.07 5980.027446048254
-173.16 568.6 0.09 7609.185379864097
-21.53 342.95 0.1 7252.688087426453
-25.41 122.31 0.12 7163.724163130952
-71.44 558.44 0.12 3573.5995402327358
-12.33 982.67 0.16 2733.3297973747885
-125.68 702.88 0.18 -2119.4306250633044
-200.52 532.65 0.15 5611.041053457406
-371.36 868.5 0.1 6163.227067480777
-200.73 293.96 0.18 5662.775085855317
-242.64 434.04 0.11 5166.659678599037
-322.63 483.42 0.12 4342.215173743367
-218.02 485.8 0.14 5037.934341358144
-141.97 300.35 0.13 5257.94982309944
-135.6 192.11 0.05 8744.181191539166
-206.39 399.71 0.07 7327.4238258431305
-534.24 789.46 0.17 4615.510217120909
-301.65 581.53 0.07 7469.713191825885
-323.87 523.62 0.19 5597.855961223129
-166.79 301.31 0.08 5028.03573298294
-271.06 705.16 0.08 4955.481374720016
-420.07 852.74 0.13 5777.16463525574
-230.09 430.58 0.1 5364.718112847197
-378.95 738.64 0.1 5595.6475497858255
-106.4 150.18 0.06 5748.614651066203
-266.77 764.71 0.1 5560.1409808926865
-188.12 518.4 0.06 6152.533451525455
-316.07 669.52 0.1 5253.078161244626
-305.6 839.11 0.08 5094.545586960897
-374.53 516.04 0.15 5293.542784295902
-209.97 336.93 0.1 5677.344135393792
-388.52 861.87 0.17 4490.6164686954935
-234.43 501.76 0.13 5125.94350955124
-365.72 540.79 0.12 5988.804764250463
-528.39 819.21 0.1 6693.425087312919
-371.91 789.34 0.13 5220.626196773666
-240.58 541.76 0.09 5805.161583109519
-478.85 814.47 0.15 5228.144506602946
-457.26 744.72 0.06 6158.06356127626
-282.92 594.83 0.06 8133.269672028892
-431.04 855.08 0.06 5091.790246475432
-417.39 660.61 0.14 4877.6366516595535
-329.87 570.57 0.09 6579.318173819782
-319.22 642.93 0.1 6105.364554160911
-196.45 382.35 0.11 5002.513360103917
-299.55 669.82 0.12 5502.937865903765
-454.99 866.34 0.08 5655.135883188231
-477.38 861.56 0.06 5444.914413058815
-350.51 923.57 0.05 8762.988941243248
-401.86 567.77 0.11 6432.37988779334
-296.14 687.69 0.14 5113.201910501444
-299.43 679.67 0.06 6828.429828014481
-315.17 604.64 0.12 5192.598716470202
-326.69 652.45 0.17 4664.411170420142
-53.5 76.85 0.05 8200.979246807536
-303.75 870.07 0.05 5460.814044057209
-420.99 867.11 0.12 5552.075605414795
-389.46 752.38 0.19 4476.100725765642
-467.03 844.99 0.17 2270.663782551967
-305.15 772.57 0.07 4149.419377807981
-274.95 647.73 0.16 -1992.2853907438798
-356.15 852.27 0.25 -5174.227830402371
-309.35 645.48 0.12 -484.3489271689841
-234.6 563.96 0.18 -2533.813416803003
-307.65 773.86 0.2 -4228.131135012203
-572.74 549.07 0.07 6074.160231139451
-528.88 430.72 0.19 6607.834890557091
-446.44 572.34 0.07 6888.642100882621
-404.56 384.41 0.06 5695.731823932683
-297.29 291.69 0.13 6186.241842960211
-478.26 491.37 0.13 6437.067898015937
-711.43 648.76 0.08 6610.034653931292
-496.04 475.03 0.11 5494.981285215012
-200.77 239.02 0.1 6498.625229886889
-241.39 251.97 0.11 6491.963958126264
-625.46 667.87 0.06 5420.303414186208
-124.88 137.84 0.08 6916.099628004945
-302.44 416.14 0.06 6521.152109356246
-228.59 237.56 0.13 6514.708024232441
-405.85 369.01 0.08 6561.761116770345
-415.46 486.09 0.05 6136.346830905817
-246.98 302.95 0.08 6481.357439619994
-689.59 545.65 0.1 6659.150217578517
-532.07 699.85 0.25 5328.430506227275
-484.52 498.59 0.08 5652.264244282807
-380.84 323.72 0.14 5512.287137052577
-222.71 291.84 0.08 7857.42994119381
-529.13 430.09 0.06 6710.611349283479
-735.11 615.45 0.15 6622.605113574855
-511.65 572.92 0.08 6106.766566944322
-592.67 667.62 0.13 5640.213389392104
-526.0 659.24 0.06 5366.855068369257
-654.0 623.36 0.17 5649.582919004339
-292.44 295.66 0.15 5915.48927751771
-770.02 581.46 0.07 8069.214051213011
-649.47 570.41 0.05 6173.112005610467
-341.36 268.69 0.06 8489.670112496167
-246.38 277.47 0.16 5572.59604369901
-717.72 619.8 0.16 6266.195415668465
-252.41 316.17 0.14 5729.547694686407
-179.6 193.0 0.14 5834.2525006189135
-601.43 650.86 0.11 6726.045573991256
-517.44 564.19 0.07 7150.321469088062
-512.22 450.11 0.1 7156.796022169169
-555.03 715.08 0.09 5468.706119346458
-673.41 656.43 0.13 6587.472426854409
-655.26 717.97 0.23 5375.908782270938
-528.86 445.43 0.08 7004.9275638493145
-412.31 458.23 0.06 5399.017150961757
-607.65 481.2 0.15 6368.2989799824045
-301.91 262.8 0.15 6323.925422374251
-342.56 445.88 0.13 5792.09836200003
-473.1 438.63 0.12 2832.7546513069324
-615.58 707.58 0.19 -3857.050984400522
-588.53 751.5 0.13 -697.5757993366688
-300.17 337.88 0.2 -4253.678539566756
-565.21 656.86 0.18 -2952.9501652164536
-360.01 378.44 0.18 -2523.6112199462877
-723.54 681.36 0.2 -3826.4062196866844
-521.56 376.16 0.11 5937.7813567501835
-631.96 328.31 0.19 6111.607935252249
-813.3 289.21 0.12 6430.8234130222845
-491.52 205.4 0.22 6301.521446650126
-217.35 94.84 0.1 6263.355312927804
-661.58 228.54 0.18 5814.697502167563
-345.56 128.58 0.18 7848.703080770858
-380.17 236.33 0.07 5799.828131741737
-362.01 123.17 0.11 6512.378804768318
-552.87 246.02 0.08 8082.412097131017
-652.72 356.72 0.12 6699.474709294104
-483.89 301.72 0.06 7689.093470161581
-571.15 387.69 0.1 8099.984203753927
-742.59 522.6 0.08 7915.930892781541
-777.22 455.92 0.11 5971.628121841373
-771.58 502.58 0.1 6012.645303189952
-585.08 317.75 0.17 5918.960635003363
-541.65 342.67 0.08 5931.286056965059
-803.33 406.48 0.09 7731.094694595449
-542.18 384.42 0.06 7758.025075295511
-855.53 498.46 0.08 7633.325475850545
-116.74 60.2 0.16 6019.269050972459
-543.19 180.98 0.18 5564.197902988144
-464.54 334.85 0.06 7464.313061372701
-832.42 385.23 0.07 6708.876421704776
-674.63 399.2 0.06 6159.179581748033
-116.98 50.02 0.08 6282.0682684102585
-731.67 429.4 0.13 6754.203370507728
-658.96 464.18 0.08 6153.636039367247
-820.04 281.74 0.11 7012.805213519123
-367.66 207.45 0.13 7117.862477813547
-256.04 91.63 0.08 6642.273664506618
-676.62 444.42 0.08 5866.203601079782
-890.98 327.63 0.1 6252.897043730884
-340.36 134.96 0.08 7796.484518153751
-629.26 365.43 0.13 6221.329242594633
-800.07 279.38 0.06 8190.981589226002
-462.03 297.75 0.07 8189.832755755049
-838.3 406.36 0.18 6281.296976165842
-803.74 325.42 0.12 7018.009826383222
-620.95 305.64 0.08 8354.13640543889
-570.49 370.93 0.11 7542.8312827096415
-756.74 467.01 0.11 6058.7074694254225
-714.31 460.41 0.17 3046.1234694134832
-623.21 245.0 0.15 3929.4821373919613
-464.65 244.26 0.19 -2844.5252138379583
-210.71 108.56 0.19 -1520.6926547737748
-312.21 211.09 0.15 1898.8219799067565
-225.65 31.6 0.06 6177.548322258834
-929.63 291.26 0.17 7077.656346792124
-903.7 90.1 0.14 5387.587970436038
-659.92 173.51 0.12 6193.3882388811235
-712.65 164.9 0.07 5529.011418396135
-828.72 227.73 0.13 5689.979346107625
-651.22 140.71 0.06 6595.523241677859
-923.4 35.56 0.05 8806.812638447484
-525.79 61.37 0.15 6203.113334289352
-553.02 31.34 0.13 5410.268135703633
-139.0 30.91 0.14 5437.27266567114
-976.44 86.16 0.08 7079.682471569611
-867.24 121.14 0.09 6055.81933665233
-190.19 28.12 0.06 5464.8913241519995
-990.22 122.45 0.14 5886.7522593643025
-529.74 97.27 0.11 5694.898873989992
-891.66 58.04 0.09 5512.822336743105
-724.87 115.17 0.13 5895.333470665764
-934.97 213.27 0.14 5662.653766826534
-789.16 39.65 0.1 6303.47917807901
-826.4 259.49 0.07 5423.413864787275
-924.44 271.71 0.14 6041.603365637621
-925.84 95.1 0.09 5373.751363653399
-917.99 172.44 0.14 5587.427980347262
-654.01 133.0 0.09 7540.1386990218725
-636.58 87.99 0.13 6289.925939878085
-578.75 59.7 0.06 6500.527373112991
-79.1 22.81 0.12 6063.422550552387
-733.16 162.82 0.11 5904.922026992241
-736.36 197.6 0.15 6182.705039662622
-722.89 195.25 0.09 6602.011732257226
-758.27 189.42 0.13 6886.737180480907
-710.38 139.76 0.13 5736.98927692275
-627.39 28.58 0.11 5840.522035521652
-925.28 60.35 0.13 5850.900315535906
-874.56 185.61 0.09 5618.394070407402
-947.09 64.38 0.14 5375.596272886119
-426.76 7.03 0.11 7266.407577281497
-753.92 133.93 0.09 5764.808321540413
-557.24 99.39 0.13 5378.8242747900895
-237.23 60.3 0.1 5426.796391141878
-546.74 99.87 0.07 6226.658768712995
-937.73 147.08 0.05 6309.929785062755
-876.27 37.2 0.15 5754.3155968385545
-592.36 69.89 0.1 5539.221498443412
-744.47 81.43 0.1 6402.053479847728
-838.56 245.06 0.08 5665.229510110093
-438.54 91.92 0.22 565.1367249799878
-851.44 141.84 0.13 822.2509226999027
-925.7 182.2 0.14 -2416.149794608543
-871.27 -228.14 0.06 8478.121903489877
-778.49 -119.34 0.09 6464.822522140845
-835.26 -179.74 0.08 5425.9480720459715
-95.93 -3.94 0.12 6420.95109652034
-810.56 -87.28 0.08 6642.246382462698
-586.79 -154.27 0.14 5351.580076185103
-888.96 -150.07 0.12 5445.106386969579
-725.07 -182.57 0.09 5903.843058241248
-742.58 -135.0 0.06 7427.642435724539
-624.9 -51.91 0.23 5528.184065067991
-958.32 -281.56 0.12 5548.593424160859
-710.06 -144.86 0.09 6539.04484195341
-930.16 -225.97 0.15 5630.248887538699
-955.73 -271.15 0.09 6807.797336974476
-804.06 -14.33 0.1 7106.129680232809
-812.85 -96.25 0.06 6186.726242711089
-555.73 -98.2 0.07 5433.413582771945
-576.28 -96.36 0.1 6153.252007550327
-561.1 -134.91 0.12 5982.049574820767
-899.35 -180.69 0.15 5416.4433972174365
-320.57 -86.13 0.08 6292.016061348538
-354.9 -54.81 0.07 7050.174056859823
-849.98 -210.46 0.06 5255.239576678441
-566.28 -17.32 0.07 6036.832392536759
-498.05 -0.19 0.13 5503.797757901145
-870.86 -214.8 0.14 5647.537085084538
-734.47 -84.9 0.1 5784.6254323780895
-960.32 -255.27 0.18 5882.818466178101
-734.88 -3.7 0.07 5242.669058561018
-409.29 -81.09 0.12 6869.7147487697475
-415.51 -82.92 0.09 7211.795898201674
-658.06 -79.43 0.14 5840.337550291017
-513.43 -44.2 0.14 5672.660438574939
-489.03 -60.85 0.07 5991.188996623868
-331.21 -95.07 0.08 5965.217629275073
-697.58 -61.69 0.15 6267.373361212187
-887.01 -178.91 0.06 6968.908459307994
-441.95 -23.77 0.06 5472.515949753133
-658.72 -76.1 0.09 6022.610675560178
-776.08 -71.97 0.12 5468.907578315717
-116.75 -28.74 0.11 6319.041616913824
-17.12 -2.12 0.12 5885.412410630438
-291.81 -89.76 0.13 5893.071357742583
-788.41 -33.11 0.05 6318.15147029377
-511.68 -91.92 0.1 6805.86104904995
-814.53 -263.65 0.2 1635.0856801255459
-746.55 -63.49 0.18 713.7839098923614
-792.26 -152.28 0.16 1417.1933143607257
-542.98 -97.03 0.18 1318.9440568394657
-558.37 -93.22 0.12 4633.28675631781
-771.76 -88.76 0.15 1782.2520386195365
-550.01 -63.44 0.14 1056.6294795783251
-249.02 -16.85 0.17 2163.313119558667
-554.35 -72.67 0.18 840.1842398059725
-700.94 -124.53 0.15 2408.142747350681
-471.19 -267.15 0.1 6825.952727043608
-857.68 -352.65 0.14 7511.516051957756
-788.87 -378.54 0.07 7345.110550962786
-383.66 -196.26 0.07 8407.345541686382
-450.29 -309.18 0.05 8667.014113237412
-833.96 -524.98 0.08 7653.81487920886
-316.99 -133.62 0.14 7146.69159567879
-891.73 -299.44 0.16 7393.001003060313
-666.29 -312.68 0.11 6935.924822027124
-545.85 -185.12 0.06 8489.69808058934
-715.08 -264.81 0.08 7328.282465544993
-505.47 -267.25 0.19 7723.121215606303
-591.27 -225.28 0.14 7333.699608408453
-177.47 -88.94 0.1 7230.034363575254
-577.73 -239.68 0.07 6919.192499666757
-405.62 -285.74 0.05 9330.157885792773
-627.1 -211.85 0.06 9153.595459014823
-748.25 -351.18 0.08 6838.250555310429
-691.74 -361.52 0.06 7090.315288101812
-697.46 -434.14 0.08 6880.079937409007
-226.74 -85.15 0.14 7196.055847938738
-506.3 -304.45 0.05 7557.413821633761
-299.29 -128.95 0.09 7457.766591318285
-517.9 -190.21 0.14 7421.435094148634
-555.91 -204.27 0.11 6985.8044714483
-479.15 -286.51 0.09 7554.4514105756225
-713.31 -428.07 0.16 7666.745804673002
-430.9 -149.87 0.1 6830.767797174311
-702.24 -326.69 0.16 7507.092515016582
-633.95 -288.2 0.08 6773.557603730861
-704.58 -429.56 0.12 7963.715478807166
-583.33 -231.21 0.08 8119.191136998684
-771.66 -315.81 0.07 7687.328221742718
-828.63 -527.23 0.12 7071.888016105533
-413.23 -208.28 0.1 6105.4529914677305
-673.26 -304.95 0.09 8354.127190756924
-818.64 -570.95 0.09 7740.641341774548
-758.16 -310.89 0.1 8602.117941863717
-826.82 -320.12 0.05 6798.761600528409
-346.59 -143.75 0.14 7486.118238432032
-116.16 -53.1 0.15 3229.6280215027828
-503.46 -330.41 0.24 2942.185931402907
-808.18 -361.47 0.22 -4233.968311620218
-901.98 -338.61 0.24 -5163.649372956177
-716.5 -273.75 0.21 -3754.7480686384306
-663.29 -682.38 0.13 6064.199420109777
-405.75 -323.6 0.07 6180.776763069247
-494.01 -639.11 0.09 6830.867887174108
-460.67 -426.06 0.09 6238.83252335911
-198.92 -159.69 0.09 7814.087726968787
-480.4 -532.36 0.13 5937.794109585599
-502.08 -396.69 0.12 6128.771436788015
-580.24 -685.43 0.17 7399.357990207383
-439.59 -500.2 0.06 7276.641115605795
-558.23 -671.67 0.13 6838.716122956983
-577.71 -503.78 0.09 7309.590561770076
-562.02 -606.8 0.13 6278.219800966381
-381.94 -496.74 0.1 7247.380799028907
-273.13 -352.81 0.09 7479.366497703524
-548.97 -588.18 0.12 6363.003547088747
-681.46 -697.01 0.11 6075.2039975602565
-384.21 -500.8 0.19 6337.694317248437
-504.89 -453.77 0.08 6773.390326375778
-297.87 -370.97 0.05 7315.392592189146
-509.96 -698.01 0.12 6929.443994546104
-463.86 -480.1 0.07 7456.9858347816935
-315.16 -420.68 0.09 6258.503030819256
-456.58 -550.37 0.07 7536.53018352377
-622.24 -781.24 0.06 5760.872834475794
-743.05 -599.77 0.06 5792.363700640306
-574.85 -655.15 0.12 6857.562972595302
-287.42 -312.63 0.13 7436.307817996397
-301.83 -232.92 0.1 6642.736003235752
-527.52 -518.86 0.14 7068.137338214277
-450.23 -450.1 0.15 6142.518206608207
-96.36 -124.14 0.14 6659.693980620856
-453.99 -584.85 0.06 8714.158108338195
-253.46 -268.48 0.07 6013.818388428054
-176.79 -219.44 0.09 7633.939842739194
-592.56 -796.17 0.12 7204.414044910382
-562.84 -754.14 0.09 7554.0627651411705
-299.22 -262.96 0.09 6222.555110252261
-538.68 -614.48 0.06 7412.61234486733
-534.45 -429.3 0.11 7568.865249830078
-590.97 -465.99 0.06 7741.702270718004
-500.48 -405.45 0.05 6157.481312471809
-327.6 -337.6 0.13 7228.622591149556
-621.0 -656.15 0.1 7130.47317755401
-334.52 -345.03 0.1 7515.379735001902
-529.44 -415.17 0.08 6542.554005908569
-524.25 -661.54 0.08 8187.468988764095
-444.84 -488.96 0.14 5980.656019578392
-243.96 -182.57 0.14 5814.950427082287
-478.0 -372.79 0.08 7531.0448235628955
-719.89 -691.67 0.16 2269.0297673996083
-509.06 -476.58 0.19 1922.4479635136222
-367.51 -271.82 0.2 -3090.3878441230036
-299.84 -273.72 0.16 813.7424624258128
-196.98 -305.55 0.17 5639.943736441279
-391.94 -573.1 0.19 5354.780041589877
-350.63 -661.73 0.15 5923.539199438833
-321.41 -790.78 0.1 6376.147678031397
-380.67 -846.13 0.08 6098.749007374339
-355.65 -522.69 0.09 5747.180601714537
-22.64 -46.32 0.12 5379.190854590559
-285.5 -608.42 0.07 5719.574387161278
-316.49 -519.18 0.11 6721.188812646419
-408.07 -745.56 0.06 5535.588167626007
-537.44 -779.65 0.16 5628.577584209357
-427.88 -682.0 0.06 6734.827798080629
-497.43 -723.68 0.1 6325.7788617375
-262.36 -769.71 0.16 5298.300415715617
-84.55 -204.65 0.1 5986.359056337123
-185.14 -519.26 0.09 5599.653867789614
-241.36 -475.79 0.05 5418.412327447211
-342.92 -578.72 0.07 5764.645569120876
-265.84 -499.28 0.08 6411.028158115405
-194.7 -529.85 0.06 5633.651422795325
-334.88 -900.03 0.09 5435.821602746313
-208.52 -489.65 0.11 5650.980837874474
-226.79 -597.81 0.12 5594.959269487409
-54.59 -85.13 0.19 5715.759164286905
-265.72 -669.44 0.07 5888.15123876136
-344.23 -604.39 0.1 6092.96109699216
-382.57 -758.12 0.17 5336.927907267007
-242.53 -656.8 0.16 5678.227939071488
-179.94 -402.82 0.09 5871.465902239213
-358.89 -665.58 0.06 8550.804975689287
-252.44 -712.53 0.14 5564.917084732859
-369.9 -594.15 0.17 5453.581900741658
-427.35 -788.98 0.11 5438.770257790049
-248.36 -565.45 0.17 5751.835028801292
-228.28 -555.12 0.09 7906.258934665556
-435.74 -838.07 0.06 7989.549946826217
-511.05 -795.37 0.14 5748.89105474041
-353.47 -661.39 0.18 6334.984668253308
-401.75 -768.73 0.08 5470.634754948687
-128.43 -309.28 0.09 5892.565387872299
-354.59 -844.32 0.14 5453.953705621529
-515.73 -756.39 0.08 8098.769062898313
-561.79 -795.01 0.14 6115.048605163977
-254.13 -638.89 0.12 6127.077763151873
-208.96 -522.5 0.17 5695.48621326226
-517.39 -837.44 0.13 3172.1992853222123
-296.13 -600.01 0.15 1804.9133492388455
-292.12 -637.16 0.18 1032.455717125512
-234.21 -814.88 0.12 7690.289404887994
-116.74 -837.94 0.13 7589.680579776694
-8.16 -740.21 0.16 7436.736837673097
-40.24 -658.03 0.06 6697.0971045810165
-130.69 -494.48 0.14 7405.5865703766585
-130.62 -793.38 0.1 7101.069245357576
-176.6 -544.0 0.14 8174.7299406545035
-90.7 -358.54 0.07 7475.007493038849
-108.45 -751.62 0.09 8713.990045741863
-91.61 -443.84 0.05 7539.548880296352
-102.96 -555.43 0.09 7486.049303062153
-99.1 -557.45 0.15 7791.02630936149
-168.37 -520.74 0.12 7741.7167329670665
-85.49 -894.17 0.07 7014.550316898018
-188.76 -717.89 0.06 7455.177404554693
-70.64 -854.61 0.07 7191.879086096958
-20.98 -965.77 0.12 7466.706790328059
-151.86 -929.13 0.08 7934.350537673772
-58.99 -655.69 0.15 7445.6300897048295
-2.59 -866.3 0.06 6579.754269959789
-64.3 -447.77 0.17 7880.754543491965
-44.69 -704.52 0.13 8010.367242062989
-125.03 -635.05 0.13 7715.621118272598
-141.93 -473.71 0.1 8015.673288131458
-83.57 -387.91 0.06 7189.703431698321
-183.93 -843.02 0.15 8106.853974216286
-128.45 -855.81 0.12 7443.245637411659
-147.56 -565.72 0.07 9058.064830866013
-115.53 -725.62 0.07 7246.2709758069395
-180.19 -922.18 0.17 7720.307414370322
-256.49 -889.95 0.05 6842.42674301708
-136.41 -703.29 0.05 6620.19598657644
-31.02 -187.85 0.08 9219.878461746963
-24.21 -389.36 0.11 7855.742173712163
-10.96 -473.96 0.05 7065.836402170941
-143.15 -922.17 0.06 7562.116087167133
-72.95 -684.94 0.08 8008.979068466448
-46.77 -707.02 0.09 7103.297110148092
-187.91 -704.37 0.07 8881.969685241125
-17.71 -842.61 0.07 7302.35708564052
-31.03 -183.38 0.12 6735.226222409725
-180.44 -615.28 0.14 604.8563113441223
-15.89 -84.42 0.22 -3397.2406094380813
173.59 -918.83 0.06 7608.751813451088
116.47 -758.51 0.07 5844.152968768381
201.05 -658.4 0.15 5266.826059583448
6.78 -846.13 0.06 8391.431906968799
191.81 -718.49 0.08 7822.856239258404
216.66 -903.94 0.08 6278.557963328345
142.4 -889.92 0.22 6397.33292413632
28.77 -870.33 0.18 5237.874450118139
31.29 -603.83 0.11 6528.850520829747
105.51 -724.69 0.07 7110.640819940445
3.04 -474.13 0.15 5212.74641123754
33.72 -637.38 0.09 6208.93209681027
98.14 -782.96 0.11 5654.51744265759
174.53 -906.35 0.13 5459.183278324854
45.42 -796.8 0.13 5837.201360626554
79.93 -462.5 0.07 7121.842367924802
150.7 -540.4 0.1 7027.353344582338
88.08 -847.49 0.24 4931.023728793303
171.13 -554.18 0.11 6828.422322969297
115.77 -435.33 0.09 5557.738645938952
46.88 -856.09 0.11 6148.037844941727
172.6 -588.67 0.14 5890.909055481383
266.94 -944.13 0.12 6695.00043407277
122.11 -787.65 0.13 5644.824854162184
120.81 -830.4 0.08 5999.831318667748
31.6 -490.34 0.09 7070.461608217111
121.89 -571.58 0.14 5795.191638526546
97.32 -451.67 0.13 6614.1083637313195
60.32 -377.08 0.15 5221.4136953466
34.26 -495.84 0.13 6180.4808074397315
132.83 -817.01 0.08 5768.158712989995
188.25 -727.9 0.08 5507.601880517439
196.64 -822.59 0.09 5845.051099283468
61.6 -971.11 0.11 6187.2861040953585
189.09 -920.43 0.12 5594.6994238729685
3.06 -640.34 0.14 6358.526013716631
120.26 -402.29 0.06 7326.343989906342
78.5 -279.95 0.09 6074.503775408061
210.73 -868.6 0.14 5340.220301500758
62.8 -311.54 0.13 6734.745489837651
88.94 -657.98 0.11 6800.251675072941
29.25 -686.18 0.09 5843.594821607504
18.49 -255.13 0.09 5590.65750361495
299.68 -937.47 0.12 5554.016814612744
247.79 -965.94 0.15 5351.724387217149
37.5 -782.58 0.1 6774.535368516316
15.54 -123.51 0.1 5849.550225961335
263.74 -860.03 0.15 2074.4614575024407
214.38 -897.27 0.13 4524.2712696554445
125.05 -549.24 0.18 -2741.1836941945903
214.36 -502.2 0.14 4898.9451381827475
374.35 -526.95 0.12 5255.0901473234335
265.45 -587.5 0.08 6851.148953975262
421.01 -682.56 0.17 4492.209451671801
62.93 -145.66 0.24 4171.515330759555
390.7 -907.65 0.13 4463.198847301812
343.3 -545.41 0.15 4735.104062661688
339.93 -541.31 0.2 4589.177861726492
407.47 -775.57 0.13 4855.866221934322
379.04 -604.2 0.14 5956.6732681158355
70.15 -112.21 0.15 5278.062966730617
93.59 -280.18 0.24 4176.2289775792015
83.48 -242.23 0.17 4308.143453152665
357.86 -537.9 0.14 4754.038795679841
213.29 -301.47 0.08 6054.464150151085
474.17 -731.41 0.1 4789.202963347401
525.09 -822.75 0.14 5874.8824569754215
373.13 -705.12 0.09 7307.218933988257
174.24 -427.75 0.09 6036.307704509433
335.07 -569.7 0.08 6482.631838831565
399.72 -909.29 0.23 4174.13823224659
124.29 -191.41 0.05 5255.331039833807
262.99 -524.94 0.05 4895.948534350518
108.24 -305.81 0.11 5257.008060396845
221.52 -567.05 0.05 7388.578983020914
250.59 -482.99 0.09 7353.994768750659
321.08 -508.88 0.11 4704.313933377498
230.19 -582.02 0.17 4949.793745358715
446.89 -686.79 0.23 4423.219455940838
71.44 -208.65 0.11 4652.201076908628
167.0 -319.82 0.11 5945.98954852484
441.07 -637.2 0.11 4768.898799972221
117.32 -225.84 0.15 4993.718855766603
374.3 -845.85 0.13 4926.194783043389
405.97 -645.65 0.13 4745.140961749084
463.73 -682.27 0.19 4234.907852925095
305.81 -844.21 0.06 7710.5312651868835
226.66 -669.97 0.1 6394.542555096426
227.7 -393.53 0.06 8111.383563041736
306.71 -476.59 0.14 5883.0514634952715
487.98 -693.47 0.07 7224.294345273458
480.06 -724.93 0.08 7285.766822677347
136.5 -381.87 0.11 6135.535558831052
182.19 -316.75 0.08 7356.4137950749755
278.86 -680.47 0.13 4555.525565668934
242.21 -664.54 0.14 4865.026478685837
376.36 -699.43 0.06 5260.493504756456
233.5 -669.08 0.15 4432.928640054579
138.77 -286.65 0.12 3282.729791254313
190.96 -449.79 0.13 546.0977366073175
300.23 -222.56 0.14 6807.628800329905
189.67 -213.69 0.05 7765.922548459777
61.49 -47.87 0.05 6094.152447106479
248.3 -204.32 0.05 8130.19143151509
489.23 -664.89 0.1 6345.717080151743
699.95 -531.34 0.08 5947.019097388995
498.31 -456.83 0.12 7133.881152414232
583.34 -466.07 0.16 6257.7619746891105
273.68 -333.72 0.18 5621.659512640122
659.31 -548.28 0.12 6591.972549485383
348.24 -261.34 0.15 5804.514222814503
475.58 -402.44 0.17 8015.299685487002
256.62 -332.12 0.18 8236.542859333524
500.61 -607.75 0.09 6041.878686384269
403.92 -364.95 0.16 5811.135350436232
555.99 -762.14 0.08 8084.406739317037
594.45 -541.07 0.13 6917.964640889448
574.55 -475.69 0.18 5960.925357473528
551.94 -698.24 0.13 7037.878820997055
129.38 -164.2 0.11 6812.589407076908
599.42 -466.75 0.14 5883.85235683862
333.97 -434.76 0.1 7664.732526532735
552.97 -452.32 0.05 8990.833497558564
279.96 -268.3 0.08 5860.289259578108
497.48 -498.66 0.12 5809.694382519327
603.58 -641.24 0.1 5804.910833220965
382.57 -289.6 0.13 6442.39253163337
525.71 -629.62 0.07 7953.368317972568
611.83 -659.2 0.07 8602.461128109477
510.26 -519.04 0.07 7329.9588598752825
719.92 -686.66 0.19 6313.392256299098
732.96 -586.99 0.07 7155.369251042419
431.38 -322.92 0.12 5920.430617750409
427.68 -312.95 0.14 5347.681460261227
561.43 -498.99 0.08 7952.777811807047
510.14 -433.74 0.08 6551.496993383327
395.76 -430.92 0.14 6768.562596210357
389.1 -382.51 0.1 7634.364898576052
679.53 -530.65 0.12 7321.679761203916
571.77 -620.07 0.23 1863.3492026034828
378.58 -307.5 0.12 3592.4136338570047
412.59 -418.6 0.18 2050.9251215511813
204.6 -275.61 0.19 1539.9078326743238
677.72 -685.98 0.19 1692.2501196460562
712.8 -495.24 0.12 6636.483304057076
432.16 -170.9 0.12 6999.574622349967
484.72 -233.04 0.07 7049.133482607318
254.09 -120.75 0.08 7528.761612985326
862.43 -350.66 0.07 8539.500720809705
648.88 -272.02 0.07 8571.915045153872
805.1 -496.49 0.12 7268.284305565696
778.78 -562.33 0.18 7200.612288798729
151.03 -82.26 0.11 7329.738757281284
303.51 -185.19 0.06 9015.6227897775
686.71 -411.88 0.1 8385.513429086583
754.43 -413.07 0.15 7152.936908078464
677.8 -468.58 0.05 6294.991557650861
746.23 -328.19 0.12 6653.450335248674
472.11 -256.28 0.13 6745.618119289517
470.41 -210.43 0.08 6331.070709071806
732.31 -251.68 0.11 6498.977649781804
557.93 -237.43 0.06 6033.4668033425505
437.41 -297.72 0.05 9198.928960718284
859.16 -490.67 0.16 6886.143085441816
835.63 -300.55 0.15 7060.312976174291
665.31 -388.99 0.13 6582.331897917258
761.79 -349.37 0.05 6346.719119828979
859.51 -369.69 0.13 6926.043002135857
890.38 -335.94 0.08 8678.30560580852
720.72 -463.43 0.06 6432.122468364689
641.99 -391.06 0.16 7972.274944606286
607.58 -342.33 0.08 8005.988480826118
799.16 -353.99 0.09 7889.729173027787
849.06 -324.33 0.13 6791.11913422856
762.18 -400.26 0.07 6203.957019649715
561.33 -252.62 0.12 6838.206383951872
653.12 -440.49 0.07 6588.099564458018
655.85 -400.46 0.1 6932.9192666533945
886.08 -340.22 0.13 6896.694473042657
814.79 -507.17 0.07 6383.241869614636
291.01 -201.97 0.14 6723.380632952956
753.39 -495.23 0.06 6966.689188660157
568.33 -191.04 0.08 6890.520090987453
719.83 -348.19 0.16 6942.965315137583
226.17 -93.38 0.09 8043.688968058548
828.83 -537.65 0.14 7268.8143135942955
719.73 -504.24 0.13 6643.427533132715
734.61 -260.78 0.12 3671.2414619368124
252.71 -82.78 0.18 3616.954183933505
783.23 -493.11 0.15 3066.877981281602
719.01 -497.81 0.19 -2483.7602453929185
964.09 -45.22 0.18 6808.117696386223
952.59 -75.85 0.06 6100.529637924765
771.43 -92.68 0.13 5904.790713972235
577.8 -17.99 0.15 6246.820956008716
230.84 -10.34 0.05 5721.506412689724
794.35 -234.32 0.07 6066.4131088757
950.2 -262.48 0.13 6481.58726404827
298.98 -13.34 0.17 6347.008701280187
984.0 -60.82 0.14 6807.946182004131
837.08 -191.17 0.13 6968.010859704505
985.33 -155.98 0.11 6370.5577881305835
804.48 -210.07 0.14 6297.165561336909
662.07 -108.08 0.09 8394.452579821696
863.46 -14.21 0.08 6481.946146388762
983.98 -78.73 0.07 6712.054301407763
973.33 -173.07 0.06 6414.106605573454
675.24 -121.27 0.1 7486.6291805830115
455.28 -33.0 0.11 7947.449784200876
752.61 -158.41 0.1 6095.06312662517
620.89 -59.08 0.1 7848.869378015857
327.04 -75.47 0.15 6452.212903713746
683.41 -57.86 0.13 6201.705499486384
468.6 -28.49 0.08 6121.298708741333
378.87 -68.91 0.1 6961.517936238462
336.73 -65.26 0.11 7038.301009315619
857.94 -202.54 0.13 6797.506705777623
265.47 -59.99 0.12 7510.256035669503
935.96 -121.73 0.06 8755.567808762788
809.97 -82.08 0.11 7279.1430893839915
942.04 -44.83 0.08 6531.675888855869
787.98 -196.2 0.06 8359.781116706163
368.67 -14.33 0.12 6567.077393626457
827.87 -133.56 0.07 6814.938465186613
799.3 -50.6 0.06 6994.032547366577
367.14 -94.25 0.13 6880.299458970412
878.52 -195.75 0.1 6671.5379664476
969.47 -125.41 0.14 6426.845260814608
674.57 -74.83 0.15 6440.685256804907
742.85 -57.63 0.16 6523.991999869873
791.22 -141.57 0.19 6630.225082331269
483.82 -113.86 0.06 7335.886333475003
415.62 -19.79 0.13 6907.212374065215
56.49 -3.41 0.07 6373.039667225617
728.51 -7.86 0.16 3954.171397359687
680.63 -98.12 0.17 -2387.604661520844
952.18 -142.4 0.2 -3716.207582243488
694.63 -114.87 0.23 -4414.682254466644
