0.0 0.0
827.59 31.54 0.05 12351.480644892705
936.7 172.31 0.11 13173.398698533536
426.78 32.35 0.1 13095.954310858218
806.33 202.42 0.1 13096.31653083772
939.56 194.44 0.08 12894.187446506005
458.34 37.34 0.1 13095.937476837997
562.72 180.65 0.06 12595.404769804572
561.92 161.7 0.12 13239.561991844865
295.31 18.81 0.12 13239.538157901636
694.28 47.83 0.12 13239.474863756695
905.82 246.52 0.1 13096.552423776033
866.67 30.3 0.07 12757.040913041536
658.81 95.72 0.15 13390.513550977585
888.26 8.91 0.12 13239.506684220867
879.79 127.14 0.08 12892.893466298945
806.13 166.26 0.11 13173.597362965711
598.49 74.6 0.08 12893.368200949028
243.18 37.61 0.08 12891.711825604894
890.04 59.76 0.09 13003.957461027769
699.27 164.35 0.12 13239.490755111088
692.46 0.16 0.09 13004.795977456019
877.34 197.65 0.09 13005.24985899278
569.97 84.57 0.14 13346.50389583395
697.78 148.78 0.08 12896.053832070113
927.04 170.31 0.06 12573.970830089973
779.32 188.56 0.05 12348.429134880444
876.95 199.74 0.07 12755.91643098529
535.36 108.39 0.13 13296.650893878983
704.73 114.3 0.14 13346.506549158625
503.3 136.73 0.07 12760.506238594597
936.2 191.32 0.05 12387.066663038642
924.21 93.84 0.1 13096.03718862577
168.4 24.16 0.08 12896.768350218194
275.32 70.59 0.12 13239.480310626937
195.96 47.03 0.07 12761.288602995697
465.7 100.38 0.15 13390.51814952835
869.45 50.7 0.15 13390.512134494104
919.58 147.25 0.15 13390.51151421038
778.44 109.99 0.12 13239.472872775505
737.81 10.19 0.07 12756.433499284858
557.35 67.91 0.07 12753.089846771318
274.5 48.36 0.09 13005.510006268
603.34 230.65 0.08 3996.4964712571336
838.98 452.55 0.06 3930.214987881651
831.74 468.84 0.12 4072.703764970151
719.78 408.68 0.05 3882.89648241732
198.3 104.76 0.11 4057.837567137409
454.08 185.68 0.14 4097.122552659852
148.37 74.26 0.06 3930.2345455593627
467.94 332.05 0.11 4057.8375671374056
794.02 287.55 0.07 3967.103744854783
765.38 510.87 0.05 3883.7431917825634
407.07 226.32 0.14 4097.122552659852
447.32 229.5 0.07 3967.102574581488
333.33 182.42 0.07 3967.1240380973304
801.54 287.38 0.14 4097.122552659852
445.99 232.17 0.09 4020.5245830075924
752.75 285.88 0.13 4085.69288806933
716.91 494.89 0.08 3996.5412177907156
693.59 424.51 0.12 4072.703764970151
391.45 217.73 0.14 4097.122552659852
632.3 217.95 0.09 4020.5245824566778
123.79 56.55 0.07 3971.2593167903724
290.39 193.37 0.09 4020.524583235011
791.43 434.09 0.06 3929.982225648168
644.9 414.54 0.08 3996.682157184368
716.43 388.48 0.08 3996.4965955500784
347.51 182.65 0.15 4107.236706200065
261.62 168.58 0.08 3996.496602549457
177.34 100.28 0.14 4097.122552659852
158.4 97.98 0.14 4097.122552659852
714.17 492.67 0.05 3883.5879003384584
761.23 370.52 0.07 3967.1255711881468
494.03 288.97 0.08 3996.49655033873
367.05 127.32 0.1 4040.6557550353346
916.68 339.32 0.12 4072.703764970151
798.81 382.9 0.13 4085.69288806933
522.49 228.95 0.06 3930.214697900009
779.71 403.07 0.08 3996.4965934027778
396.58 230.25 0.13 4085.69288806933
709.54 511.07 0.14 4097.122552659852
585.64 402.23 0.05 3877.8195071990845
826.78 465.21 0.1 4040.7683582101567
691.82 392.91 0.11 4057.837567137409
416.89 239.21 0.06 3930.2570590360983
817.63 543.69 0.08 3996.6018899740884
501.76 578.51 0.11 9476.155709820301
289.71 275.46 0.11 9476.155709820308
389.35 532.69 0.07 8781.95267613594
609.71 651.34 0.13 9699.7324436807
440.57 356.18 0.1 9340.353175237979
580.18 705.49 0.08 8999.866716023666
514.23 555.61 0.12 9594.921622503367
737.17 671.97 0.1 9340.35317523227
533.62 609.16 0.08 9073.366647718367
497.05 632.59 0.12 9594.921622503367
747.96 566.64 0.13 9699.7324436807
484.72 476.67 0.13 9699.7324436807
263.61 220.49 0.06 8518.729368979213
265.91 253.98 0.14 9792.961273704703
538.63 647.34 0.09 9285.523554655018
138.27 119.48 0.07 8781.952653755226
216.31 165.39 0.15 9876.4666174458
461.54 475.06 0.12 9594.921622503367
520.44 432.45 0.12 9594.921622503367
719.8 611.26 0.11 9476.155709820305
755.28 557.05 0.1 9340.353175233231
419.81 314.74 0.06 8518.481375322954
572.44 567.06 0.09 9183.433449342006
541.36 414.93 0.07 8781.947275935021
604.86 538.73 0.08 8999.867667399796
388.61 309.71 0.13 9699.7324436807
529.18 645.88 0.07 8781.954335747672
570.49 512.52 0.14 9792.961273704703
349.64 393.84 0.09 9183.43344934524
670.84 710.71 0.1 9340.353175234211
139.69 120.63 0.12 9594.921622503367
578.9 494.83 0.13 9699.7324436807
511.7 562.43 0.13 9699.7324436807
500.93 661.04 0.12 9594.921622503367
415.69 333.93 0.07 8781.953506087099
247.77 506.78 0.13 6043.140038365693
293.29 701.89 0.1 6069.278893608836
483.52 734.45 0.05 6174.72079238606
492.46 865.26 0.1 6069.281554894582
332.76 648.97 0.07 6116.942153486057
186.57 294.91 0.1 6069.27749554036
391.07 742.18 0.07 6117.739770677939
283.45 484.15 0.11 6059.097792855889
474.73 786.47 0.1 6069.280616220003
162.11 409.44 0.07 6117.359114608434
460.94 657.54 0.09 6081.584421284893
466.59 764.31 0.15 6031.055752598264
334.9 723.92 0.14 6036.723300388023
468.93 852.14 0.12 6050.508725609687
443.81 755.18 0.11 6059.097810906933
116.02 277.82 0.14 6036.723301836055
168.15 494.17 0.08 6096.863775280228
382.86 876.98 0.13 6043.140055660443
199.8 537.78 0.07 6117.430931070819
318.36 835.26 0.09 6080.8518912757145
191.48 407.19 0.14 6036.723300692982
318.71 706.45 0.14 6036.7233019803425
131.49 251.78 0.09 6081.642621110651
484.75 800.03 0.05 6183.336977033804
317.81 489.45 0.09 6081.593155524892
281.2 740.37 0.15 6031.05575310918
342.7 886.13 0.13 6043.140067904247
423.57 876.12 0.09 6081.590424594999
160.87 285.4 0.06 6145.103370138975
28.51 60.48 0.11 6059.0981151865335
313.9 885.5 0.07 6116.814948324757
270.75 672.06 0.1 6069.280069029304
483.94 712.47 0.06 6144.094416727899
519.4 793.78 0.1 6069.277904094666
103.49 191.03 0.05 6177.372505109011
419.27 701.97 0.1 6069.286286098208
417.78 742.59 0.08 6096.820982030538
337.0 888.69 0.09 6081.602176569151
270.87 695.5 0.1 6069.279332256631
356.69 554.78 0.08 6096.795356336289
188.15 466.87 0.13 6043.140063667674
312.74 460.38 0.06 6143.409294352277
204.78 557.3 0.12 6050.50883912586
66.4 116.03 0.12 6050.50919859518
385.6 630.5 0.12 6050.508728839588
12.21 252.48 0.08 6179.5687473386615
131.95 569.44 0.14 6424.013606327839
230.71 751.86 0.09 6239.791539491745
63.09 216.39 0.09 6240.191886386994
28.86 915.41 0.06 6010.484740911561
211.99 938.06 0.15 6447.386900685955
61.43 708.8 0.05 5886.817508859106
28.5 456.65 0.07 6105.362583413443
1.79 847.08 0.12 6366.77023072771
46.25 800.53 0.11 6332.508660261026
167.48 976.29 0.06 6010.4853056210095
0.52 313.21 0.09 6240.404472856382
58.14 670.57 0.12 6366.77023072771
9.5 608.43 0.1 6289.50133349319
92.92 423.94 0.09 6239.791539428211
209.3 924.09 0.08 6179.573765465535
92.09 874.09 0.12 6366.77023072771
220.16 740.49 0.07 6105.608819471461
202.39 740.98 0.08 6179.568783363928
104.81 633.73 0.07 6105.1114321646455
266.29 905.5 0.1 6289.50133349319
105.97 346.47 0.14 6424.013606327839
59.13 901.64 0.13 6397.38051232699
111.57 376.51 0.07 6105.069287495546
101.15 557.46 0.1 6289.501333493188
163.53 522.15 0.08 6180.325823787889
56.03 377.0 0.05 5886.463917890525
204.31 916.01 0.09 6240.404431236282
98.3 357.58 0.14 6424.013606327839
14.25 924.46 0.06 6010.561200349959
54.63 625.23 0.07 6105.06971769765
33.94 633.32 0.11 6331.236469155006
36.17 680.4 0.08 6179.56874492568
29.48 909.91 0.05 5886.099562777752
5.81 349.59 0.1 6289.501333493188
108.82 581.72 0.14 6424.013606327839
222.92 847.13 0.13 6397.38051232699
211.3 680.31 0.07 6105.069522091606
20.56 773.08 0.14 6424.013606327839
172.1 767.02 0.12 6366.77023072771
153.7 856.53 0.13 6397.38051232699
14.38 636.33 0.12 6366.77023072771
-54.92 676.94 0.09 3244.590085331235
-57.03 694.66 0.09 3244.591782052128
-127.3 486.22 0.1 3218.523839458902
-57.35 829.79 0.08 3278.417330552189
-36.7 440.28 0.13 3166.625771833951
-59.71 733.78 0.1 3218.523669411217
-217.37 838.44 0.14 3154.628051764345
-125.3 925.88 0.14 3154.628051764353
-65.53 386.24 0.15 3144.336793366982
-43.92 351.87 0.08 3278.4200293339186
-171.97 737.24 0.1 3218.5237269778113
-127.97 555.82 0.15 3144.336793366983
-57.69 955.48 0.06 3391.174339500076
-180.89 947.24 0.07 3324.484835589409
-199.06 659.19 0.14 3154.628051764352
-56.07 758.12 0.08 3278.4160642506968
-35.78 513.3 0.14 3154.628051764343
-92.32 437.44 0.12 3180.784331762918
-33.82 892.68 0.14 3154.628051764349
-223.52 827.82 0.13 3166.625771834243
-54.31 979.04 0.15 3144.336793366982
-109.25 843.96 0.06 3391.166723893402
-148.7 566.7 0.13 3166.625771832874
-270.8 843.2 0.08 3278.412222237448
-20.65 624.12 0.15 3144.336793366982
-13.7 728.53 0.15 3144.336793366982
-280.27 862.92 0.11 3197.7585323826083
-207.7 868.67 0.12 3180.7843318911177
-212.44 809.89 0.07 3324.2092570332866
-92.49 288.27 0.08 3278.416357667193
-14.31 56.74 0.09 3244.5912987823704
-4.89 567.07 0.14 3154.628051764346
-113.3 775.0 0.1 3218.5238032884877
-54.97 786.03 0.15 3144.336793366982
-75.69 781.01 0.1 3218.523686472054
-119.44 450.05 0.07 3324.254348988735
-231.74 933.38 0.11 3197.7585359702543
-151.47 916.0 0.08 3278.4108979972816
-71.65 429.38 0.07 3324.3239847274854
-122.5 775.56 0.12 3180.7843319779367
-178.0 565.61 0.08 3278.436945176184
-24.31 165.07 0.1 3218.5238328106484
-170.37 746.99 0.1 3218.5236942480615
-107.4 536.77 0.05 3499.7441510315352
-315.34 492.21 0.07 6391.740488194338
-125.6 357.52 0.11 6690.66389835701
-264.46 784.1 0.06 6269.9344844430825
-499.4 864.98 0.11 6690.663898357009
-346.53 557.35 0.15 6848.566064106402
-253.07 652.99 0.09 6581.431363627398
-149.17 218.45 0.08 6489.091337731656
-339.32 747.87 0.11 6690.663898357009
-437.23 798.4 0.11 6690.66389835701
-288.46 478.68 0.07 6391.740917464307
-289.27 716.65 0.07 6391.738317779537
-327.41 853.24 0.08 6489.006906604642
-298.45 527.41 0.11 6690.66389835701
-295.47 806.54 0.14 6816.522984993408
-164.17 330.94 0.08 6489.00690411844
-226.31 357.11 0.1 6634.682687375647
-265.05 581.18 0.12 6738.629776240663
-480.54 771.17 0.14 6816.522984993408
-338.54 546.89 0.11 6690.66389835701
-230.94 675.3 0.08 6489.006912472707
-318.67 698.34 0.08 6489.006910364518
-539.16 830.9 0.13 6780.183019066622
-348.35 692.97 0.07 6391.73829766093
-127.83 362.91 0.05 6112.418296382772
-256.97 777.63 0.13 6780.183019066622
-166.33 323.98 0.1 6634.682687375663
-179.5 460.85 0.08 6489.006902528203
-441.76 638.03 0.1 6634.682687375647
-341.3 556.15 0.06 6269.949212482265
-500.93 806.1 0.11 6690.66389835701
-243.07 450.72 0.15 6848.566064106402
-263.59 396.82 0.13 6780.183019066622
-394.17 859.86 0.1 6634.682687375647
-37.03 89.98 0.13 6780.183019066622
-300.2 689.24 0.09 6568.4925735393135
-406.39 697.32 0.05 6113.133070472325
-479.33 726.76 0.09 6568.492573537031
-339.0 786.72 0.11 6690.66389835701
-167.99 499.86 0.11 6690.663898357009
-393.69 617.85 0.11 6690.66389835701
-590.66 777.75 0.1 7282.778026397706
-460.43 542.37 0.08 7083.479869874298
-510.69 419.97 0.11 7360.9403731325265
-594.82 433.6 0.12 7428.672972504505
-159.76 191.83 0.15 7587.094312169829
-562.36 482.28 0.13 7487.9877111404085
-481.96 394.8 0.06 6791.651145402702
-180.05 168.96 0.11 7360.940373132527
-484.01 477.83 0.14 7540.404705332208
-260.61 252.17 0.1 7282.77802639724
-593.43 684.68 0.13 7487.9877111404085
-569.55 539.8 0.14 7540.404705332208
-553.1 448.31 0.12 7428.672972504505
-618.09 585.92 0.06 6798.343466543656
-173.13 193.29 0.06 6791.759548584062
-81.75 79.19 0.07 6952.637717854431
-140.36 153.88 0.06 6791.751206497038
-360.95 282.01 0.07 6952.634785942028
-650.01 488.01 0.06 6791.734291775646
-695.74 559.0 0.12 7428.672972504505
-484.99 472.55 0.14 7540.404705332208
-585.13 528.47 0.12 7428.672972504505
-536.47 648.71 0.06 6791.611666787491
-583.49 599.26 0.12 7428.672972504505
-682.97 601.65 0.06 6791.751735359847
-271.96 238.83 0.08 7083.225831107884
-407.61 391.0 0.08 7083.218776485668
-625.56 528.85 0.1 7282.778026397905
-560.67 752.75 0.06 6791.65580363221
-417.82 403.66 0.1 7282.778026397606
-703.0 581.78 0.09 7191.463862805291
-445.01 537.57 0.05 6587.727340948702
-212.75 252.58 0.07 6952.638154028316
-724.03 629.48 0.08 7083.218831687638
-605.44 620.51 0.1 7282.778026399217
-93.76 101.61 0.14 7540.404705332208
-247.42 196.47 0.11 7360.940373132527
-564.32 621.97 0.08 7083.218830771763
-595.04 448.11 0.07 6952.638822028547
-538.62 397.15 0.11 7360.940373132527
-95.8 54.51 0.14 2891.0662864419883
-320.71 104.37 0.1 2888.597930506745
-606.58 331.23 0.11 2886.1904705822376
-748.5 273.03 0.14 2891.0662864419874
-316.56 214.13 0.1 2888.597933247796
-719.39 444.4 0.12 2886.688476942923
-268.1 137.08 0.1 2888.5979318186196
-257.69 180.31 0.14 2891.0662864419874
-772.99 477.43 0.12 2886.6884769430235
-380.51 202.57 0.1 2888.597922609613
-517.6 172.65 0.11 2886.1904707016715
-583.72 423.89 0.08 2910.3927107232626
-643.56 415.34 0.14 2891.0662864419883
-684.34 409.59 0.15 2892.7455476250384
-299.13 169.71 0.08 2910.399137134751
-789.06 279.64 0.09 2895.759495031033
-526.85 206.97 0.12 2886.6884769429635
-689.77 251.12 0.14 2891.0662864419874
-588.68 298.82 0.12 2886.688476942991
-263.07 122.24 0.11 2886.1904705660218
-481.87 162.85 0.1 2888.5979405707053
-733.48 342.13 0.12 2886.6884769431294
-606.27 373.55 0.15 2892.7455476250384
-655.52 289.77 0.05 3065.3632741507217
-765.06 546.93 0.1 2888.5979240701336
-442.06 294.15 0.1 3626.6682600156632
-600.0 356.14 0.07 2936.9304478741315
-461.25 275.17 0.1 2888.5979231229107
-709.37 384.4 0.14 2891.0662864419874
-375.54 135.46 0.12 2886.6884769430812
-685.02 485.36 0.06 2766.830015399305
-513.85 194.61 0.12 2886.688476943065
-182.39 69.62 0.12 2886.688476943083
-469.44 252.58 0.09 2895.7599239281208
-33.84 19.84 0.08 2910.3923842826325
-424.06 160.37 0.05 3073.2651776646917
-415.27 262.65 0.07 2936.9748728900618
-879.61 354.77 0.11 2886.1904708359784
-414.24 286.05 0.07 2936.9645512629686
-845.57 403.49 0.07 2936.9465441091484
-593.68 288.55 0.08 2910.395166799982
-806.15 337.63 0.07 2936.9279736823896
-525.74 211.77 0.1 2888.5979236692256
-677.01 464.38 0.11 250.00965027979964
-293.94 137.4 0.06 1634.2792223978659
-785.04 317.69 0.09 -1254.5920080053238
-878.72 236.38 0.12 4592.436371522566
-790.57 226.28 0.06 4474.109905029058
-241.17 44.38 0.05 4426.748545509826
-433.35 79.6 0.08 4534.237454983471
-843.36 19.11 0.11 4582.245015362329
-104.87 31.44 0.12 4592.436371522566
-538.33 71.71 0.06 4473.932105782887
-780.44 230.69 0.11 4582.245015362329
-570.89 118.04 0.08 4534.237011720526
-634.18 138.29 0.15 4613.447536120104
-746.3 133.83 0.12 4592.436371522566
-475.67 72.56 0.11 4582.245015362329
-943.86 292.21 0.12 4592.436371522566
-820.39 139.46 0.07 4508.503089380612
-404.04 98.09 0.09 4554.143103618602
-576.44 98.71 0.07 4508.509970538283
-777.45 45.81 0.06 4474.163411079152
-148.35 30.7 0.07 4508.502665885775
-783.78 71.41 0.08 4534.237027151225
-349.24 92.23 0.13 4600.80007523233
-494.56 18.03 0.15 4613.447536120104
-472.96 46.65 0.08 4534.237018663378
-507.88 137.8 0.14 4607.711374912698
-588.25 74.78 0.09 4554.070667372319
-964.41 193.06 0.15 4613.447536120104
-724.15 48.8 0.13 4600.80007523233
-905.12 254.52 0.12 4592.436371522566
-449.89 72.05 0.09 4554.070667397327
-942.3 13.57 0.09 4554.070667418759
-858.06 52.02 0.1 4569.7050027502255
-943.73 290.94 0.06 4474.152296110448
-552.2 163.22 0.15 4613.447536120104
-827.89 166.14 0.11 4583.250753422467
-144.74 0.33 0.13 4600.80007523233
-645.78 146.14 0.09 4554.070410616516
-959.23 225.79 0.06 4474.117436292593
-758.61 110.99 0.07 4508.503230668548
-594.75 130.22 0.11 4582.245015362329
-308.58 18.54 0.07 4508.5107056351135
-914.67 5.1 0.07 4508.503581607734
-759.54 189.71 0.1 4569.705002750641
-656.13 209.31 0.08 4534.28267790615
-903.08 113.14 0.14 4607.711374912698
-944.44 -75.25 0.14 5190.75616792634
-715.78 -160.16 0.11 5121.934843248737
-498.5 -112.43 0.12 5148.330257314419
-890.01 -208.11 0.06 4882.731215633471
-606.53 -37.32 0.09 5053.863990827007
-715.63 -145.74 0.06 4882.785560162667
-771.62 -29.58 0.13 5171.0345031047
-587.56 -130.37 0.12 5148.330257314419
-400.54 -6.46 0.13 5171.0345031047
-848.53 -25.22 0.07 4953.362589968288
-607.88 -185.75 0.13 5171.0345031047
-415.13 -97.06 0.1 5090.889508281427
-987.96 -20.15 0.15 5208.030450206307
-518.95 -72.2 0.13 5171.0345031047
-724.38 -55.83 0.13 5171.0345031047
-566.33 -139.5 0.13 5171.0345031047
-674.62 -48.31 0.14 5190.75616792634
-729.97 -37.31 0.06 4882.808900838537
-956.94 -212.2 0.09 5053.863990860429
-450.54 -12.37 0.14 5190.75616792634
-939.88 -83.89 0.09 5053.863990771946
-859.98 -235.58 0.11 5121.934843248737
-910.97 -157.09 0.07 4957.306355392724
-825.07 -224.29 0.13 5171.0345031047
-633.85 -154.55 0.06 4882.789286226825
-809.25 -55.29 0.11 5121.934843248737
-708.24 -142.31 0.09 5053.863990758013
-704.58 -196.73 0.09 5053.863990936218
-938.84 -290.19 0.13 5171.0345031047
-733.89 -13.16 0.12 5148.330257314419
-768.16 -110.93 0.06 4882.785500240525
-627.29 -184.03 0.08 5008.957666239854
-646.47 -33.6 0.09 5053.863990867896
-791.68 -98.9 0.14 5190.75616792634
-938.5 -225.01 0.05 4790.63864652657
-863.81 -50.12 0.08 5008.957666055659
-574.82 -155.48 0.05 4789.857166474507
-192.01 -57.99 0.07 4953.361254554582
-651.55 -100.84 0.06 4882.729894724241
-514.56 -103.61 0.13 5171.0345031047
-841.69 -142.57 0.07 4953.361323511583
-808.71 -547.55 0.08 7791.866455793755
-724.64 -463.6 0.14 8192.829512988239
-555.16 -222.82 0.13 8147.900234544338
-771.16 -326.86 0.06 7526.587967265874
-747.35 -299.83 0.09 7888.53753855892
-153.12 -62.43 0.13 8147.900234544338
-810.45 -570.24 0.06 7526.506736611629
-694.36 -427.7 0.14 8192.829512988239
-481.71 -325.79 0.07 7673.90273729141
-451.25 -164.18 0.09 7888.537538212978
-825.27 -420.65 0.12 8096.701028377749
-406.45 -209.52 0.15 8232.581723371355
-873.48 -468.38 0.11 8037.800694910263
-769.35 -284.57 0.13 8147.900234544338
-164.74 -113.35 0.12 8096.70102837775
-617.83 -285.55 0.06 7526.552633439699
-236.85 -95.05 0.13 8147.900234544338
-743.54 -267.48 0.13 8147.900234544338
-856.64 -464.75 0.1 7969.286026927816
-808.39 -340.3 0.11 8037.800694910263
-816.72 -346.26 0.06 7526.533583761906
-848.94 -520.24 0.1 7969.2860269281155
-463.86 -306.45 0.13 8147.900234544338
-544.19 -181.08 0.1 7969.286026926742
-890.35 -402.84 0.09 7888.53753797277
-752.32 -492.57 0.1 7969.2860269266275
-477.83 -291.35 0.14 8192.829512988239
-775.23 -489.08 0.11 8037.800694910263
-741.04 -517.81 0.08 7791.866454899147
-542.8 -204.1 0.05 7336.809763211489
-135.27 -92.14 0.11 8037.800694910263
-208.7 -144.09 0.09 7888.537538375631
-391.22 -157.21 0.15 8232.581723371355
-528.1 -288.04 0.08 7791.866490396878
-501.01 -274.65 0.1 7971.896486600668
-936.91 -325.91 0.13 8147.900234544338
-793.29 -512.78 0.07 7673.903626729885
-520.73 -275.29 0.06 7526.482963251572
-800.0 -416.48 0.06 7526.563626421205
-705.32 -550.91 0.07 8836.110113408813
-518.96 -614.19 0.07 8838.081705831772
-217.75 -200.36 0.05 8359.616056867724
-516.56 -660.38 0.14 9602.21284910266
-678.89 -567.07 0.09 9148.07365207665
-464.83 -570.26 0.1 9267.196962179143
-616.27 -617.65 0.11 9369.04082113588
-708.18 -606.12 0.05 8359.8510258826
-465.6 -435.5 0.09 9148.07362976273
-205.27 -151.68 0.06 8626.280277734253
-330.95 -328.86 0.05 8359.683316669236
-370.01 -327.69 0.12 9457.171481672915
-447.09 -404.32 0.05 8359.769006860566
-241.47 -228.49 0.11 9392.993552172074
-529.63 -652.11 0.1 9267.196962179158
-590.14 -631.33 0.1 9267.196962179463
-219.82 -260.89 0.07 8836.108693192937
-376.81 -443.8 0.11 9369.040821135928
-247.56 -300.63 0.09 9148.073630038545
-573.64 -432.32 0.11 9369.04082113587
-743.55 -581.55 0.11 9369.040821135877
-450.65 -558.91 0.05 8359.141573189108
-500.99 -549.5 0.12 9457.171481672904
-428.54 -356.36 0.05 8359.641359694451
-638.37 -633.8 0.11 9369.040821135877
-289.84 -239.98 0.13 9534.22942423309
-131.49 -149.59 0.12 9457.171481672905
-637.98 -759.51 0.07 8836.108627411633
-686.54 -548.52 0.12 9457.171481672916
-756.76 -602.61 0.12 9457.171481672895
-578.06 -603.74 0.1 9267.196962179263
-373.0 -488.91 0.13 9534.229424233088
-420.17 -390.59 0.05 8358.874411335073
-623.46 -495.72 0.07 8836.108077906432
-544.35 -554.63 0.06 8625.822221831515
-140.56 -140.05 0.06 8625.708821376851
-637.4 -726.92 0.15 9662.662882938152
-322.68 -309.48 0.14 9602.212849102656
-479.2 -567.47 0.12 9457.1714816729
-343.11 -436.83 0.07 8836.105471558392
-512.95 -424.67 0.09 9148.073629403292
-148.35 -392.94 0.13 6783.408138519992
-109.06 -159.69 0.08 6404.797849710992
-244.17 -637.93 0.09 6506.139978431693
-301.44 -666.25 0.13 6783.408138519992
-410.2 -634.49 0.13 6783.408138519992
-311.97 -627.97 0.13 6783.408138519992
-245.42 -588.89 0.09 6506.139975258793
-259.93 -360.98 0.11 6664.723292633306
-133.25 -226.27 0.09 6506.1399784411105
-410.58 -612.96 0.13 6783.408138519992
-375.38 -561.96 0.13 6783.408138519992
-95.86 -189.71 0.08 6405.758221185388
-319.94 -933.81 0.1 6591.6096781828655
-419.65 -699.15 0.12 6728.02676301031
-136.94 -241.76 0.11 6664.723291155802
-170.62 -461.3 0.13 6783.408138519992
-516.84 -774.31 0.13 6783.408138519992
-415.77 -781.73 0.06 6132.140435227761
-406.34 -850.26 0.11 6664.723292633306
-418.97 -620.67 0.08 6488.138607157194
-360.4 -902.21 0.07 6282.593432678155
-198.43 -361.43 0.1 6591.609678182693
-236.97 -422.59 0.07 6304.559294604131
-119.45 -301.42 0.06 6132.240144740021
-212.8 -523.09 0.11 6664.723292633306
-106.74 -204.09 0.1 6591.60967818244
-259.11 -709.42 0.05 5941.753988268982
-233.8 -683.72 0.08 6404.808203241943
-337.97 -767.09 0.09 6506.139978438965
-135.74 -397.83 0.1 6591.609678182802
-546.07 -829.33 0.14 6832.29708048917
-541.27 -769.37 0.05 5943.124363670929
-245.16 -625.05 0.1 6591.609678182354
-378.31 -810.14 0.09 6506.139978475729
-271.12 -473.64 0.14 6832.29708048917
-343.39 -670.04 0.09 6506.13997845755
-326.78 -594.71 0.1 6591.609678182678
-354.74 -625.71 0.13 6783.408138519992
-22.63 -368.26 0.15 9651.062040398849
-70.46 -496.18 0.11 9363.491775128681
-102.79 -986.63 0.08 9009.688348766796
-117.88 -520.98 0.08 9009.688314664627
-168.78 -719.71 0.12 9449.705282992873
-3.93 -283.95 0.13 9525.151998282494
-79.69 -317.63 0.12 9449.705282992873
-47.59 -190.75 0.06 8638.175778705649
-145.92 -513.54 0.13 9525.151998282496
-23.57 -329.41 0.07 8843.287851782352
-1.5 -342.4 0.06 8638.880117766672
-218.28 -808.7 0.07 8845.265414617455
-11.99 -873.43 0.1 9263.949008715015
-48.14 -285.12 0.05 8378.681756273403
-186.34 -964.98 0.13 9525.151998282498
-138.83 -470.25 0.05 8378.775125766864
-46.71 -615.71 0.11 9363.4917751287
-94.78 -584.42 0.1 9263.949008715212
-53.71 -778.75 0.1 9263.94900868517
-193.72 -633.93 0.06 8638.537605672393
-59.22 -377.97 0.14 9591.77188048049
-110.33 -492.37 0.1 9263.949008711152
-154.53 -835.42 0.06 8638.187453178345
-167.63 -720.27 0.1 9263.949008715219
-69.38 -355.79 0.06 8638.3696558389
-78.49 -462.85 0.06 8638.242029398263
-21.62 -205.56 0.08 9009.688312128266
-10.88 -149.18 0.09 9147.615358669103
-57.7 -851.77 0.06 8638.168673840913
-123.64 -433.73 0.07 8843.28904302483
-117.37 -531.51 0.13 9525.151998282494
-110.11 -349.3 0.08 9009.703535311583
-49.47 -393.3 0.08 9009.757205092264
-56.63 -676.61 0.09 9147.615358756317
-88.87 -427.84 0.1 9263.949008715503
-97.6 -484.69 0.07 8844.907303300839
-123.21 -935.72 0.05 8379.153123897808
-130.41 -907.03 0.07 8843.28772892212
-292.32 -921.32 0.05 8379.476116047763
-23.43 -919.69 0.1 9263.949008711623
-100.64 -756.91 0.14 9591.77188048049
-94.58 -732.52 0.13 9525.151998282494
59.01 -454.86 0.11 8632.236268814471
135.75 -973.67 0.06 3257.878451636597
260.42 -871.38 0.12 3305.8641044531664
132.46 -790.1 0.09 3350.6081244551538
42.18 -651.1 0.14 3274.522819342166
43.79 -760.66 0.1 3335.8264683806697
80.54 -856.51 0.09 3350.6081728425547
58.34 -653.18 0.06 3406.339712162802
239.81 -744.97 0.07 3383.069751683978
53.88 -854.42 0.05 3449.6304728704554
69.87 -749.54 0.13 3290.403868308373
131.75 -827.81 0.07 3383.0296395997184
195.93 -616.62 0.14 3274.522819342166
64.01 -700.44 0.09 3350.6083841907625
99.88 -344.14 0.05 3445.7552392853704
130.75 -940.05 0.07 3383.0670091281017
26.21 -256.97 0.07 3383.049877062651
65.09 -564.85 0.07 3383.0565114580313
101.62 -839.78 0.08 3365.8526853643043
164.66 -644.05 0.14 3274.522819342166
83.22 -293.63 0.14 3274.522819342166
91.11 -653.72 0.11 3320.9758199096145
11.33 -153.32 0.1 3335.826467146059
147.01 -500.66 0.09 3350.6081263897513
51.82 -205.12 0.05 3445.7526052451976
32.0 -297.48 0.13 3290.403868308383
16.11 -450.22 0.1 3335.8264671263837
161.02 -555.63 0.1 3335.8264680277744
130.47 -570.8 0.14 3274.522819342166
7.98 -236.26 0.11 3320.975819884809
87.61 -972.78 0.06 3406.2593581410056
233.87 -816.75 0.13 3290.403868308376
95.14 -319.65 0.08 3365.8517373273735
105.41 -326.31 0.05 3444.8700369030735
127.75 -593.13 0.15 3258.1342233710925
38.19 -695.51 0.06 3406.029923091799
20.15 -863.08 0.12 3305.8641044509345
149.73 -813.41 0.14 3274.522819342166
25.08 -310.28 0.12 3305.8641044504866
148.59 -610.23 0.06 3406.0718727342387
242.15 -931.44 0.14 3274.522819342166
95.98 -905.46 0.09 3350.6082845932583
86.5 -760.0 0.08 3365.852090899427
89.3 -471.17 0.08 3365.8559515675524
54.34 -973.69 0.06 3406.2750443266864
186.18 -843.5 0.07 3383.0266327250383
77.09 -777.94 0.09 1338.1666941343206
146.99 -414.48 0.1 23071.543220766187
258.68 -479.49 0.11 23399.209799431796
244.31 -596.91 0.1 23071.55505691815
516.79 -777.04 0.13 23939.557363486863
137.96 -412.47 0.07 21739.837026141766
246.38 -605.25 0.08 22259.720150050573
456.41 -632.79 0.13 23939.626254817224
400.65 -881.73 0.09 22692.80123066697
386.41 -572.26 0.07 21734.51461494495
140.27 -256.39 0.07 21733.355786090913
317.43 -557.85 0.1 23073.613765889484
307.9 -750.86 0.09 22692.770574442584
499.47 -774.57 0.09 22692.543618000767
258.75 -502.54 0.12 23685.925119564
297.83 -793.93 0.15 24366.24250637799
509.1 -755.51 0.11 23399.46720587685
244.16 -377.7 0.07 21735.469424824165
464.78 -724.31 0.13 23939.106040315743
192.26 -584.9 0.06 21086.73032112224
307.96 -703.78 0.12 23686.0672295482
145.24 -279.33 0.11 23399.172777150307
51.25 -102.39 0.09 22692.613546893772
480.9 -861.19 0.14 24164.487349941133
374.43 -682.23 0.07 21736.50907299082
333.22 -767.97 0.05 20295.571304637022
280.43 -501.64 0.14 24164.4951309683
233.83 -681.75 0.08 22250.99751005444
173.68 -394.7 0.11 23399.3034010282
282.71 -752.44 0.12 23686.08118624173
474.41 -749.2 0.06 21100.921079312742
342.47 -870.74 0.05 20331.683294376315
504.31 -805.42 0.13 23939.030922999063
312.48 -760.73 0.06 21086.546867265766
277.16 -719.8 0.1 23072.647982538056
252.52 -445.76 0.06 21086.82539339004
154.97 -422.83 0.13 23939.325381635237
94.46 -273.73 0.13 23939.541211511052
694.6 -578.72 0.05 6311.358428803812
373.79 -362.13 0.08 6216.182213327649
650.12 -557.8 0.11 6179.824166332276
552.73 -533.13 0.1 6189.3835979018395
511.02 -374.46 0.12 6171.971708040046
455.68 -582.15 0.08 6216.222396303681
177.24 -170.79 0.09 6201.232696542296
307.63 -421.38 0.06 6264.651630458407
367.04 -381.88 0.06 6261.302831424836
604.39 -618.68 0.07 6235.613301086764
440.28 -418.86 0.09 6201.235204904526
308.36 -358.82 0.09 6201.207657568295
521.69 -422.26 0.09 6201.2313590495805
488.07 -590.14 0.06 6264.387099450918
579.04 -506.4 0.07 6236.03550502127
609.37 -549.73 0.1 6189.394571344349
316.91 -432.03 0.06 6268.427419570547
427.01 -315.66 0.07 6235.64420481497
312.55 -262.64 0.05 6310.645632648339
458.7 -520.02 0.11 6179.824789744862
597.64 -781.62 0.12 6171.971809604065
434.37 -587.34 0.14 6159.916730165756
674.06 -512.84 0.09 6201.215341468178
576.74 -524.31 0.11 6179.823596200999
558.52 -421.75 0.11 6179.824191643267
526.82 -399.05 0.1 6189.385961429883
151.48 -205.23 0.11 6179.826340870514
310.77 -263.38 0.14 6159.916730186524
325.63 -240.23 0.1 6189.383486542061
486.32 -652.3 0.05 6293.894905413656
646.68 -539.7 0.09 6201.2871833790905
533.4 -578.4 0.11 6179.824309326312
447.6 -611.03 0.12 6171.972151569783
481.61 -662.44 0.13 6165.429948893119
416.15 -477.51 0.12 6171.97185020186
429.16 -583.47 0.14 6159.9167301938605
687.05 -516.86 0.09 6201.203028791717
628.47 -726.59 0.11 6179.82470298405
163.46 -216.99 0.08 6216.409443633931
407.0 -359.81 0.12 6171.971826227451
295.3 -260.05 0.06 6260.701925087072
653.63 -549.38 0.13 6165.429903450755
606.69 -519.47 0.13 6165.429907238213
265.96 -352.05 0.07 6235.775562021523
410.52 -410.07 0.06 6260.707126230051
482.03 -605.93 0.06 6268.193209783614
617.7 -562.4 0.11 6179.824041580516
695.47 -564.3 0.08 6216.16084977416
592.77 -338.93 0.09 9728.008468076725
148.87 -91.35 0.08 9586.094384975504
857.78 -298.74 0.1 9847.040446895811
584.01 -296.78 0.15 10235.318478956782
773.51 -341.12 0.08 9586.094458449583
383.97 -174.52 0.08 9586.094385080081
821.22 -466.54 0.12 10035.30772069775
121.63 -43.54 0.11 9948.257752571084
822.66 -500.87 0.07 9414.92177937474
347.5 -193.8 0.11 9948.257752571088
695.67 -293.17 0.1 9847.040446895757
866.95 -329.26 0.11 9948.257752571095
782.72 -300.83 0.13 10110.886538579769
375.73 -228.6 0.13 10110.886538579758
79.08 -41.91 0.11 9948.2577525711
632.08 -379.23 0.06 9200.955800334836
624.81 -416.97 0.1 9847.040446895793
621.89 -285.48 0.06 9200.963400078976
425.3 -245.69 0.06 9201.052911930074
500.11 -234.33 0.09 9728.00846806955
851.03 -402.98 0.11 9948.257752571119
213.89 -100.56 0.12 10035.307720697714
57.53 -38.5 0.1 9847.040446895886
359.72 -183.42 0.15 10235.318478956793
449.94 -281.77 0.09 9728.008468079383
621.89 -395.23 0.07 9414.028482919328
130.25 -48.68 0.14 10177.032855606183
672.22 -231.64 0.11 9948.25775257108
553.73 -201.08 0.1 9847.040446895857
224.12 -125.88 0.08 9586.094422757287
877.11 -301.46 0.11 9948.257752568647
473.93 -295.66 0.06 9201.111356332136
77.27 -42.77 0.05 8930.157192890932
874.89 -367.79 0.06 9200.963881738957
588.56 -370.26 0.05 8930.401852529441
868.69 -366.76 0.08 9586.0943807719
171.57 -123.3 0.11 9948.257752571082
867.7 -310.32 0.07 9414.028052782643
582.64 -402.51 0.06 9200.97167628817
312.43 -102.26 0.13 10110.886538579709
85.94 -19.99 0.14 4249.125810647358
888.18 -198.66 0.08 4068.76922228329
782.74 -214.67 0.11 4179.88263598441
659.37 -180.85 0.1 4149.136413375192
867.25 -0.01 0.12 4206.217860302904
923.3 -37.25 0.1 4149.288832629911
172.03 -5.54 0.11 4185.6918758307875
513.5 -100.1 0.05 3865.54998250219
133.15 -0.32 0.09 4112.8484498261605
292.35 -79.6 0.08 4068.7692233905727
315.59 -67.01 0.07 4014.9507534401537
622.63 -157.97 0.13 4229.072989011682
594.43 -33.86 0.11 4179.882635894526
374.27 -46.62 0.08 4068.7692528302414
756.68 -166.16 0.07 4015.884949707541
744.54 -32.69 0.06 3948.169486856823
643.49 -146.44 0.11 4179.882635894526
534.06 -160.79 0.11 4179.882635894526
989.13 -109.92 0.1 4149.13641337513
656.19 -146.75 0.08 4068.769227040326
600.22 -152.02 0.13 4229.072989011682
650.51 -192.04 0.14 4249.125810647358
762.83 -156.88 0.07 4014.9514712183427
565.89 -21.85 0.11 4179.882635894526
737.02 -179.25 0.1 4149.1364133752995
971.36 -100.21 0.05 3865.2782062920933
971.48 -104.34 0.08 4068.769260296649
728.01 -68.11 0.05 3866.191363441044
386.44 -8.55 0.1 4149.136413375163
549.64 -146.96 0.14 4249.125810647357
862.19 -79.09 0.06 3948.182744859557
256.04 -29.94 0.14 4249.125810647357
734.9 -204.26 0.11 4179.882635894526
987.41 -51.99 0.06 3948.1304261659616
934.28 -83.3 0.1 4149.136413375135
918.23 -46.91 0.07 4014.911136651901
978.97 -62.87 0.1 4149.136413375259
909.15 -240.43 0.1 4149.136489235629
471.61 -49.52 0.14 4249.125810647358
724.38 -126.48 0.13 4229.072989011682
976.18 -105.3 0.15 4266.878590363965
