0.0 0.0
535.36 108.39 0.13 13462.955284335441
778.44 109.99 0.12 13406.041587831174
275.32 70.59 0.12 13406.04731986688
939.56 194.44 0.08 13059.439406524569
426.78 32.35 0.1 13262.491277129377
879.79 127.14 0.08 13058.354028211656
295.31 18.81 0.12 13406.091900366191
827.59 31.54 0.05 12511.840925515222
562.72 180.65 0.06 12756.321921910807
694.28 47.83 0.12 13406.043122195495
919.58 147.25 0.15 13555.911299931253
465.7 100.38 0.15 13555.916075718107
243.18 37.61 0.08 13057.362915796222
927.04 170.31 0.06 12737.608262636539
699.27 164.35 0.12 13406.055368989759
598.49 74.6 0.08 13058.752226266286
877.34 197.65 0.09 13171.1899753646
869.45 50.7 0.15 13555.91174638195
697.78 148.78 0.08 13061.004986751483
876.95 199.74 0.07 12920.225614398498
561.92 161.7 0.12 13406.110268233062
866.67 30.3 0.07 12921.188052081008
905.82 246.52 0.1 13262.972565516231
503.3 136.73 0.07 12924.154183780613
704.73 114.3 0.14 13512.427766801728
924.21 93.84 0.1 13262.557966419878
779.32 188.56 0.05 12509.124534516086
168.4 24.16 0.08 13061.604369064507
557.35 67.91 0.07 12917.806483527393
936.2 191.32 0.05 12543.53105170697
890.04 59.76 0.09 13170.1279811453
195.96 47.03 0.07 12924.823883008921
569.97 84.57 0.14 13512.425812076617
806.33 202.42 0.1 13262.782746352364
458.34 37.34 0.1 13262.477731315788
888.26 8.91 0.12 13406.067644889285
692.46 0.16 0.09 13170.81700486779
936.7 172.31 0.11 13340.04718498747
806.13 166.26 0.11 13340.203664659466
737.81 10.19 0.07 12920.66816661487
658.81 95.72 0.15 13555.912765899393
274.5 48.36 0.09 13171.40375011912
522.49 228.95 0.06 4054.7065196152425
831.74 468.84 0.12 4212.572275536378
798.81 382.9 0.13 4226.851472218967
916.68 339.32 0.12 4212.572275536378
445.99 232.17 0.09 4154.721102433896
447.32 229.5 0.07 4095.426425225107
716.43 388.48 0.08 4128.002258426779
791.43 434.09 0.06 4054.5662910826923
765.38 510.87 0.05 4003.0356917095287
644.9 414.54 0.08 4128.092886360305
467.94 332.05 0.11 4196.157697590228
407.07 226.32 0.14 4239.375256247937
261.62 168.58 0.08 4128.002261845096
826.78 465.21 0.1 4177.147427429334
716.91 494.89 0.08 4128.024051035388
632.3 217.95 0.09 4154.721102196298
367.05 127.32 0.1 4177.105270219563
691.82 392.91 0.11 4196.15769759023
709.54 511.07 0.14 4239.375256247937
454.08 185.68 0.14 4239.375256247937
794.02 287.55 0.07 4095.4270638069947
158.4 97.98 0.14 4239.375256247937
761.23 370.52 0.07 4095.438973818531
198.3 104.76 0.11 4196.15769759023
290.39 193.37 0.09 4154.7211025319775
396.58 230.25 0.13 4226.851472218967
333.33 182.42 0.07 4095.4381372507587
177.34 100.28 0.14 4239.375256247937
123.79 56.55 0.07 4097.696606881513
416.89 239.21 0.06 4054.7320732593844
817.63 543.69 0.08 4128.05368293238
719.78 408.68 0.05 4002.475742854669
603.34 230.65 0.08 4128.002197725307
391.45 217.73 0.14 4239.375256247937
148.37 74.26 0.06 4054.718492337414
585.64 402.23 0.05 3999.120846112953
801.54 287.38 0.14 4239.375256247937
838.98 452.55 0.06 4054.7066945405677
693.59 424.51 0.12 4212.572275536378
779.71 403.07 0.08 4128.002257378093
752.75 285.88 0.13 4226.851472218967
714.17 492.67 0.05 4002.9329844547597
494.03 288.97 0.08 4128.002236346721
347.51 182.65 0.15 4250.441297353955
440.57 356.18 0.1 9871.928832394913
541.36 414.93 0.07 9284.156489934001
500.93 661.04 0.12 10139.747632457764
216.31 165.39 0.15 10435.824426242609
389.35 532.69 0.07 9284.160551906345
533.62 609.16 0.08 9567.43721713813
139.69 120.63 0.12 10139.747632457764
719.8 611.26 0.11 10014.80926559096
538.63 647.34 0.09 9779.47596850547
514.23 555.61 0.12 10139.747632457764
570.49 512.52 0.14 10348.029852560898
737.17 671.97 0.1 9871.92883239099
289.71 275.46 0.11 10014.809265590962
755.28 557.05 0.1 9871.928832391652
461.54 475.06 0.12 10139.747632457764
138.27 119.48 0.07 9284.160535071813
263.61 220.49 0.06 9006.831930551045
609.71 651.34 0.13 10249.98892768506
501.76 578.51 0.11 10014.809265590957
484.72 476.67 0.13 10249.98892768506
415.69 333.93 0.07 9284.161176186717
580.18 705.49 0.08 9513.596974401358
578.9 494.83 0.13 10249.98892768506
747.96 566.64 0.13 10249.98892768506
419.81 314.74 0.06 9006.639920270325
520.44 432.45 0.12 10139.747632457764
511.7 562.43 0.13 10249.98892768506
670.84 710.71 0.1 9871.928832392325
388.61 309.71 0.13 10249.98892768506
529.18 645.88 0.07 9284.161800248554
265.91 253.98 0.14 10348.029852560898
497.05 632.59 0.12 10139.747632457764
604.86 538.73 0.08 9513.597669226143
349.64 393.84 0.09 9706.80425587223
572.44 567.06 0.09 9706.804255869938
312.74 460.38 0.06 6112.949360688719
460.94 657.54 0.09 6057.310704942322
131.49 251.78 0.09 6057.348539548447
423.57 876.12 0.09 6057.3146075626655
283.45 484.15 0.11 6039.082751977463
160.87 285.4 0.06 6114.256260873416
28.51 60.48 0.11 6039.082935427734
391.07 742.18 0.07 6089.078264314713
419.27 701.97 0.1 6047.106724795612
334.9 723.92 0.14 6023.564615407895
281.2 740.37 0.15 6020.3149582916885
168.15 494.17 0.08 6070.5465278739575
483.52 734.45 0.05 6143.40266612999
417.78 742.59 0.08 6070.516978584254
356.69 554.78 0.08 6070.499283801548
199.8 537.78 0.07 6088.852492658414
103.49 191.03 0.05 6145.55453091894
317.81 489.45 0.09 6057.316382881716
332.76 648.97 0.07 6088.495197712836
483.94 712.47 0.06 6113.477874823754
318.36 835.26 0.09 6056.834534367654
466.59 764.31 0.15 6020.314958083756
519.4 793.78 0.1 6047.101614961122
270.75 672.06 0.1 6047.102934747062
270.87 695.5 0.1 6047.102485596153
188.15 466.87 0.13 6027.6330866108765
468.93 852.14 0.12 6032.717007038165
385.6 630.5 0.12 6032.717008745595
318.71 706.45 0.14 6023.564616120548
342.7 886.13 0.13 6027.633088678771
382.86 876.98 0.13 6027.633082702503
313.9 885.5 0.07 6088.402214568124
204.78 557.3 0.12 6032.717067046459
116.02 277.82 0.14 6023.564616055972
337.0 888.69 0.09 6057.322247275535
162.11 409.44 0.07 6088.799993723456
66.4 116.03 0.12 6032.717257073498
186.57 294.91 0.1 6047.101365898599
293.29 701.89 0.1 6047.102218187983
484.75 800.03 0.05 6150.396266355811
247.77 506.78 0.13 6027.633074260843
443.81 755.18 0.11 6039.082762250978
492.46 865.26 0.1 6047.103840559563
474.73 786.47 0.1 6047.103268325169
191.48 407.19 0.14 6023.564615544382
29.48 909.91 0.05 6070.508195757719
61.43 708.8 0.05 6071.0578197082195
101.15 557.46 0.1 6481.274463674381
104.81 633.73 0.07 6293.967747616818
222.92 847.13 0.13 6590.055113505723
172.1 767.02 0.12 6559.2763114500995
202.39 740.98 0.08 6369.751855642931
12.21 252.48 0.08 6369.751831879867
220.16 740.49 0.07 6294.313374779547
28.5 456.65 0.07 6294.142265854695
105.97 346.47 0.14 6616.768275020146
58.14 670.57 0.12 6559.2763114500995
230.71 751.86 0.09 6430.909265471828
33.94 633.32 0.11 6523.455206472327
5.81 349.59 0.1 6481.274463674381
14.25 924.46 0.06 6197.556489644942
20.56 773.08 0.14 6616.768275020146
204.31 916.01 0.09 6431.2919965920155
111.57 376.51 0.07 6293.938463039241
9.5 608.43 0.1 6481.274463674381
167.48 976.29 0.06 6197.50107472324
98.3 357.58 0.14 6616.768275020146
1.79 847.08 0.12 6559.2763114500995
92.92 423.94 0.09 6430.909265432156
28.86 915.41 0.06 6197.500662399707
59.13 901.64 0.13 6590.055113505723
0.52 313.21 0.09 6431.292022583961
92.09 874.09 0.12 6559.2763114500995
131.95 569.44 0.14 6616.768275020146
14.38 636.33 0.12 6559.2763114500995
266.29 905.5 0.1 6481.274463674381
56.03 377.0 0.05 6070.787122849497
46.25 800.53 0.11 6524.160286309963
211.3 680.31 0.07 6293.938626049793
211.99 938.06 0.15 6640.156407746295
36.17 680.4 0.08 6369.75183028821
63.09 216.39 0.09 6431.159264070378
108.82 581.72 0.14 6616.768275020146
54.63 625.23 0.07 6293.938761967892
209.3 924.09 0.08 6369.755141949191
153.7 856.53 0.13 6590.055113505723
163.53 522.15 0.08 6370.251247887124
-231.74 933.38 0.11 3113.4500826249905
-20.65 624.12 0.15 3088.3643838701773
-59.71 733.78 0.1 3126.9446929638557
-35.78 513.3 0.14 3091.6351158329735
-54.97 786.03 0.15 3088.3643838701773
-113.3 775.0 0.1 3126.9447311736767
-199.06 659.19 0.14 3091.6351158329735
-270.8 843.2 0.08 3171.5378178701326
-109.25 843.96 0.06 3265.9662705113697
-223.52 827.82 0.13 3096.5747234965706
-4.89 567.07 0.14 3091.6351158329735
-71.65 429.38 0.07 3208.980280956631
-148.7 566.7 0.13 3096.574723496515
-127.97 555.82 0.15 3088.364383870177
-217.37 838.44 0.14 3091.635115832973
-56.07 758.12 0.08 3171.5395430240687
-122.5 775.56 0.12 3103.6353422420307
-13.7 728.53 0.15 3088.3643838701773
-125.3 925.88 0.14 3091.635115832973
-54.31 979.04 0.15 3088.3643838701773
-65.53 386.24 0.15 3088.3643838701773
-92.32 437.44 0.12 3103.635342215793
-14.31 56.74 0.09 3145.539995164185
-36.7 440.28 0.13 3096.5747234965584
-180.89 947.24 0.07 3209.0657156416346
-33.82 892.68 0.14 3091.635115832973
-127.3 486.22 0.1 3126.944741497052
-24.31 165.07 0.1 3126.944739599578
-107.4 536.77 0.05 3361.5498209643747
-43.92 351.87 0.08 3171.541323444507
-212.44 809.89 0.07 3208.919348692943
-171.97 737.24 0.1 3126.944709393898
-57.35 829.79 0.08 3171.5401116241846
-57.03 694.66 0.09 3145.540172601999
-151.47 916.0 0.08 3171.5372232564314
-178.0 565.61 0.08 3171.5489191354422
-75.69 781.01 0.1 3126.9446978331775
-57.69 955.48 0.06 3265.9709448996277
-207.7 868.67 0.12 3103.6353422314364
-54.92 676.94 0.09 3145.5395496326373
-170.37 746.99 0.1 3126.944700052522
-92.49 288.27 0.08 3171.539674775152
-119.44 450.05 0.07 3208.9432967390085
-280.27 862.92 0.11 567.1018374015907
-263.59 396.82 0.13 7051.155985252362
-149.17 218.45 0.08 6749.147953423585
-393.69 617.85 0.11 6958.213894567358
-264.46 784.1 0.06 6521.949449221072
-166.33 323.98 0.1 6900.140946565074
-479.33 726.76 0.09 6831.501600276182
-339.0 786.72 0.11 6958.213894567358
-539.16 830.9 0.13 7051.155985252362
-256.97 777.63 0.13 7051.155985252362
-37.03 89.98 0.13 7051.155985252362
-437.23 798.4 0.11 6958.213894567358
-338.54 546.89 0.11 6958.213894567358
-348.35 692.97 0.07 6648.251304893712
-164.17 330.94 0.08 6749.091797838477
-295.47 806.54 0.14 7088.935004617571
-341.3 556.15 0.06 6521.960214707664
-315.34 492.21 0.07 6648.252833796363
-289.27 716.65 0.07 6648.251318935675
-243.07 450.72 0.15 7122.286411011179
-339.32 747.87 0.11 6958.213894567357
-265.05 581.18 0.12 7007.997514967529
-318.67 698.34 0.08 6749.091801992627
-480.54 771.17 0.14 7088.935004617571
-327.41 853.24 0.08 6749.091799492002
-500.93 806.1 0.11 6958.213894567358
-441.76 638.03 0.1 6900.140946565064
-394.17 859.86 0.1 6900.140946565064
-127.83 362.91 0.05 6358.657153103994
-253.07 652.99 0.09 6839.691895307022
-226.31 357.11 0.1 6900.140946565064
-167.99 499.86 0.11 6958.213894567357
-406.39 697.32 0.05 6359.203323232941
-298.45 527.41 0.11 6958.213894567358
-288.46 478.68 0.07 6648.253133409283
-179.5 460.85 0.08 6749.09179678084
-300.2 689.24 0.09 6831.5016002776265
-499.4 864.98 0.11 6958.213894567357
-125.6 357.52 0.11 6958.213894567358
-230.94 675.3 0.08 6749.091803394744
-346.53 557.35 0.15 7122.286411011179
-445.01 537.57 0.05 6913.464737579774
-247.42 196.47 0.11 7725.955434021924
-180.05 168.96 0.11 7725.955434021924
-536.47 648.71 0.06 7127.6863325367995
-724.03 629.48 0.08 7434.106468001053
-618.09 585.92 0.06 7132.664488708321
-159.76 191.83 0.15 7963.077403013836
-510.69 419.97 0.11 7725.955434021923
-593.43 684.68 0.13 7859.300847062903
-93.76 101.61 0.14 7914.226342143931
-140.36 153.88 0.06 7127.78948666735
-703.0 581.78 0.09 7547.873755943272
-595.04 448.11 0.07 7296.872897310769
-695.74 559.0 0.12 7797.0744439060845
-564.32 621.97 0.08 7434.106467377931
-682.97 601.65 0.06 7127.7898776297525
-650.01 488.01 0.06 7127.776982452627
-562.36 482.28 0.13 7859.300847062903
-553.1 448.31 0.12 7797.0744439060845
-260.61 252.17 0.1 7643.838098997496
-417.82 403.66 0.1 7643.838098997723
-484.01 477.83 0.14 7914.226342143931
-173.13 193.29 0.06 7127.795653566693
-583.49 599.26 0.12 7797.0744439060845
-481.96 394.8 0.06 7127.715516781753
-484.99 472.55 0.14 7914.226342143931
-625.56 528.85 0.1 7643.8380989979105
-81.75 79.19 0.07 7296.872113668491
-605.44 620.51 0.1 7643.838098998725
-407.61 391.0 0.08 7434.106430443937
-360.95 282.01 0.07 7296.870032864441
-460.43 542.37 0.08 7434.2840705582075
-271.96 238.83 0.08 7434.111230116531
-560.67 752.75 0.06 7127.7189603478955
-590.66 777.75 0.1 7643.838098997785
-594.82 433.6 0.12 7797.0744439060845
-212.75 252.58 0.07 7296.872423224999
-585.13 528.47 0.12 7797.0744439060845
-538.62 397.15 0.11 7725.955434021924
-569.55 539.8 0.14 7914.226342143931
-33.84 19.84 0.08 2918.4879202985826
-719.39 444.4 0.12 2922.496783514492
-606.27 373.55 0.15 2929.9009069805875
-257.69 180.31 0.14 2927.709496421526
-182.39 69.62 0.12 2922.4967835144917
-709.37 384.4 0.14 2927.709496421526
-733.48 342.13 0.12 2922.4967835144907
-879.61 354.77 0.11 2919.474329911049
-375.54 135.46 0.12 2922.496783514491
-299.13 169.71 0.08 2918.4902152544128
-689.77 251.12 0.14 2927.709496421526
-316.56 214.13 0.1 2916.837600776069
-789.06 279.64 0.09 2915.7893055516943
-643.56 415.34 0.14 2927.7094964215257
-263.07 122.24 0.11 2919.474329890261
-320.71 104.37 0.1 2916.8376003311655
-772.99 477.43 0.12 2922.496783514491
-583.72 423.89 0.08 2918.4880312389087
-588.68 298.82 0.12 2922.4967835144917
-442.06 294.15 0.1 3162.4607525575725
-684.34 409.59 0.15 2929.9009069805875
-517.6 172.65 0.11 2919.474329900707
-414.24 286.05 0.07 2928.8380618707874
-95.8 54.51 0.14 2927.7094964215257
-268.1 137.08 0.1 2916.8376005440973
-525.74 211.77 0.1 2916.8375992213582
-748.5 273.03 0.14 2927.709496421526
-606.58 331.23 0.11 2919.474329891509
-655.52 289.77 0.05 3009.71532758537
-593.68 288.55 0.08 2918.4888659342014
-293.94 137.4 0.06 2765.524300072868
-526.85 206.97 0.12 2922.4967835144917
-806.15 337.63 0.07 2928.8222323670525
-461.25 275.17 0.1 2916.837599132685
-481.87 162.85 0.1 2916.8376019646603
-685.02 485.36 0.06 2847.669480022584
-415.27 262.65 0.07 2928.8425288052254
-765.06 546.93 0.1 2916.8375992864303
-469.44 252.58 0.09 2915.789412692231
-600.0 356.14 0.07 2928.823303094824
-380.51 202.57 0.1 2916.837599049371
-845.57 403.49 0.07 2928.830268936796
-513.85 194.61 0.12 16.881173327409215
-424.06 160.37 0.05 1877.5121344915017
-783.78 71.41 0.08 4624.402447180623
-843.36 19.11 0.11 4677.362281850553
-404.04 98.09 0.09 4645.727919271071
-634.18 138.29 0.15 4718.013638507569
-943.73 290.94 0.06 4561.954255797709
-959.23 225.79 0.06 4561.931260049365
-449.89 72.05 0.09 4645.69117475673
-724.15 48.8 0.13 4700.219584857252
-964.41 193.06 0.15 4718.013638507569
-576.44 98.71 0.07 4597.407622791092
-942.3 13.57 0.09 4645.691174767602
-552.2 163.22 0.15 4718.013638507569
-777.45 45.81 0.06 4561.961587975384
-790.57 226.28 0.06 4561.926291974227
-758.61 110.99 0.07 4597.403518400502
-494.56 18.03 0.15 4718.013638507569
-507.88 137.8 0.14 4709.595976097736
-759.54 189.71 0.1 4662.975214462224
-349.24 92.23 0.13 4700.219584857252
-104.87 31.44 0.12 4689.601827820103
-308.58 18.54 0.07 4597.408070444808
-570.89 118.04 0.08 4624.4024385676985
-144.74 0.33 0.13 4700.219584857252
-656.13 209.31 0.08 4624.427928181567
-472.96 46.65 0.08 4624.402442442977
-780.44 230.69 0.11 4677.362281850553
-820.39 139.46 0.07 4597.403432360219
-148.35 30.7 0.07 4597.40317446408
-878.72 236.38 0.12 4689.601827820103
-943.86 292.21 0.12 4689.601827820103
-905.12 254.52 0.12 4689.601827820103
-858.06 52.02 0.1 4662.975214462034
-914.67 5.1 0.07 4597.403732112375
-588.25 74.78 0.09 4645.6911747440445
-746.3 133.83 0.12 4689.601827820103
-475.67 72.56 0.11 4677.362281850553
-538.33 71.71 0.06 4561.809007386889
-827.89 166.14 0.11 4677.769882308393
-903.08 113.14 0.14 4709.595976097736
-594.75 130.22 0.11 4677.362281850553
-645.78 146.14 0.09 4645.691044502284
-241.17 44.38 0.05 4513.5050647409735
-433.35 79.6 0.08 4624.402685982978
-514.56 -103.61 0.13 5361.427468178028
-724.38 -55.83 0.13 5361.427468178028
-956.94 -212.2 0.09 5238.63139116359
-791.68 -98.9 0.14 5382.294983066758
-674.62 -48.31 0.14 5382.294983066758
-939.88 -83.89 0.09 5238.631391116026
-627.29 -184.03 0.08 5191.8200506176445
-859.98 -235.58 0.11 5309.798811212307
-863.81 -50.12 0.08 5191.820050510529
-498.5 -112.43 0.12 5337.5085704132525
-415.13 -97.06 0.1 5277.300336324012
-729.97 -37.31 0.06 5060.5700621586875
-987.96 -20.15 0.15 5400.671505073369
-771.62 -29.58 0.13 5361.427468178028
-768.16 -110.93 0.06 5060.554390206756
-651.55 -100.84 0.06 5060.517150131775
-825.07 -224.29 0.13 5361.427468178028
-606.53 -37.32 0.09 5238.631391145624
-646.47 -33.6 0.09 5238.631391167604
-890.01 -208.11 0.06 5060.518034765034
-910.97 -157.09 0.07 5136.420421108915
-574.82 -155.48 0.05 4964.070879778068
-192.01 -57.99 0.07 5133.9512747875215
-715.78 -160.16 0.11 5309.798811212307
-704.58 -196.73 0.09 5238.6313912043315
-715.63 -145.74 0.06 5060.554430337983
-518.95 -72.2 0.13 5361.427468178028
-633.85 -154.55 0.06 5060.556925769211
-848.53 -25.22 0.07 5133.952110193941
-944.44 -75.25 0.14 5382.294983066758
-809.25 -55.29 0.11 5309.798811212307
-566.33 -139.5 0.13 5361.427468178028
-587.56 -130.37 0.12 5337.5085704132525
-400.54 -6.46 0.13 5361.427468178028
-938.5 -225.01 0.05 4964.628881966079
-450.54 -12.37 0.14 5382.294983066758
-841.69 -142.57 0.07 5133.951317925548
-708.24 -142.31 0.09 5238.631391108536
-938.84 -290.19 0.13 5361.427468178028
-733.89 -13.16 0.12 5337.5085704132525
-607.88 -185.75 0.13 5361.427468178028
-800.0 -416.48 0.06 7787.389738675647
-528.1 -288.04 0.08 8062.651465629133
-808.39 -340.3 0.11 8318.2470681197
-747.35 -299.83 0.09 8163.061168675276
-825.27 -420.65 0.12 8379.54019588617
-555.16 -222.82 0.13 8432.84808810432
-236.85 -95.05 0.13 8432.84808810432
-135.27 -92.14 0.11 8318.2470681197
-544.19 -181.08 0.1 8246.98977094388
-775.23 -489.08 0.11 8318.2470681197
-936.91 -325.91 0.13 8432.84808810432
-481.71 -325.79 0.07 7940.215475570079
-769.35 -284.57 0.13 8432.84808810432
-617.83 -285.55 0.06 7787.381222409159
-873.48 -468.38 0.11 8318.2470681197
-810.45 -570.24 0.06 7787.345666199097
-208.7 -144.09 0.09 8163.061168548376
-153.12 -62.43 0.13 8432.84808810432
-724.64 -463.6 0.14 8479.65263549473
-856.64 -464.75 0.1 8246.989770944594
-477.83 -291.35 0.14 8479.65263549473
-890.35 -402.84 0.09 8163.061168269454
-752.32 -492.57 0.1 8246.989770943805
-793.29 -512.78 0.07 7940.216140111664
-520.73 -275.29 0.06 7787.32724905909
-164.74 -113.35 0.12 8379.54019588617
-463.86 -306.45 0.13 8432.84808810432
-816.72 -346.26 0.06 7787.366464634463
-694.36 -427.7 0.14 8479.65263549473
-741.04 -517.81 0.08 8062.651440081095
-542.8 -204.1 0.05 7590.7124485207805
-391.22 -157.21 0.15 8521.0867196418
-451.25 -164.18 0.09 8163.061168435763
-501.01 -274.65 0.1 8248.726177042834
-743.54 -267.48 0.13 8432.84808810432
-808.71 -547.55 0.08 8062.651440724952
-406.45 -209.52 0.15 8521.0867196418
-771.16 -326.86 0.06 7787.408595561984
-848.94 -520.24 0.1 8246.989770944794
-678.89 -567.07 0.09 9511.250160631169
-623.46 -495.72 0.07 9187.655307413092
-428.54 -356.36 0.05 8693.211757720466
-479.2 -567.47 0.12 9831.78342527283
-140.56 -140.05 0.06 8969.385331196841
-637.98 -759.51 0.07 9187.655730948976
-217.75 -200.36 0.05 8693.191083839109
-330.95 -328.86 0.05 8693.246039071351
-743.55 -581.55 0.11 9740.410760261053
-322.68 -309.48 0.14 9982.085361179603
-447.09 -404.32 0.05 8693.316053307944
-516.56 -660.38 0.14 9982.085361179605
-241.47 -228.49 0.11 9756.708132424614
-376.81 -443.8 0.11 9740.410760261087
-247.56 -300.63 0.09 9511.25014465309
-573.64 -432.32 0.11 9740.41076026105
-756.76 -602.61 0.12 9831.783425272826
-205.27 -151.68 0.06 8969.838963775304
-373.0 -488.91 0.13 9911.651669056839
-705.32 -550.91 0.07 9187.656876294232
-343.11 -436.83 0.07 9187.653298548013
-578.06 -603.74 0.1 9634.798196757398
-529.63 -652.11 0.1 9634.798196757325
-131.49 -149.59 0.12 9831.783425272832
-289.84 -239.98 0.13 9911.651669056839
-637.4 -726.92 0.15 10044.680850099723
-465.6 -435.5 0.09 9511.250144453117
-450.65 -558.91 0.05 8692.803408261801
-370.01 -327.69 0.12 9831.783425272839
-518.96 -614.19 0.07 9189.176599209479
-219.82 -260.89 0.07 9187.655781650486
-512.95 -424.67 0.09 9511.250144192518
-500.99 -549.5 0.12 9831.783425272832
-708.18 -606.12 0.05 8693.383068271012
-638.37 -633.8 0.11 9740.410760261053
-590.14 -631.33 0.1 9634.79819675754
-616.27 -617.65 0.11 9740.410760261057
-464.83 -570.26 0.1 9634.798196757314
-686.54 -548.52 0.12 9831.783425272839
-420.17 -390.59 0.05 8692.585128744593
-544.35 -554.63 0.06 8969.47534932414
-245.42 -588.89 0.09 6881.610754739262
-546.07 -829.33 0.14 7228.65038654637
-244.17 -637.93 0.09 6881.610756679398
-236.97 -422.59 0.07 6659.455386814844
-541.27 -769.37 0.05 6284.758658653518
-212.8 -523.09 0.11 7050.117563033328
-301.44 -666.25 0.13 7176.5097063947405
-419.65 -699.15 0.12 7117.499293188196
-406.34 -850.26 0.11 7050.117563033328
-343.39 -670.04 0.09 6881.610756695209
-378.31 -810.14 0.09 6881.6107567063245
-109.06 -159.69 0.08 6774.102901525172
-136.94 -241.76 0.11 7050.117562224454
-259.93 -360.98 0.11 7050.117563033328
-337.97 -767.09 0.09 6881.610756683844
-326.78 -594.71 0.1 6972.380650665992
-133.25 -226.27 0.09 6881.610756685156
-418.97 -620.67 0.08 6828.124601965454
-415.77 -781.73 0.06 6485.2357848720485
-516.84 -774.31 0.13 7176.5097063947405
-170.62 -461.3 0.13 7176.5097063947405
-233.8 -683.72 0.08 6774.109565322354
-410.2 -634.49 0.13 7176.5097063947405
-360.4 -902.21 0.07 6644.58335385912
-319.94 -933.81 0.1 6972.3806506661
-259.11 -709.42 0.05 6283.7428583140245
-311.97 -627.97 0.13 7176.5097063947405
-271.12 -473.64 0.14 7228.65038654637
-106.74 -204.09 0.1 6972.380650665854
-245.16 -625.05 0.1 6972.380650665805
-148.35 -392.94 0.13 7176.5097063947405
-198.43 -361.43 0.1 6972.380650666
-95.86 -189.71 0.08 6774.721071913862
-135.74 -397.83 0.1 6972.380650666064
-354.74 -625.71 0.13 7176.5097063947405
-410.58 -612.96 0.13 7176.5097063947405
-375.38 -561.96 0.13 7176.5097063947405
-119.45 -301.42 0.06 6485.306421728288
-47.59 -190.75 0.06 8971.98188325046
-145.92 -513.54 0.13 9891.546065285454
-46.71 -615.71 0.11 9724.288261323663
-292.32 -921.32 0.05 8703.152367070506
-167.63 -720.27 0.1 9621.167352686894
-100.64 -756.91 0.14 9960.355185702763
-1.5 -342.4 0.06 8972.542017119142
-123.64 -433.73 0.07 9184.868330950068
-138.83 -470.25 0.05 8702.578496225535
-97.6 -484.69 0.07 9186.117811815457
-102.79 -986.63 0.08 9357.519997336756
-168.78 -719.71 0.12 9813.528091500002
-117.37 -531.51 0.13 9891.546065285453
-23.43 -919.69 0.1 9621.167352684366
-94.78 -584.42 0.1 9621.16735268689
-94.58 -732.52 0.13 9891.546065285453
-49.47 -393.3 0.08 9357.571573877342
-21.62 -205.56 0.08 9357.519969892892
-11.99 -873.43 0.1 9621.167352686753
-23.57 -329.41 0.07 9184.867411225192
-48.14 -285.12 0.05 8702.502060208812
-154.53 -835.42 0.06 8971.991167319631
-79.69 -317.63 0.12 9813.528091500002
-110.11 -349.3 0.08 9357.531372731464
-130.41 -907.03 0.07 9184.86731636826
-110.33 -492.37 0.1 9621.167352684035
-56.63 -676.61 0.09 9500.57277041867
-193.72 -633.93 0.06 8972.2696274366
-22.63 -368.26 0.15 10021.508734583203
-70.46 -496.18 0.11 9724.28826132365
-218.28 -808.7 0.07 9186.394332689513
-78.49 -462.85 0.06 8972.034568885974
-59.22 -377.97 0.14 9960.355185702763
-57.7 -851.77 0.06 8971.976233143563
-123.21 -935.72 0.05 8702.887944531009
-69.38 -355.79 0.06 8972.136063960572
-117.88 -520.98 0.08 9357.519971792735
-53.71 -778.75 0.1 9621.167352665761
-3.93 -283.95 0.13 9891.546065285453
-10.88 -149.18 0.09 9500.572770355342
-186.34 -964.98 0.13 9891.546065285456
-88.87 -427.84 0.1 9621.167352687095
58.34 -653.18 0.06 3419.9500035681554
164.66 -644.05 0.14 3442.337674600616
195.93 -616.62 0.14 3442.337674600616
51.82 -205.12 0.05 3443.2876313890356
127.75 -593.13 0.15 3456.8843787018245
105.41 -326.31 0.05 3442.710780900338
77.09 -777.94 0.09 4716.658669901333
38.19 -695.51 0.06 3419.771961369299
135.75 -973.67 0.06 3337.497407604369
130.75 -940.05 0.07 3410.571023348251
87.61 -972.78 0.06 3419.903820144874
54.34 -973.69 0.06 3419.912835643548
260.42 -871.38 0.12 3421.134476439523
161.02 -555.63 0.1 3409.541827141144
69.87 -749.54 0.13 3430.4745432402246
80.54 -856.51 0.09 3407.1638750686147
147.01 -500.66 0.09 3407.163859240138
233.87 -816.75 0.13 3430.474543240225
131.75 -827.81 0.07 3410.552449525793
95.98 -905.46 0.09 3407.1639131469115
132.46 -790.1 0.09 3407.1638585809374
83.22 -293.63 0.14 3442.337674600616
99.88 -344.14 0.05 3443.289353243492
101.62 -839.78 0.08 3407.231505127223
20.15 -863.08 0.12 3421.1344764393066
53.88 -854.42 0.05 3445.824076155235
26.21 -256.97 0.07 3410.562508125232
239.81 -744.97 0.07 3410.5723865005125
42.18 -651.1 0.14 3442.337674600616
91.11 -653.72 0.11 3414.1890151622306
16.11 -450.22 0.1 3409.541826905894
242.15 -931.44 0.14 3442.337674600616
130.47 -570.8 0.14 3442.337674600616
64.01 -700.44 0.09 3407.1639470840914
148.59 -610.23 0.06 3419.796069295241
95.14 -319.65 0.08 3407.231107624798
32.0 -297.48 0.13 3430.474543240225
25.08 -310.28 0.12 3421.1344764392634
186.18 -843.5 0.07 3410.550955033238
59.01 -454.86 0.11 7049.5010811172315
86.5 -760.0 0.08 3407.2312558739955
11.33 -153.32 0.1 3409.5418269110287
89.3 -471.17 0.08 3407.232874616029
65.09 -564.85 0.07 3410.5658056365005
7.98 -236.26 0.11 3414.189015157771
43.79 -760.66 0.1 944.3203820342897
149.73 -813.41 0.14 -73.58570154276595
480.9 -861.19 0.14 24710.13233587006
342.47 -870.74 0.05 20788.70882338955
504.31 -805.42 0.13 24479.753047636477
333.22 -767.97 0.05 20755.537629055532
386.41 -572.26 0.07 22225.002766102843
140.27 -256.39 0.07 22223.959351279987
280.43 -501.64 0.14 24710.13886309897
244.31 -596.91 0.1 23593.053352159786
317.43 -557.85 0.1 23594.852152635
94.46 -273.73 0.13 24480.185540597635
246.38 -605.25 0.08 22761.91100087695
233.83 -681.75 0.08 22754.13522302951
277.16 -719.8 0.1 23594.00829200875
145.24 -279.33 0.11 23927.956621884827
307.9 -750.86 0.09 23205.880147608717
509.1 -755.51 0.11 23928.211296285062
173.68 -394.7 0.11 23928.06960855497
154.97 -422.83 0.13 24480.00261445599
374.43 -682.23 0.07 22226.798614104482
456.41 -632.79 0.13 24480.25761902969
137.96 -412.47 0.07 22229.795247624766
258.68 -479.49 0.11 23927.988645292506
51.25 -102.39 0.09 23205.741564451182
400.65 -881.73 0.09 23205.907202995382
146.99 -414.48 0.1 23593.043010435926
464.78 -724.31 0.13 24479.816712805754
474.41 -749.2 0.06 21577.048914279443
307.96 -703.78 0.12 24221.175076406023
499.47 -774.57 0.09 23205.67984945933
282.71 -752.44 0.12 24221.18702680071
244.16 -377.7 0.07 22225.862490551044
516.79 -777.04 0.13 24480.19923019345
258.75 -502.54 0.12 24221.05339511252
192.26 -584.9 0.06 21564.144224877713
297.83 -793.93 0.15 24916.318521162662
252.52 -445.76 0.06 21564.230675251827
312.48 -760.73 0.06 21563.977408265477
416.15 -477.51 0.12 6123.365658742748
486.32 -652.3 0.05 6250.87095591419
609.37 -549.73 0.1 6142.271505458504
308.36 -358.82 0.09 6154.777526519152
579.04 -506.4 0.07 6190.775383068651
434.37 -587.34 0.14 6109.650866228525
521.69 -422.26 0.09 6154.793179026403
482.03 -605.93 0.06 6222.23636172224
407.0 -359.81 0.12 6123.365645727013
650.12 -557.8 0.11 6131.982493977119
373.79 -362.13 0.08 6170.4015660025825
440.28 -418.86 0.09 6154.795718842763
653.63 -549.38 0.13 6116.016142603376
511.02 -374.46 0.12 6123.365581562934
576.74 -524.31 0.11 6131.98216212831
604.39 -618.68 0.07 6190.463462318905
552.73 -533.13 0.1 6142.264688480348
427.01 -315.66 0.07 6190.486293229312
151.48 -205.23 0.11 6131.98375968237
410.52 -410.07 0.06 6216.411076480219
307.63 -421.38 0.06 6219.479992106069
687.05 -516.86 0.09 6154.7744696727095
367.04 -381.88 0.06 6216.874478192047
628.47 -726.59 0.11 6131.982806338992
312.55 -262.64 0.05 6264.561924805968
646.68 -539.7 0.09 6154.830045772161
617.7 -562.4 0.11 6131.9824213645
325.63 -240.23 0.1 6142.264619300932
310.77 -263.38 0.14 6109.650866238173
316.91 -432.03 0.06 6222.4186757284315
674.06 -512.84 0.09 6154.782600975783
455.68 -582.15 0.08 6170.429677553566
429.16 -583.47 0.14 6109.650866241583
488.07 -590.14 0.06 6219.274146362409
295.3 -260.05 0.06 6216.407030598912
558.52 -421.75 0.11 6131.982508709554
458.7 -520.02 0.11 6131.982856838726
265.96 -352.05 0.07 6190.5833375790235
694.6 -578.72 0.05 6265.144878885201
526.82 -399.05 0.1 6142.266156762098
447.6 -611.03 0.12 6123.365822355752
177.24 -170.79 0.09 6154.794062311192
481.61 -662.44 0.13 6116.016165495339
606.69 -519.47 0.13 6116.016144511339
597.64 -781.62 0.12 6123.365636702157
533.4 -578.4 0.11 6131.982577207781
163.46 -216.99 0.08 6170.560535782958
695.47 -564.3 0.08 6170.386620368161
473.93 -295.66 0.06 9485.18612789562
821.22 -466.54 0.12 10317.673192003635
857.78 -298.74 0.1 10132.567454548365
312.43 -102.26 0.13 10391.256453302125
822.66 -500.87 0.07 9700.798534867467
171.57 -123.3 0.11 10232.376608336188
867.7 -310.32 0.07 9700.090875541984
425.3 -245.69 0.06 9485.138602316334
79.08 -41.91 0.11 10232.3766083362
375.73 -228.6 0.13 10391.256453302158
621.89 -395.23 0.07 9700.091216118895
553.73 -201.08 0.1 10132.5674545484
874.89 -367.79 0.06 9485.066205377085
213.89 -100.56 0.12 10317.673192003609
57.53 -38.5 0.1 10132.567454548422
592.77 -338.93 0.09 10014.463350852677
449.94 -281.77 0.09 10014.463350854669
851.03 -402.98 0.11 10232.376608336213
584.01 -296.78 0.15 10511.278633988426
621.89 -285.48 0.06 9485.065813705114
695.67 -293.17 0.1 10132.567454548327
877.11 -301.46 0.11 10232.376608334465
121.63 -43.54 0.11 10232.376608336188
672.22 -231.64 0.11 10232.376608336186
224.12 -125.88 0.08 9872.813901740496
624.81 -416.97 0.1 10132.567454548353
77.27 -42.77 0.05 9210.349790141147
866.95 -329.26 0.11 10232.376608336197
148.87 -91.35 0.08 9872.813872629298
359.72 -183.42 0.15 10511.278633988433
868.69 -366.76 0.08 9872.813869390386
383.97 -174.52 0.08 9872.813872709878
500.11 -234.33 0.09 10014.463350847302
632.08 -379.23 0.06 9485.059633814144
130.25 -48.68 0.14 10455.245968896854
582.64 -402.51 0.06 9485.072543680464
588.56 -370.26 0.05 9210.554014384606
347.5 -193.8 0.11 10232.376608336192
773.51 -341.12 0.08 9872.813929241724
782.72 -300.83 0.13 10391.256453302165
987.41 -51.99 0.06 4144.101595000642
643.49 -146.44 0.11 4373.3870349309
656.19 -146.75 0.08 4265.590311382519
471.61 -49.52 0.14 4436.830498806139
918.23 -46.91 0.07 4211.89644057503
565.89 -21.85 0.11 4373.3870349309
374.27 -46.62 0.08 4265.590323798024
934.28 -83.3 0.1 4344.074773592871
728.01 -68.11 0.05 4058.3042877790504
971.48 -104.34 0.08 4265.590327392421
923.3 -37.25 0.1 4344.132182846906
85.94 -19.99 0.14 4436.830498806139
756.68 -166.16 0.07 4212.416544727598
744.54 -32.69 0.06 4144.124520847897
888.18 -198.66 0.08 4265.590309092438
133.15 -0.32 0.09 4308.8313241823635
978.97 -62.87 0.1 4344.074773592918
762.83 -156.88 0.07 4211.917978508396
782.74 -214.67 0.11 4373.387034960053
909.15 -240.43 0.1 4344.074802164259
315.59 -67.01 0.07 4211.917595224446
867.25 -0.01 0.12 4398.023965452983
989.13 -109.92 0.1 4344.074773592869
386.44 -8.55 0.1 4344.074773592882
172.03 -5.54 0.11 4375.276676888978
862.19 -79.09 0.06 4144.132302425067
594.43 -33.86 0.11 4373.3870349309
737.02 -179.25 0.1 4344.074773592933
622.63 -157.97 0.13 4418.9382753637565
659.37 -180.85 0.1 4344.074773592893
734.9 -204.26 0.11 4373.3870349309
513.5 -100.1 0.05 4057.8931847518193
976.18 -105.3 0.15 4452.228854505046
600.22 -152.02 0.13 4418.9382753637565
534.06 -160.79 0.11 4373.3870349309
724.38 -126.48 0.13 4418.9382753637565
650.51 -192.04 0.14 4436.830498806139
256.04 -29.94 0.14 4436.830498806139
549.64 -146.96 0.14 4436.830498806139
292.35 -79.6 0.08 4265.590309625493
971.36 -100.21 0.05 4057.719008641042
