0.0 0.0
499.95 97.77 0.18 -9581.507700879778
519.35 117.0 0.13 -5471.186279611987
168.14 344.47 0.11 -5294.273953691029
301.01 554.37 0.27 -15083.217504515756
258.79 627.38 0.16 -8915.259904477778
428.66 290.59 0.18 -9146.988805736848
184.18 289.04 0.3 -20263.36679038192
357.29 519.58 0.12 -5127.777419824566
242.79 631.0 0.14 -2872762.620960169
345.34 885.37 0.13 25680750.73166941
638.41 422.14 0.07 1543.3603789499325
332.8 69.98 0.29 -18743.800075742696
821.19 180.13 0.12 -4713.542764824566
942.38 268.89 0.26 -18668.63749027528
886.74 357.88 0.15 -9054.633475280707
595.19 199.24 0.07 -901.6624967309981
821.35 278.22 0.24 -16853.473930649132
289.8 752.83 0.05 5870.829904571162
736.82 308.35 0.2 -10115.788134374276
474.27 535.37 0.11 -11.166101854444605
384.69 304.3 0.11 -861.9861727532502
473.01 301.57 0.23 -11913.875488819891
389.95 801.35 0.08 -1044.0878716360708
193.93 530.45 0.1 512.2296919737269
895.35 175.64 0.21 -9446.926637267112
606.89 253.83 0.11 -2043.5940142824336
62.8 96.93 0.19 -8699.968927668619
921.14 126.91 0.21 -13862.1090558261
354.19 511.47 0.24 -17897.03331364913
477.9 51.33 0.12 -745.7890115604414
428.74 327.03 0.18 -10150.117903245995
496.79 548.0 0.15 -6831.094699961737
711.94 270.5 0.23 -13311.792563199226
657.14 300.56 0.1 -3491.953356731776
347.39 633.6 0.17 -9154.015614918138
747.46 314.22 0.08 2934.9769255761057
543.22 162.32 0.18 -10024.128877736846
536.83 533.12 0.11 -3748.4858800058514
184.56 30.07 0.12 -3801.034667760776
773.42 407.41 0.3 -22129.104699561416
220.77 512.61 0.05 5757.033912340584
211.63 53.79 0.29 -17863.798150147748
543.96 801.23 0.15 -6128.739397913943
241.25 91.3 0.25 -18574.28018846785
255.4 646.85 0.22 -12651.399733516831
860.75 254.29 0.15 -3552.2221273847376
387.18 542.15 0.07 1960.1635246398546
365.25 781.8 0.23 -16223.869949087319
982.77 18.58 0.13 -1830.0052126432793
551.41 478.72 0.14 -7958.949962607259
515.1 252.67 0.13 -2424.3175265534906
128.58 201.1 0.14 -3264.1806594007467
703.66 273.84 0.19 -7548.458886474664
685.6 206.47 0.08 -591.6121537158829
9.52 19.57 0.05 5394.184866039423
753.78 241.39 0.06 3453.874807180906
582.48 797.88 0.21 -12434.915944432854
573.54 28.82 0.15 -3835.325680513213
159.04 73.84 0.21 -9557.25383119299
514.42 443.09 0.11 -2528.564926474711
546.56 583.67 0.27 -15519.756447105274
765.46 296.67 0.26 -19165.617330286557
163.18 182.39 0.27 -15267.572563105274
493.37 437.03 0.15 -4442.181489089136
325.44 461.89 0.22 -11669.458792364092
765.36 253.25 0.23 210828481.71839732
447.94 578.7 0.05 5655.50565353983
562.14 767.47 0.1 -2505.464692927791
937.78 58.77 0.16 -9672.529078598132
12.16 2.87 0.29 -22696.920066742696
545.05 732.7 0.13 -5081.05622564328
482.49 573.55 0.09 221.90264266247732
98.88 128.2 0.27 -17693.201763625635
292.7 48.28 0.27 -20105.03099647793
253.49 216.83 0.3 -18336.735943561413
123.18 201.54 0.28 -20473.70525594228
299.69 613.64 0.25 -15240.798645235274
758.08 79.72 0.1 -2789.2705583603642
469.33 121.09 0.07 3119.616604369059
640.87 306.57 0.17 -8920.185684051281
191.78 18.64 0.22 -13195.246942011703
468.5 575.37 0.27 -18112.188416105273
267.78 675.04 0.28 -20488.3578323897
559.23 162.57 0.06 4191.642186108319
187.13 54.74 0.21 -10571.442511997593
827.42 35.83 0.12 -1495.7295078001866
797.08 481.4 0.25 23404571.632908244
203.33 275.55 0.19 -10105.207630797673
197.42 329.83 0.13 -2798.786897780588
481.24 488.22 0.27 -9879600.504540607
919.96 234.02 0.06 -661.5577057610027
600.94 318.58 0.08 199.41848623604187
554.64 831.46 0.05 4447.984136284665
742.61 361.33 0.09 -2040.84519680709
644.06 421.99 0.27 -18140.49578032258
914.56 99.38 0.22 -15294.373278698567
446.5 313.78 0.29 -22857.765328742695
297.74 329.25 0.18 -11153.813855721477
657.04 546.15 0.1 687.3719348318027
831.38 504.05 0.24 -15506.32957966959
477.86 293.82 0.15 -5761.195149706073
637.22 283.57 0.23 -11149.501916330479
460.48 402.5 0.19 -10512.022344598203
214.22 490.14 0.11 -471.32868530693986
720.78 11.94 0.22 -13744.330866632696
672.48 559.24 0.14 -4175.315790072988
531.5 246.73 0.12 -5075.21328021111
819.32 331.7 0.06 111.60989382967887
234.86 50.72 0.07 1986.9743872754298
548.25 77.85 0.17 -6596.2467455035185
293.13 316.02 0.09 750.9155653592707
140.25 304.4 0.18 -11225.57112054633
559.3 258.98 0.27 -20036.970463250163
606.91 634.5 0.16 -6265.714964220364
666.55 386.41 0.09 -778.6860382510017
662.44 441.73 0.24 -17181.17391874054
654.67 752.71 0.23 -12614.635992830417
358.48 831.73 0.12 -4320.749460214753
559.16 126.6 0.17 -10397.828127195859
595.04 332.28 0.22 -11203.82862241937
942.1 96.67 0.17 -8741.670977918136
708.62 680.61 0.11 -1196.6830116361577
550.78 435.07 0.09 2055.2610557602843
679.11 346.26 0.1 -2809.3597191427866
743.65 653.75 0.13 -5773.001056440802
311.08 260.9 0.18 -10162.861612997462
222.97 260.46 0.08 2932.32470512701
726.87 62.38 0.05 3206.433405389409
408.47 171.43 0.11 -2021.4251728227773
545.05 801.81 0.16 -5692.6020474805
726.2 52.0 0.21 -11182.575830192989
224.35 229.86 0.07 3817.17020986645
351.23 336.68 0.23 -15052.396345830417
109.2 36.11 0.07 2069.9458926102366
172.34 160.0 0.14 -8203.789216461995
352.76 905.54 0.26 -19584.56625228656
115.17 131.58 0.12 -5502.339665251907
412.17 521.97 0.15 -8602.25107591652
931.4 321.33 0.14 -3580.885691840846
558.16 38.39 0.18 -11403.41000882465
304.83 368.4 0.17 -7551.281775592143
464.12 89.91 0.12 -1201.4297096401442
526.6 839.49 0.18 -8367.785157147315
79.08 197.1 0.25 -18602.43691146785
929.38 70.38 0.18 -10068.576138384877
215.56 122.8 0.27 -19487.564067105275
746.16 116.06 0.21 -13625.027143815021
345.23 168.18 0.07 2408.16193715588
687.99 90.71 0.3 -23007.241508561412
791.83 80.06 0.2 -11455.192290374274
607.86 444.67 0.17 -2941576.298527271
835.03 114.44 0.15 -1848746.1290071663
464.26 635.23 0.2 -2891415.013006418
894.02 186.84 0.15 -1067623.9059978684
244.1 610.51 0.19 -2078902.3831203014
568.52 753.16 0.26 -5341845.422854341
319.47 571.03 0.27 -5222670.528850653
543.66 567.32 0.1 -911043.734860431
711.38 68.75 0.17 -4679229.297852786
398.76 481.08 0.16 -1387281.5567268904
419.18 291.58 0.19 -1948489.2933340454
150.92 239.08 0.24 -13966.83196869355
162.42 248.13 0.16 -8178.832288099422
553.29 787.88 0.28 -16279.395232547817
887.09 294.89 0.23 -16356.96970808063
738.13 434.84 0.15 -7514.4068136803435
631.74 437.4 0.17 -8596.792536918138
886.88 454.23 0.29 -20508.34587043029
635.01 405.26 0.16 -9303.692562141225
474.05 290.98 0.28 -16459.61012692399
740.65 86.75 0.21 -14205.399334870128
596.0 166.41 0.28 -17623.199078816146
413.29 38.65 0.2 -11405.76046530719
260.76 77.77 0.06 3798.164438544587
684.21 188.91 0.2 -13008.405951374276
461.43 258.17 0.26 -18152.51714946995
638.06 250.32 0.21 -10260.160729167896
324.15 751.54 0.17 -10110.314020445108
855.14 190.61 0.28 -19792.44757392399
612.41 228.74 0.25 -15699.525144848756
522.67 595.33 0.25 -17312.878814467847
683.76 333.04 0.27 -20426.563071105273
370.78 563.94 0.16 -5420.333487373417
281.87 92.0 0.19 -8660.981968555561
388.36 894.07 0.1 -2046.4570439477634
222.86 139.27 0.12 -4826.610939696924
460.11 598.7 0.24 -15663.913846608924
927.8 3.39 0.22 -14069.492703001284
355.19 250.25 0.11 -2403.095402163183
676.72 124.06 0.11 -4169.530664293425
581.61 120.44 0.13 -2515.8230028014773
812.72 143.13 0.24 -12653.266650600626
696.01 610.82 0.15 -3571.6040997448604
315.42 835.14 0.25 -16015.396533971327
789.02 504.07 0.19 -11810.9495678422
282.07 530.06 0.29 -19336.23136285082
622.75 78.34 0.27 -19753.648670105275
135.77 52.69 0.18 -7457.009461736847
483.52 258.39 0.2 -8609.918558374276
508.45 183.55 0.18 -11200.338296736849
633.15 82.89 0.11 -4849.667089005852
11.96 590.13 0.24 -13794.906110471225
77.56 822.23 0.17 -5409.249281832393
66.92 862.61 0.09 -26947.02373523449
-310.42 574.67 0.26 -14341.190125921112
-352.51 399.41 0.06 -21570.311869670833
-265.54 590.88 0.09 -19589.163951861534
-51.86 770.63 0.29 -17606.317440742696
-254.81 804.38 0.07 -20049.678278392497
-394.14 601.0 0.06 -10068.093962191178
55.62 859.53 0.08 -68875.07116427679
119.58 735.75 0.23 -13892.32554965707
-491.68 525.78 0.08 -13329.683995865516
-378.43 623.28 0.29 -19837.400693742697
-463.2 583.17 0.23 20369.865093257296
4.43 838.92 0.29 -19198.214605742698
-422.07 326.88 0.07 -57624.5905973488
11.78 742.67 0.18 15483.296981294123
-199.97 814.75 0.11 -142157.58890714514
-222.72 219.7 0.25 -150.55286578072992
-203.06 482.3 0.11 133731.10081665363
270.28 958.77 0.29 651846614.8960446
-366.2 321.62 0.15 67911.46518228295
-17.82 810.37 0.25 -15697.942561467846
-72.55 385.59 0.24 -12929.358505665608
-167.1 341.64 0.13 1361636.1679279064
50.91 591.73 0.3 -20833.035614561413
-601.18 580.41 0.25 -13752.903531174787
30.47 824.72 0.09 752.3802790352884
-280.12 455.21 0.13 -3767.517052674593
-24.22 500.23 0.22 -14282.480924011703
-436.1 730.18 0.08 1209.1939979545543
-444.49 687.0 0.13 -3056.7241155081924
99.53 634.83 0.14 -7830.2431724619955
-310.98 568.93 0.08 2603.5953137359447
-654.4 625.67 0.24 -14503.255589649132
-123.67 770.19 0.07 1642.1339654235653
-362.05 423.44 0.07 1964.8850562603548
-500.34 434.94 0.26 -14506.445939286557
-745.43 626.05 0.21 -10408.431814192989
39.24 782.85 0.23 833976072.5555702
-450.32 621.97 0.27 -19358.439577750294
-228.73 487.75 0.24 -15504.778577429908
139.15 673.56 0.3 -21199.598377745107
-56.4 315.08 0.16 -8713.992168654215
42.59 959.86 0.07 1428.632533926787
-568.9 716.71 0.11 -1752.7133839987105
107.59 436.16 0.07 2407.1200166091967
-192.27 356.94 0.1 717.9785248128619
-312.13 308.34 0.21 -9640.78144534772
-664.13 492.15 0.22 -13595.609298016916
-98.91 412.45 0.25 -15419.114818467846
-244.25 905.0 0.26 -16581.764788436813
-249.2 709.08 0.07 2273.3337849849677
-25.15 345.08 0.12 -1763.9234013065466
-510.63 616.33 0.16 -5672.605757099422
-375.63 612.88 0.09 -1486.6641247584125
-624.61 747.84 0.27 -18129.898223105272
-187.16 477.31 0.25 -18680.563358467843
-116.95 730.9 0.24 -16849.666448469052
-482.82 865.57 0.28 -20577.24593192399
-247.32 965.86 0.28 -18957.722359242427
-442.55 532.09 0.25 -13568.794533520831
205.42 948.31 0.29 -21074.774919378193
-714.0 695.29 0.27 -18456.37434912808
289.65 916.57 0.19 -12444.746484756579
-613.14 571.51 0.29 -19223.43276735353
-334.26 244.38 0.27 -16251.4441166206
-572.77 713.8 0.12 -5240.870940540424
51.55 794.87 0.06 2078.2830948820647
-389.46 607.56 0.07 707.331629250717
-282.24 314.39 0.21 -10794.08950519299
-79.94 926.89 0.14 -3064.6627766565307
8.98 765.83 0.2 -12816.767770374276
-40.98 375.83 0.06 2561.40758217076
-230.4 800.12 0.3 -18276.982884317436
-231.88 263.46 0.19 -12408.003446555562
59.15 287.21 0.1 -1037.5092757840207
70.2 784.04 0.25 -16279.841094467845
236.37 835.74 0.27 -18263.587521935035
-9.63 591.42 0.11 -2020.117164942269
-144.22 633.63 0.11 -20748432.784661964
56.91 837.99 0.22 -10458.939572916843
-53.27 401.99 0.29 -21689.742476742696
-168.35 794.25 0.27 -20075.25064627556
-89.3 455.54 0.09 -2863.6000058852733
-0.98 736.24 0.15 -8775.197128327869
-254.57 335.46 0.22 -10079.061884341058
-247.36 500.71 0.27 -17216.839173105272
3.06 588.58 0.29 -19484.4536347427
-109.14 217.47 0.27 -19507.80871233306
-372.32 843.22 0.28 -19457.785261923993
-68.03 584.77 0.26 -17855.156651286557
-700.39 599.6 0.25 -14988.12342301159
-204.45 868.45 0.24 -13652.847346649132
60.42 555.89 0.15 -6269.110794280708
-359.8 451.79 0.13 -6498.44178164328
158.89 713.0 0.28 -18870.72164992399
-276.21 492.96 0.16 -4541.74249920267
-435.86 536.46 0.29 -18752.74288809494
-187.58 751.84 0.23 -12320.746028830417
-74.4 756.96 0.23 -12421.86465604279
-294.65 695.97 0.17 -6179.461267822659
175.7 712.81 0.3 -20459.564723707394
159.03 806.58 0.16 -8138.114086343643
-241.4 822.55 0.2 -8948.352867332964
-66.35 900.63 0.27 -14961.556833781058
-218.8 964.48 0.12 -3661.114817314278
-357.21 641.03 0.28 -20479.97186136964
23.04 614.14 0.19 -8392.950036016577
44.7 572.64 0.17 -7881.709056918138
158.7 777.42 0.14 -6916.541972902576
115.94 832.16 0.2 -11706.848640928692
241.85 779.09 0.16 -6508.45027809123
-238.64 958.76 0.25 -14910.851901358355
-246.14 243.2 0.16 -5868.071566972876
-230.62 367.4 0.18 -8627.567282175158
-258.44 780.9 0.25 -15206.976647119225
-206.03 264.56 0.14 -4570.542668461996
-318.07 520.89 0.29 -20727.28996856008
-278.1 779.54 0.27 -20561.382614105274
-164.03 906.2 0.27 -20258.299824105274
-542.29 654.72 0.1 -3746.2435780837527
5.17 889.58 0.21 -9474.62568861261
125.2 428.43 0.22 -15264.957441514027
56.18 945.21 0.26 -17685.700355286557
-398.45 859.94 0.11 -4694.430916068796
80.11 835.49 0.14 -2931.100158824349
209.48 771.75 0.19 -11407.096006555563
-345.02 501.23 0.11 -1775.7975541675328
-204.64 433.22 0.15 -5739.463067119954
212.76 762.2 0.1 348.99867384158733
-397.92 348.52 0.08 -2118.3977857441287
132.31 972.57 0.14 -5472.860573938091
-34.51 569.35 0.11 -3540.985767225517
-283.06 547.67 0.09 -3146.104459035698
49.35 304.34 0.3 -23597.578685561413
34.49 694.61 0.24 -14751.339167981248
-655.27 651.68 0.14 -7949.3627382816485
-455.1 419.36 0.25 -15886.51156126803
-355.67 284.7 0.15 -5870.628727220912
-482.79 541.97 0.29 -21627.79512639998
-109.06 239.74 0.16 -4959.357631099421
-115.45 903.24 0.06 60.18791500009638
-283.76 715.99 0.22 -12252.680477141432
-227.23 554.3 0.27 -20919.061079105275
94.01 991.86 0.25 -16845208.235336043
-472.09 622.71 0.28 -63072400.81649396
-312.73 477.24 0.24 -12721.625877120508
-113.92 644.43 0.19 -12127.338199555561
-368.92 611.97 0.11 -3325.9234808892456
-201.57 725.32 0.11 -4181.689247097496
-239.44 486.95 0.28 -19260.841715180155
-252.47 291.79 0.09 -3045.837520483158
-27.26 397.85 0.23 -11108.698928067985
-618.66 539.65 0.21 -10388.578888308275
-115.78 484.26 0.24 -15009.75102764913
246.25 862.41 0.16 -7826.288303711415
-102.13 549.42 0.19 -9089.548193555562
-31.28 711.34 0.25 -13706.443932511116
-200.99 978.94 0.11 -5.537408082728689
-342.74 436.66 0.15 -5014.608044563067
-166.48 407.92 0.18 -8055.667231426301
233.39 886.02 0.29 -18949.8281532075
-6.8 222.77 0.08 -2069.423945549711
-315.96 758.53 0.2 -10782.282351800603
-314.32 479.64 0.3 -18562.328219485415
191.6 773.06 0.13 -3248.6966563345645
4.95 341.7 0.23 -16064.524902998883
133.72 721.68 0.11 -2667.598617488106
86.8 388.86 0.16 -7203.549072666545
-359.32 571.83 0.2 -12513.073165102142
-349.01 325.6 0.11 -4803.373391005852
-182.22 865.35 0.19 -12384.413714555561
-300.87 333.03 0.06 1389.4804046798047
-36.53 606.33 0.26 -14037.020973818911
-318.41 525.08 0.15 -6955.13879822769
-212.26 682.94 0.27 -19237.739834114516
-135.68 616.73 0.13 -6466.447858164251
-138.94 228.28 0.24 -12210.871197474902
-311.94 480.99 0.16 -4990.509633225956
103.81 874.74 0.16 -5567.907450655677
-171.85 500.36 0.21 -12757.426154739216
-12.02 743.21 0.12 -664.3434579642408
-375.89 879.21 0.3 -22018.70191022272
-557.28 647.53 0.22 -13710.89384915704
-389.72 747.99 0.14 -3490.0962612221656
-60.8 717.06 0.17 -5698.015396606977
-261.26 873.64 0.12 -1619.2755535931874
-202.18 949.24 0.2 -9531.237695648204
-5.34 98.07 0.29 -19374.297800209795
20.69 748.27 0.18 -7922.982032213553
-714.96 680.97 0.2 -11796.533993885281
238.94 838.08 0.16 -8609.86297152761
-240.71 506.39 0.27 -18357.352814611135
-95.19 630.31 0.08 -1164.7878487247322
-10.55 916.83 0.26 -17203.56090928656
-419.84 888.85 0.18 -11742.824647736848
133.27 875.04 0.23 -15589.352588830418
-138.85 776.66 0.27 -15343.368394105273
-94.29 360.79 0.24 -16924.94919864913
-536.28 758.43 0.25 -18660.445746467845
-285.74 518.47 0.19 -12323.820485555561
25.19 927.13 0.25 -14562.539394467845
-46.79 149.57 0.26 -19127.70199628656
-823.88 -294.32 0.18 -6536.322296147443
-625.74 325.85 0.25 -15736.272358467846
-854.14 275.86 0.3 -21173.277341561414
-604.83 -311.94 0.26 -17050.52000928656
-158.51 46.54 0.23 -13919.343706227493
-532.91 169.88 0.15 -8494.019681934993
-498.72 336.11 0.14 -2927.4349440441683
-884.26 151.42 0.13 -10339794.346909486
-375.2 -189.02 0.11 -16143550.257732183
-979.04 36.59 0.27 2309518.4537692503
-806.8 -60.62 0.25 2419349.112545541
-244.06 48.26 0.15 8954807.984644288
-824.68 288.08 0.08 -425618.7550702571
-416.07 -140.83 0.18 5039795.4341945285
-421.43 250.75 0.26 2221159.2873031124
-585.3 -238.82 0.24 2566962.581290035
-824.62 361.4 0.13 52568014.984768435
-435.16 -130.54 0.09 47053087.73680187
-707.8 115.29 0.19 -9030.497561255816
-739.53 465.93 0.17 -7770.079622825823
-131.66 71.36 0.13 -5730.69935764328
-749.72 529.12 0.08 -1663.24200330522
-728.02 -213.61 0.28 -16686.90192792399
-670.6 109.16 0.19 -10765.226316592825
-513.81 91.98 0.21 -14345.738880813904
-542.49 179.09 0.22 -15529.172021011702
-871.39 -157.14 0.06 16848.026800382544
-683.02 470.5 0.29 -20737.4413997981
-549.09 -230.81 0.12 -4207.969022824565
-736.64 485.94 0.2 -9995.504578692413
-354.27 -166.8 0.11 -4676.4513813804715
-755.95 -28.29 0.17 -7252.956845666072
-444.67 78.72 0.28 -17454.044396993217
-253.45 -160.56 0.17 -5699.695683769093
-524.88 -2.76 0.12 -2271.1462995836923
-894.07 364.65 0.3 3838832.8698030943
-939.97 73.75 0.29 -17331.521064742697
-72.01 -2.54 0.27 -15809.145642105274
-201.7 -28.47 0.2 -9930.715770629971
-60.41 -27.85 0.27 -17914.98189278327
-757.09 271.5 0.14 22003.149583280407
-404.86 -257.6 0.23 -11395.610299330816
-124.18 26.27 0.13 -6967.817412853369
-559.77 -2.48 0.22 -10298.458025500257
-426.38 192.42 0.11 -2580.79240732886
-778.88 77.58 0.15 -7363.621792016509
-756.49 266.73 0.06 2183.0303504105814
-674.64 469.71 0.08 -2121.9975800427246
-831.87 243.02 0.21 -11180.854039688746
-880.82 -176.68 0.24 -15596.952070866668
-766.64 18.07 0.15 -7915.624190527013
-713.13 -39.9 0.18 -9714.093976163798
-437.24 -190.73 0.1 -3269.6121131871378
-733.3 288.09 0.22 -13217.813396926675
-238.19 133.75 0.28 -20096.461196923992
-131.34 55.5 0.1 764.9287100387928
-474.28 317.28 0.23 -15386.822949983965
-356.44 167.24 0.09 -959.1703622737982
-418.09 -217.99 0.27 -16429.967199258375
-672.89 -278.19 0.15 -7388.8042074349705
-264.04 103.56 0.11 -2176.414976281723
-276.3 -131.11 0.15 -7867.474438954883
-179.14 11.31 0.07 15210.229635118318
-749.55 283.11 0.23 -11036.272012033638
-478.47 -118.83 0.06 13480.751365774684
-700.23 92.69 0.26 -17320.489924286558
-774.33 -224.21 0.11 -2087.9061701030355
-594.04 -57.71 0.2 -9836.644562783224
-595.45 -149.67 0.3 -20458.297037632234
-860.2 -310.39 0.05 12431.737350490119
-264.81 40.89 0.19 -11228.43818055556
-31.72 16.64 0.22 -10514.039374011703
-725.51 351.41 0.11 -1591.082334549324
-618.8 -131.8 0.09 -1197.9197576645943
-825.59 -297.67 0.27 -15142.30255787406
-706.42 466.7 0.08 14965.904518598043
-832.16 -32.58 0.12 -3604.046938230455
-72.19 -17.59 0.18 -10016.178648994803
-807.68 412.44 0.09 -380.3161607520374
-150.67 63.07 0.21 -11913.972134288297
-329.7 181.01 0.23 -12530.009366830418
-421.72 -169.79 0.19 -12030.43693953986
-839.23 -3.11 0.29 -20775.3848277427
-835.07 280.42 0.22 -15043.04344613829
-791.4 -313.27 0.29 6355259.756999293
-572.19 412.18 0.12 -1818.340721824567
-812.45 524.65 0.26 -15474.003153286558
-784.33 76.14 0.22 -15050.695007011702
-417.8 -153.15 0.28 -17299.20067692399
-470.2 131.89 0.11 17981.667144996147
-867.09 184.46 0.21 -10993.83320519299
-569.53 392.11 0.07 1220.0619673626124
-528.89 -123.31 0.14 -6133.64537315
-829.2 -170.73 0.13 -1668.0840571190429
-370.77 -71.49 0.27 -15914.789457238187
-680.08 -285.64 0.15 -7610.660601280708
-916.15 370.93 0.11 -1405.9541494086702
-848.2 -30.52 0.06 13502.601624745119
-650.56 208.17 0.21 -12095.314353960588
-113.36 -24.45 0.26 -17069.796244836245
-212.08 134.05 0.3 -20632.749403561415
-237.08 49.16 0.15 47833.3529850388
-311.32 98.85 0.22 -14497.122204011703
-869.59 0.48 0.22 -12638.62291265986
-471.89 188.45 0.12 19085.446998454976
-454.82 -9.14 0.11 -3848.0835857559946
-551.02 155.05 0.13 -17737618.72816294
-895.87 285.16 0.22 -15280.179200011702
-407.48 22.97 0.12 -677.0847284253605
-496.45 211.38 0.18 -8380.79994414635
-456.12 -239.97 0.25 -15016.414434880842
-451.89 83.03 0.24 -14089.396720101486
-475.81 222.86 0.25 -16684.921793815025
-491.8 149.47 0.18 -9325.36921571536
-502.95 -300.83 0.27 -19077.605107875923
-551.25 170.97 0.21 -13747.86337719299
-670.01 -486.61 0.13 43833.15748227334
-839.39 -239.18 0.13 -6078.268665521136
-793.78 -570.89 0.3 -23687.112282561415
-372.85 -66.71 0.09 -3122.0004012458853
-132.77 -52.11 0.29 -21087.56006234752
-577.65 -318.97 0.29 -18272.31113907781
-775.8 -14.49 0.16 -9803.458284053895
-403.46 -51.08 0.16 -8010.4735540994225
-321.17 95.58 0.23 -14539.743443326159
-481.06 -249.93 0.3 -19001.04686126314
-520.94 60.99 0.15 -7177.961625018951
-149.49 -42.89 0.18 -8226.904113130193
-554.3 -370.6 0.16 -4755.541523607661
-601.95 -99.96 0.14 -5650.970856461995
-631.68 -136.31 0.11 -3129.290471929357
-933.13 157.02 0.17 -8273.166409153722
-911.59 -373.5 0.07 15683.729122934827
-589.59 -214.37 0.1 -942.2684280446442
-657.69 -284.28 0.29 -21833.508129700105
-954.01 -99.59 0.21 -14467.33755019299
-621.33 -331.17 0.2 -9946.883843959202
-481.18 -168.38 0.11 -2199.0526311631297
-527.49 -231.09 0.11 -5119.011630482808
-667.7 -478.11 0.17 -8031.662105380302
-830.05 -192.04 0.21 -14048.63316019299
-214.15 -74.65 0.2 -8887.492976442954
-475.32 238.72 0.27 -20922.32596210527
-849.39 -65.6 0.14 -4932.839294455267
-12.77 7.49 0.19 -10896.930457271246
-322.16 126.71 0.28 -18426.30005692399
-120.43 -86.18 0.3 -22647.402625665556
-515.5 159.99 0.05 460.1599954938424
-618.56 -162.63 0.1 -3908.80646567075
-724.89 304.16 0.22 -12677.06877178346
-220.13 -53.35 0.11 -4941.013213685204
-692.47 -476.2 0.2 -10439.847891645222
-613.83 -69.35 0.18 -8884.216693114107
-291.31 -201.77 0.08 1136.71305860274
-831.24 136.5 0.09 -2202.5573135990894
-557.23 -80.01 0.11 22077.026657542076
-759.7 -150.62 0.12 26394.632534379878
-444.7 -42.39 0.23 -14022.762943190903
-924.64 107.3 0.25 -17448.444380366083
-743.2 5.55 0.13 -3796.096560027419
-897.8 -10.18 0.21 -10981.131041623772
-466.14 87.28 0.23 -14605.925362830418
-753.57 -45.47 0.1 19458.409244570623
-731.32 337.55 0.1 -2610.2017695485433
-422.86 -108.03 0.16 -7000.797274099421
-840.74 -35.05 0.16 -7943.478615333801
-200.62 63.15 0.06 13304.532782459975
-365.96 0.09 0.1 16534.552182020445
-619.67 -278.87 0.22 -11052.463269897864
-371.0 53.98 0.12 -4479.652243485003
-643.6 31.85 0.09 -2189.309460328313
-720.81 405.65 0.05 12469.922096137365
-969.56 31.82 0.12 -5315.330991824566
-628.58 -44.69 0.27 -20693.736292105274
-310.05 52.69 0.06 13238.895601337643
-569.42 -187.14 0.1 873.4446346150662
-722.6 330.76 0.08 -203.91356406915884
-479.22 -38.17 0.06 15446.950498046293
-857.95 332.04 0.18 -10428.873351736847
-733.37 305.43 0.2 -10728.997105191494
-385.46 111.04 0.2 -10603.401118362679
-199.15 54.39 0.14 -4265.548561265266
-697.18 -9.68 0.15 -8574.968992280707
-442.96 166.33 0.12 -5557.257382824566
-877.41 -228.19 0.1 731.8867942159823
-917.79 65.03 0.09 -577.0828213881337
-692.33 -104.57 0.18 -11189.488569364705
-773.69 -279.28 0.24 -12865.972978675498
-317.36 -210.3 0.1 -2380.4037077418757
-708.26 -205.29 0.08 -1452.1559891567645
-756.43 -485.33 0.12 -4607.9886948607345
-795.7 245.83 0.23 -11280.949512739571
-681.61 -159.94 0.23 -16148.133887144679
-360.04 -105.99 0.23 -15036.824572170848
-794.32 -139.15 0.14 -4727.649885921619
-866.94 249.91 0.23 -12713.755464679378
-391.2 275.67 0.21 -13972.558324383115
-842.91 -295.04 0.27 -16222.647846342948
-388.54 -152.0 0.25 -17957.289781467844
-913.23 -107.02 0.21 -11543.77198219299
-648.68 80.1 0.25 -18045.222750467845
-810.88 382.9 0.3 -18287.313167561413
-712.48 -460.39 0.2 -13442.371654374278
-905.5 -120.03 0.24 -15711.347160649133
-596.21 -320.04 0.19 -13210.619992555563
-235.71 -282.41 0.22 -11642.315536533493
76.0 -748.51 0.13 -3560.4710784288304
-199.71 -272.76 0.1 -2397.4188668302636
67.5 -796.69 0.17 -10134.657267918137
17.75 -729.13 0.21 -14151.834746910708
-237.32 -469.75 0.07 -6563178.292482015
-296.1 -951.15 0.1 -55466955.16200625
-85.58 -668.79 0.1 -61704828.54241801
-145.36 -963.63 0.18 43545106.33420468
-113.9 -157.19 0.13 -72978627.58246219
-104.76 -278.76 0.29 3262203739.122277
-97.57 -706.66 0.22 20053134.756485842
145.82 -711.73 0.21 10046270.806008846
-37.39 -741.14 0.1 -61106341.405308284
16.0 -364.07 0.14 -1570992652.709502
83.68 -815.84 0.28 10122251.07881413
-666.69 -594.29 0.17 13224666.391026365
87.34 -492.5 0.11 -24514988.234944995
-255.38 -955.92 0.22 10556091.442527512
-201.71 -439.72 0.08 -15518748.694650438
-55.43 -314.9 0.23 14316178.629335068
48.96 -589.17 0.23 9723427.26381724
-289.71 -685.22 0.27 12015727.752443496
-434.62 -677.51 0.14 -132865781.74318035
29.78 -782.57 0.2 20523278.36514761
-86.7 -829.04 0.22 11434270.408701707
-132.45 -109.76 0.25 15082629.1467809
-365.63 -860.82 0.19 22389534.433657847
-74.39 -568.5 0.27 10271563.363189958
-152.98 -918.46 0.24 9716698.0254409
300.04 -928.88 0.13 -406433577.02679527
76.79 -987.58 0.21 18099747.206225157
89.41 -806.77 0.23 9234787.051289283
-269.85 -942.41 0.1 -13836803.024630032
-217.13 -296.38 0.07 -17946047.145075154
173.29 -971.88 0.24 9944102.623931723
184.23 -830.46 0.11 5026391314.820107
-461.45 -670.2 0.06 3233.5902312989347
-95.4 -394.26 0.24 -13562.908999586292
-20.34 -531.39 0.3 -20208.588423561414
-594.47 -685.74 0.16 -6967.406126904349
-494.15 -696.39 0.21 -11751.38970963657
-481.01 -669.97 0.15 -7663.734502982541
-86.96 -327.09 0.23 -13934.823847018915
-13.54 -793.03 0.25 -16117.988355639647
36.6 -596.49 0.17 -8457.090318554896
-204.65 -781.37 0.06 4006.0338763249383
-199.35 -855.67 0.12 -2284.6224668245654
-20.34 -395.84 0.25 -16345.606902586971
102.86 -572.47 0.1 -3305.2218724271897
-156.39 -562.82 0.25 -13739.061671334333
8.61 -560.7 0.13 -1529.386187588886
-355.74 -900.99 0.23 -13233.726333830418
-424.09 -562.14 0.07 4182.091256282313
-414.92 -646.86 0.29 -17141.54931221135
-180.36 -644.46 0.11 -2447.5242930058516
-190.89 -797.8 0.06 2341.029957709983
146.06 -458.6 0.19 -9638.547775343366
-38.19 -970.71 0.25 -17698.099173467846
-432.31 -889.63 0.05 4294.371564287754
-295.78 -791.75 0.13 -7071.74357864328
41.52 -390.59 0.18 -8464.048097087869
-590.59 -558.17 0.16 -9363.524328562427
-8.68 -369.95 0.08 -1697.538382492016
-72.91 -445.21 0.11 -3513.3752110058517
-63.89 -675.54 0.23 -12647.714385887746
-488.18 -420.64 0.11 -4630.538158676178
10.28 -639.78 0.15 -8314.917260312717
112.23 -346.8 0.12 -2350.284408820114
35.0 -894.75 0.16 -9596.07650598088
-62.55 -625.26 0.07 1301.7837204888583
-688.52 -582.06 0.28 -18542.30275497418
-72.1 -193.62 0.21 -10607.534978012704
-101.08 -863.62 0.06 3154.6447090938127
90.43 -395.16 0.1 -333.1970029591348
-58.71 -725.95 0.1 376.75552768173384
-83.67 -202.27 0.21 -10919.855462058229
-89.37 -301.56 0.21 -10898.67720498312
-13.71 -599.95 0.14 -7630.3271775609865
-269.27 -599.91 0.06 797.2302850388489
-524.81 -627.73 0.16 -9547.060408099422
138.63 -616.35 0.19 -7649.259225555561
112.69 -600.24 0.09 -732.251415899434
-726.7 -612.95 0.06 621.854030484071
-690.88 -573.27 0.13 -2267.8916353472846
-84.66 -320.74 0.11 -4428.754549360449
-339.88 -709.79 0.25 -18387.131867467848
-493.2 -442.64 0.18 -9382.825919427563
149.8 -756.82 0.07 2182.8299244783684
-32.27 -703.02 0.11 -629.5997016515712
-135.28 -231.39 0.05 2390.5614452342043
-128.53 -695.52 0.29 -20368.00386803648
-282.59 -317.64 0.24 -15391.504817715111
4.21 -689.06 0.19 -7155.417653523264
-296.13 -766.67 0.2 -11231.539522374274
-235.04 -858.63 0.24 -13465.433910835261
-157.45 -429.56 0.07 -562.4901392515358
-441.49 -886.97 0.19 -11955.361698555562
-445.17 -406.45 0.12 -2264.454811333549
111.97 -560.76 0.21 -11258.786364894826
-493.68 -663.74 0.22 -14137.202224011704
-516.51 -656.03 0.26 -14209.854162813444
-65.01 -639.71 0.08 -596.2724768200419
-279.87 -420.79 0.23 -11755.902706830417
-38.97 -684.41 0.19 -11864.569530600871
-737.07 -565.25 0.26 -19499.86815228656
-3.48 -111.09 0.29 -22794.712295742695
-748.5 -607.56 0.06 2272.174682087716
145.45 -940.5 0.14 -7667.547270867895
11.84 -426.83 0.11 -2156.5568231077173
50.75 -841.77 0.14 -4966.272281245871
-279.1 -254.88 0.06 -448.9136466492787
-538.31 -456.93 0.14 -4749.978047261786
-338.22 -630.65 0.26 -16924.448085134532
-612.12 -677.96 0.21 -14234.667442503507
-324.5 -781.33 0.15 -4350.615613829579
224.07 -911.76 0.15 -6133.678970477598
-238.68 -847.68 0.22 -14597.470498612227
-384.5 -364.3 0.19 -12339.121666421106
24.69 -580.13 0.19 -7571.559215173485
-259.57 -754.45 0.25 -15703.194040465334
-344.51 -628.66 0.13 -4634.486181439468
-576.73 -636.22 0.19 -8249.44769919127
-556.08 -488.58 0.17 -7958.532834918138
-427.34 -472.45 0.18 -8431.745261803102
-100.98 -804.46 0.09 -819.9183967463637
-230.96 -938.74 0.18 -10015.876662828676
-574.66 -790.05 0.08 1056.9046164559124
-518.9 -565.59 0.2 -12502.694583110611
141.16 -844.58 0.14 -7317.0095802197375
-84.44 -729.64 0.06 673.0222186062058
110.92 -564.89 0.1 -1282.065669230214
-96.92 -986.6 0.06 -225.4094743477176
-86.17 -334.12 0.11 -8760994.987572834
-54.51 -54.69 0.19 -9609.563296608863
232.14 -923.38 0.09 -2666.362949368424
-420.05 -367.68 0.3 -20921.112432882193
44.25 -694.28 0.28 -16856.86413350382
-76.3 -520.09 0.1 -4067.5222662325773
81.02 -843.9 0.09 2013.1671270771126
-463.56 -741.21 0.21 -13419.4043859953
36.17 -364.56 0.26 -14454.65247828656
-172.13 -300.67 0.07 -491.74644273803915
-401.74 -862.6 0.1 -1157.180076701719
-232.15 -706.13 0.25 -16222.12024041009
-495.69 -514.34 0.3 -20272.673543561414
-330.54 -528.77 0.28 -18784.21137592399
15.23 -114.39 0.1 1199.2239142330354
-464.95 -350.43 0.28 -18891.85148473224
-606.53 -670.52 0.11 -3576.864547307258
-298.48 -672.69 0.13 -4533.8574876432795
-312.85 -331.18 0.15 -8166.402380280708
-313.41 -855.12 0.11 -4103.965640202807
-650.21 -690.32 0.13 -3816.749167006527
-174.8 -264.93 0.21 -12843.767273433099
13.13 -51.87 0.29 -18157.63715132711
-514.47 -591.68 0.06 3694.942731176143
-65.88 -518.73 0.16 -6480.969891099421
203.77 -852.04 0.14 -6420.8309394619955
-70.67 -54.2 0.16 -4747.472234144494
-173.46 -769.26 0.12 -1253.1205491434166
-45.54 -466.7 0.07 1011.8302839051785
-435.08 -845.39 0.25 -13123.773707417333
-135.29 -792.32 0.18 -7562.216111399028
-221.95 -464.49 0.15 -4181.481852294624
-25.16 -405.6 0.17 -7165.943424689614
-212.26 -533.24 0.24 -15093.84172632076
-313.7 -865.56 0.25 -14952.63870897317
-0.39 -731.06 0.11 -4801.34981517967
80.51 -850.52 0.08 -1647.073812655312
168.96 -739.09 0.28 -20428.63799835205
231.19 -814.24 0.18 -10939.685412616145
-90.22 -976.44 0.12 -1195.6185644442276
-169.78 -913.28 0.19 -10405.877930947348
-435.23 -426.72 0.11 -3787.470816651055
-530.69 -511.87 0.2 -11328.71062996756
-365.35 -275.33 0.26 -17820.47164028656
139.27 -673.1 0.16 -8248.216989099423
217.82 -832.27 0.14 -4551.475360461995
55.37 -380.51 0.25 -13724.258142467845
-2.78 -205.41 0.25 -18426.344074467845
33.63 -780.42 0.13 -2342.295578643279
67.22 -615.78 0.18 -9699.629565736846
720.97 -31.77 0.19 -11312.423701568607
476.41 -528.08 0.08 48192996.26293773
488.85 -175.77 0.18 -7472.946256736848
943.42 -116.47 0.15 -6212.731897508722
704.24 -85.41 0.18 -9629.766063768653
920.05 -369.38 0.26 -16708.215960958816
728.43 -350.24 0.16 -6794.92879908545
386.4 -878.44 0.28 -17937.04157692399
311.64 -743.41 0.15 -3850.4935286069544
515.66 -406.1 0.09 1510.5342411207466
405.43 -15.13 0.09 159.65339617956943
546.27 -239.34 0.26 -14426.27720428656
594.41 -138.17 0.15 -6848.710952265195
494.0 -816.67 0.27 -20514.715948105273
113.74 -307.23 0.08 2597.341872582301
770.45 -358.36 0.11 -4775.9847747083
795.84 -377.24 0.05 5853.764067707843
367.16 -279.45 0.25 -17406.316158467846
397.07 -314.48 0.07 3762.5575976769387
657.13 -112.55 0.27 -15392.25799431559
382.36 -803.49 0.18 -6716.940307736848
900.53 -223.72 0.08 1034.8739428759911
243.92 -646.68 0.19 -9228.494382966352
675.55 -208.86 0.17 -10076.569126037688
260.18 -768.38 0.23 -12952.548111383616
423.41 -38.12 0.09 -1942.2284958485548
346.1 -691.57 0.16 -9626.178667099422
559.95 -624.97 0.07 3783.0145160100246
791.95 -188.31 0.2 -10538.723366573628
195.5 -175.39 0.24 -13567.174729324373
750.67 -305.03 0.13 -1766.3545045039782
613.04 -568.41 0.29 -20267.690960681106
327.56 -845.71 0.18 -9768.780202736849
688.74 -134.18 0.2 -9400.611370611143
804.49 -307.6 0.23 -14749.2606414156
396.5 -67.35 0.23 -13356.96463533983
305.19 -593.2 0.26 -17837.562783286558
597.13 -628.19 0.05 385.02845831698914
415.73 -77.31 0.12 -3605.972945824566
576.8 -393.0 0.12 -1550.1752421980336
299.79 -432.7 0.23 -15884.824960830418
624.35 -192.4 0.18 -9545.290531806128
328.28 -619.83 0.13 -6932.730616004823
813.94 -297.31 0.18 -10867.34977153729
757.09 -115.01 0.18 -7951.545904736848
797.63 -444.38 0.08 -815.3178535497113
823.53 -3.04 0.06 3328.337277119953
817.47 -193.45 0.29 2039702.0411860985
318.64 -565.11 0.3 3175229.0971350074
340.98 -434.75 0.28 -18469.385325612297
280.06 -22.57 0.29 -20305.373086666514
805.74 -286.31 0.28 -17401.00708092399
786.5 -206.46 0.23 -13532.199655578183
128.97 -102.89 0.07 745.4203352489612
718.23 -39.45 0.24 -13272.853011219642
707.2 -456.45 0.2 -9281.862625536538
421.91 -579.99 0.2 -9836.151535374276
271.77 -74.57 0.13 -3001.214895643279
289.5 -122.87 0.27 -17927.29695060993
684.1 -351.5 0.29 -18486.573817742697
374.7 -769.7 0.25 2868908.4343832065
836.25 -315.56 0.16 -6120.631609259492
658.11 -487.02 0.27 6719905599.790618
555.68 -622.19 0.26 -16991.879333286557
695.97 -303.6 0.11 158.71423481837974
869.18 -260.52 0.19 -12745.749478555561
316.45 -293.65 0.26 -14539.312628052958
277.12 -373.99 0.23 -12083.5207293842
370.75 -898.89 0.21 -13537.570574360741
382.89 -910.2 0.19 -10671.023107138488
342.61 -431.63 0.28 -16843.579233061348
791.29 -157.38 0.18 -8383.374781292892
740.73 -114.49 0.26 -14813.811302286558
458.25 -367.31 0.25 -13324.494487151562
256.87 -280.51 0.14 -3220.8289827457875
837.08 -138.58 0.13 -4398.76691464328
796.83 -248.61 0.15 156891340.96713373
411.43 -201.36 0.07 205.31328147080148
339.34 -56.61 0.2 -9861.662071663271
986.26 -64.61 0.18 -7894.554852435609
449.19 -519.19 0.17 -10799.375233752548
969.17 -199.19 0.21 -9258.464613440548
372.41 -709.63 0.07 -822.6601837309981
343.66 -308.89 0.21 -13226.126235917214
708.17 -74.1 0.27 -20131.828543474607
992.15 -81.07 0.05 1406.9057411923861
273.56 -319.28 0.15 -8324.197876473077
702.46 -7.97 0.07 -15.24917386218931
54.97 -71.0 0.08 1648.1910832702945
953.85 -254.82 0.25 -16995.352435467845
219.33 -266.32 0.26 -15168.373723766701
623.77 -453.39 0.28 -20544.92418507406
170.58 -411.58 0.2 -9458.213010301057
858.66 -394.42 0.15 -8649.52650637278
468.36 -393.19 0.06 -508.92041059292706
75.65 -224.8 0.1 844.9265918128613
771.56 -472.11 0.29 -21713.815682742697
823.37 -543.55 0.1 -1592834.7154706016
677.69 -542.93 0.15 -22513859.94877635
569.29 -707.8 0.1 -2555177.945923996
961.28 -94.76 0.19 -17820234.58572045
451.36 -649.79 0.19 -45030287.25530918
154.5 -464.63 0.2 -9115.221949395453
477.3 -454.23 0.07 2173.1080115897694
432.31 -346.35 0.26 -18098.981301319196
830.5 -373.42 0.26 -19767.44641728656
694.24 -183.33 0.24 -16504.103191074675
314.6 -607.66 0.19 -10280.168186555562
953.58 -213.89 0.26 -17687.674863164935
965.29 -224.17 0.26 -18595.022377650843
480.54 -269.84 0.19 -10001.76701993724
586.82 -598.0 0.12 -2916.570243317949
208.21 -190.4 0.05 5384.385578356619
810.86 -225.71 0.09 1232.746918052654
504.9 -288.95 0.12 -5362.3352568245655
269.19 -222.04 0.13 -6984.67410764328
414.67 -90.02 0.12 -2938.551981127823
581.91 -55.41 0.19 -9939.425651338577
338.77 -646.12 0.09 1358.5710718450837
650.41 -744.57 0.21 -9400.72850482705
160.84 -275.25 0.29 -20051.45689068722
879.05 -476.15 0.27 -19884.670344105274
619.85 -189.79 0.19 -11979.804217401124
134.2 -191.41 0.12 -1696.4551448114698
372.5 -822.47 0.27 -17261.135166346125
314.24 -28.06 0.28 -19434.81927292399
619.0 -333.83 0.18 -6603.507209736848
697.09 -246.46 0.25 -18120.605646467848
520.12 -397.65 0.26 -19735.12678228656
415.79 -686.12 0.14 -5615.295065461995
567.3 -386.54 0.11 113.93964974906612
601.05 -618.48 0.17 -8771.037537918139
478.95 -272.09 0.29 -22524.047453742696
839.89 -52.41 0.2 -11313.941881043771
483.63 -396.79 0.13 -6475.721476521796
421.27 -292.01 0.08 -1451.8330216676864
897.13 -359.08 0.23 -16278.082476830417
403.75 -876.31 0.29 -18223.311004297884
214.59 -127.77 0.23 -15753.062739946101
666.88 -498.58 0.24 -17183.16849864913
301.99 -1.18 0.13 -1974.9431466432789
360.37 -310.97 0.1 -3512.6559761011104
495.13 -619.85 0.19 -9574.569987555562
720.65 -619.49 0.2 -9501.598017316537
553.6 -715.6 0.24 -12600.9514570566
814.72 -15.28 0.26 -14885.975247615668
435.7 -535.43 0.2 -12930.611931303029
499.35 -663.48 0.11 -4436.621599459253
667.29 -5.2 0.22 -13161.067687977567
581.35 -593.31 0.22 -13428.910019011702
571.83 -19.83 0.06 3421.7574705208044
655.96 -76.69 0.07 2899.321686523902
716.28 -455.68 0.22 -14504.12153629326
453.28 -708.21 0.24 -16334.661425952112
690.82 -165.43 0.21 -11710.607199622404
139.1 -289.89 0.23 -12255.57794275037
594.04 -195.14 0.19 -7864.0754417894705
691.75 -226.93 0.17 -8031.785857808944
182.13 -484.94 0.17 -9479.282609792612
266.47 -172.54 0.15 -6987.724278709116
704.13 -521.44 0.17 -5749.803264966009
488.75 -393.43 0.08 2613.1882022562677
218.87 -566.68 0.12 -4783.896599293303
368.3 -547.15 0.05 -13624337.133974288
617.14 -769.38 0.12 -5342.924856209522
58.0 -102.15 0.23 -14849.155300830418
463.27 -291.38 0.21 -13228.142572984061
155.31 -178.79 0.11 -1227.3221451986933
731.07 -529.2 0.16 -8732.281225099421
565.03 -619.83 0.18 -11685.170043119477
862.46 -49.61 0.15 -5308.538969734631
522.22 -772.09 0.15 -5908.099601492717
676.05 -312.35 0.12 -4511.029660869726
663.64 -448.87 0.29 -17824.67485473851
83.82 -134.3 0.11 -490.5543509087138
604.74 -560.8 0.15 -3712.260040660593
564.27 -135.14 0.08 614.9419989263927
214.49 -309.57 0.25 -15619.252336018
867.34 -225.59 0.28 -18510.99395622585
620.72 -503.47 0.15 -4866.02951626243
114.07 -219.99 0.26 -19142.70110979142
424.76 -882.86 0.21 -12551.620221520623
16.82 -23.45 0.09 -3081.2978743684234
675.31 -636.88 0.14 -4168.572979461995
428.04 -812.26 0.1 -82.37982714754526
284.86 -704.25 0.17 -7163.171976933129
252.92 -262.04 0.1 -816.92102850727
873.41 -144.03 0.15 -6403.679755354029
424.22 -45.99 0.14 -2671.1239034207574
579.0 -805.56 0.17 -7083.997474863289
486.37 -622.45 0.2 -11538.12304734633
392.35 -784.75 0.11 -422.0381763632422
381.88 -291.59 0.24 -14209.878641659507
22.07 -67.79 0.28 -17083.84959357843
542.76 -510.37 0.1 -4346.567812540501
858.77 -408.16 0.11 -3025.368507972805
113.52 -89.21 0.14 -2588.431198750316
923.55 -244.65 0.06 851.035730771084
503.12 -541.16 0.15 -5293.748120586479
795.11 -292.88 0.17 -7936.128175928887
657.04 -643.56 0.1 -3614.875611137464
508.11 -423.07 0.15 -5266.199462757177
909.12 -53.28 0.06 587.584067337863
675.93 -325.97 0.27 -19247.955392105272
298.36 -771.25 0.17 -6102.6063799181375
866.95 -231.78 0.19 -11633.92002055556
319.33 -936.18 0.15 -7258.6200412807075
