0.0 0.0
683.76 333.04 0.27 -26943.42602813159
831.38 504.05 0.24 -21299.096652581873
234.86 50.72 0.07 3947900.7584415358
662.44 441.73 0.24 -22973.940991652824
765.36 253.25 0.23 210823052.5602643
128.58 201.1 0.14 -6643.2947852662455
352.76 905.54 0.26 -25860.0639146082
633.15 82.89 0.11 -7504.685330757315
387.18 542.15 0.07 270.60646170710515
696.01 610.82 0.15 -7192.083520315037
711.94 270.5 0.23 -18863.19434140683
612.41 228.74 0.25 -21733.657512465717
267.78 675.04 0.28 -27246.5860841207
315.42 835.14 0.25 -22049.528901588288
461.43 258.17 0.26 -24428.01481179159
638.41 422.14 0.07 -146.19668398281692
773.42 407.41 0.3 -29370.06354070177
726.87 62.38 0.05 1999.6069318660168
220.77 512.61 0.05 4550.207438817191
819.32 331.7 0.06 -1336.5818743983918
447.94 578.7 0.05 4448.679180016437
600.94 318.58 0.08 -1731.5038714013858
311.08 260.9 0.18 -14507.436917681673
135.77 52.69 0.18 -11801.58476642106
703.66 273.84 0.19 -12134.399485863554
726.2 52.0 0.21 -16251.247018991236
543.96 801.23 0.15 -9749.21881848412
384.69 304.3 0.11 -3517.004414504713
919.96 234.02 0.06 -2109.7494739890735
545.05 801.81 0.16 -9554.446762755355
666.55 386.41 0.09 -2950.9736905931077
345.23 168.18 0.07 718.6048742231305
657.14 300.56 0.1 -5905.606303778561
345.34 885.37 0.13 25678180.218299963
684.21 188.91 0.2 -17835.711845467846
895.35 175.64 0.21 -14515.59782606536
595.04 332.28 0.22 -16513.865105922298
937.78 58.77 0.16 -13534.373793872988
550.78 435.07 0.09 -117.02659658182165
140.25 304.4 0.18 -15570.146425230541
211.63 53.79 0.29 -24863.39169658342
428.74 327.03 0.18 -14494.693207930206
855.14 190.61 0.28 -26550.675825654987
559.23 162.57 0.06 2743.450417880248
150.92 239.08 0.24 -19759.599041605834
253.49 216.83 0.3 -25577.694784701765
551.41 478.72 0.14 -11338.064088472758
606.91 634.5 0.16 -10127.55967949522
929.38 70.38 0.18 -14413.151443069088
758.08 79.72 0.1 -5202.923505407149
736.82 308.35 0.2 -14943.094028467844
522.67 595.33 0.25 -23347.01118208481
324.15 751.54 0.17 -14213.524030424644
914.56 99.38 0.22 -20604.409762201492
812.72 143.13 0.24 -18446.03372351291
413.29 38.65 0.2 -16233.06635940076
553.29 787.88 0.28 -23037.623484278814
214.22 490.14 0.11 -3126.346927058403
738.13 434.84 0.15 -11134.88623425052
301.01 554.37 0.27 -21600.080461542075
797.08 481.4 0.25 23399734.425845426
596.0 166.41 0.28 -24381.427330547143
543.22 162.32 0.18 -14368.704182421057
657.04 546.15 0.1 -1726.2810122149817
982.77 18.58 0.13 -4967.7540438041
224.35 229.86 0.07 2127.6131469337006
163.18 182.39 0.27 -21784.435520131592
483.52 258.39 0.2 -13437.224452467846
482.49 573.55 0.09 -1950.3850096796286
519.35 117.0 0.13 -8608.935110772807
197.42 329.83 0.13 -5936.535728941408
191.78 18.64 0.22 -18505.28342551463
531.5 246.73 0.12 -7971.596816667252
109.2 36.11 0.07 380.38882967748714
679.11 346.26 0.1 -5223.012666189571
304.83 368.4 0.17 -11654.491785571678
215.56 122.8 0.27 -26004.427024131593
351.23 336.68 0.23 -20603.79812403802
168.14 344.47 0.11 -7949.292195442493
499.95 97.77 0.18 -13926.083005563989
258.79 627.38 0.16 -12777.104619752634
428.66 290.59 0.18 -13491.564110421059
184.18 289.04 0.3 -27504.32563152227
357.29 519.58 0.12 -8024.160956280708
242.79 631.0 0.14 -2876141.7350860345
332.8 69.98 0.29 -25743.39362217837
821.19 180.13 0.12 -7609.926301280708
942.38 268.89 0.26 -24944.13515259692
886.74 357.88 0.15 -12675.112895850883
595.19 199.24 0.07 -2591.2195596637475
821.35 278.22 0.24 -22646.241003561416
289.8 752.83 0.05 4664.0034310477695
474.27 535.37 0.11 -2666.1843436059075
473.01 301.57 0.23 -17465.277267027494
389.95 801.35 0.08 -2975.010229273498
193.93 530.45 0.1 -1901.4232550730576
606.89 253.83 0.11 -4698.612256033896
62.8 96.93 0.19 -13285.909527057509
921.14 126.91 0.21 -18930.780244624348
354.19 511.47 0.24 -23689.800386561416
477.9 51.33 0.12 -3642.172548016583
496.79 548.0 0.15 -10451.574120531914
347.39 633.6 0.17 -13257.225624897674
747.46 314.22 0.08 1004.054567938678
536.83 533.12 0.11 -6403.504121757314
184.56 30.07 0.12 -6697.418204216918
241.25 91.3 0.25 -24608.41255608481
255.4 646.85 0.22 -17961.436217019756
860.75 254.29 0.15 -7172.7015479549145
365.25 781.8 0.23 -21775.271727294923
515.1 252.67 0.13 -5562.0663577143105
685.6 206.47 0.08 -2522.5345113533103
9.52 19.57 0.05 4187.35839251603
753.78 241.39 0.06 2005.6830389528352
582.48 797.88 0.21 -17503.5871332311
573.54 28.82 0.15 -7455.80510108339
159.04 73.84 0.21 -14625.925019991237
514.42 443.09 0.11 -5183.583168226174
546.56 583.67 0.27 -22036.61940413159
765.46 296.67 0.26 -25441.114992608196
493.37 437.03 0.15 -8062.660909659313
325.44 461.89 0.22 -16979.49527586702
562.14 767.47 0.1 -4919.1176399745755
12.16 2.87 0.29 -29696.51361317837
545.05 732.7 0.13 -8218.8050568041
98.88 128.2 0.27 -24210.064720651953
292.7 48.28 0.27 -26621.89395350425
123.18 201.54 0.28 -27231.93350767328
299.69 613.64 0.25 -21274.931012852234
469.33 121.09 0.07 1430.0595414363097
640.87 306.57 0.17 -13023.395694030816
468.5 575.37 0.27 -24629.05137313159
187.13 54.74 0.21 -15640.11370079584
827.42 35.83 0.12 -4392.113044256328
203.33 275.55 0.19 -14691.148230186564
481.24 488.22 0.27 -9886117.367497634
554.64 831.46 0.05 3241.157662761272
742.61 361.33 0.09 -4213.132849149196
644.06 421.99 0.27 -24657.3587373489
446.5 313.78 0.29 -29857.358875178368
297.74 329.25 0.18 -15498.389160405688
477.86 293.82 0.15 -9381.67457027625
637.22 283.57 0.23 -16700.903694538083
460.48 402.5 0.19 -15097.962943987093
720.78 11.94 0.22 -19054.36735013562
672.48 559.24 0.14 -7554.429915938487
548.25 77.85 0.17 -10699.456755483054
293.13 316.02 0.09 -1421.3720869828353
559.3 258.98 0.27 -26553.83342027648
654.67 752.71 0.23 -18166.03777103802
358.48 831.73 0.12 -7217.1329966708945
559.16 126.6 0.17 -14501.038137175394
942.1 96.67 0.17 -12844.880987897672
708.62 680.61 0.11 -3851.7012533876205
743.65 653.75 0.13 -8910.749887601622
222.97 260.46 0.08 1001.4023474895823
408.47 171.43 0.11 -4676.44341457424
172.34 160.0 0.14 -11582.903342327494
115.17 131.58 0.12 -8398.723201708048
412.17 521.97 0.15 -12222.730496486696
931.4 321.33 0.14 -6959.999817706344
558.16 38.39 0.18 -15747.985313508863
464.12 89.91 0.12 -4097.813246096286
526.6 839.49 0.18 -12712.360461831526
79.08 197.1 0.25 -24636.56927908481
746.16 116.06 0.21 -18693.69833261327
687.99 90.71 0.3 -30248.200349701765
791.83 80.06 0.2 -16282.498184467844
607.86 444.67 0.17 -2945679.5085372506
835.03 114.44 0.15 -1852366.6084277364
464.26 635.23 0.2 -2896242.3189005116
894.02 186.84 0.15 -1071244.3854184386
244.1 610.51 0.19 -2083488.3237196903
568.52 753.16 0.26 -5348120.920516662
319.47 571.03 0.27 -5229187.391807679
543.66 567.32 0.1 -913457.3878074778
711.38 68.75 0.17 -4683332.507862765
398.76 481.08 0.16 -1391143.4014421653
419.18 291.58 0.19 -1953075.2339334344
162.42 248.13 0.16 -12040.677003374278
887.09 294.89 0.23 -21908.371486288233
631.74 437.4 0.17 -12700.002546897671
886.88 454.23 0.29 -27507.939416865964
635.01 405.26 0.16 -13165.53727741608
474.05 290.98 0.28 -23217.83837865499
740.65 86.75 0.21 -19274.070523668375
260.76 77.77 0.06 2349.972670316516
638.06 250.32 0.21 -15328.831917966143
370.78 563.94 0.16 -9282.178202648272
281.87 92.0 0.19 -13246.922567944452
388.36 894.07 0.1 -4460.109990994548
222.86 139.27 0.12 -7722.994476153066
460.11 598.7 0.24 -21456.680919521208
927.8 3.39 0.22 -19379.52918650421
355.19 250.25 0.11 -5058.113643914646
676.72 124.06 0.11 -6824.548906044887
581.61 120.44 0.13 -5653.571833962297
789.02 504.07 0.19 -16396.89016723109
282.07 530.06 0.29 -26335.824909286493
622.75 78.34 0.27 -26270.511627131593
508.45 183.55 0.18 -15544.91360142106
-34.51 569.35 0.11 -6196.00400897698
-375.63 612.88 0.09 -3658.9517771005185
-249.2 709.08 0.07 455.93385905273414
-463.2 583.17 0.23 14771.583991382153
30.47 824.72 0.09 -1916.553165243543
-368.92 611.97 0.11 -5980.941722640709
-283.76 715.99 0.22 -17562.716960644357
-419.84 888.85 0.18 -16087.39995242106
-203.06 482.3 0.11 131072.66748673926
-102.13 549.42 0.19 -13675.488792944452
-113.92 644.43 0.19 -16713.27879894445
233.39 886.02 0.29 -25949.421699643175
-9.63 591.42 0.11 -4675.135406693732
-261.26 873.64 0.12 -4515.659090049328
-389.46 607.56 0.07 -1393.1069602635573
-536.28 758.43 0.25 -24694.578114084805
205.42 948.31 0.29 -28074.368465813866
289.65 916.57 0.19 -17030.68708414547
-359.8 451.79 0.13 -9636.1906128041
-254.57 335.46 0.22 -15389.098367843984
-398.45 859.94 0.11 -7349.44915782026
-572.77 713.8 0.12 -8137.254476996566
-450.32 621.97 0.27 -25875.302534776612
-138.85 776.66 0.27 -21860.23135113159
-397.92 348.52 0.08 -4049.3201433815566
39.24 782.85 0.23 833970521.152647
-206.03 264.56 0.14 -7949.656794327495
20.69 748.27 0.18 -12267.557336897764
-68.03 584.77 0.26 -24130.654313608196
-72.55 385.59 0.24 -18722.125578577892
-204.64 433.22 0.15 -9359.94248769013
-12.02 743.21 0.12 -3560.726994420382
-167.1 341.64 0.13 1358498.0227056155
-542.29 654.72 0.1 -6159.896525130537
-25.15 345.08 0.12 -4660.306937762688
-228.73 487.75 0.24 -21297.545650342192
-276.21 492.96 0.16 -8403.587214477526
51.55 794.87 0.06 510.22748313198986
-700.39 599.6 0.25 -21022.25579062855
-444.49 687.0 0.13 -6194.472946669012
-187.16 477.31 0.25 -24714.695726084807
56.91 837.99 0.22 -15768.976056419768
-312.13 308.34 0.21 -14709.452634145968
-362.05 423.44 0.07 127.41628790750858
11.96 590.13 0.24 -19587.673183383507
-442.55 532.09 0.25 -19602.92690113779
-389.72 747.99 0.14 -6869.2103870876645
-500.34 434.94 0.26 -20781.943601608196
270.28 958.77 0.29 651839615.3006511
-200.99 978.94 0.11 -2660.5556498341916
-89.3 455.54 0.09 -5035.887658227379
-109.06 239.74 0.16 -8821.202346374277
-95.19 630.31 0.08 -3095.7102063621596
115.94 832.16 0.2 -16534.154535022262
-355.67 284.7 0.15 -9491.108147791088
-123.67 770.19 0.07 -224.40591727015783
-74.4 756.96 0.23 -17973.266434250392
-282.24 314.39 0.21 -15862.760693991237
-222.72 219.7 0.25 -6184.685233397691
-366.2 321.62 0.15 64281.815329333986
-6.8 222.77 0.08 -4000.346303187139
-342.74 436.66 0.15 -8635.087465133243
159.03 806.58 0.16 -11999.958801618499
50.91 591.73 0.3 -28073.994455701766
-655.27 651.68 0.14 -11328.476864147147
-278.1 779.54 0.27 -27078.245571131592
-510.63 616.33 0.16 -9534.450472374278
-349.01 325.6 0.11 -7458.391632757315
77.56 822.23 0.17 -9512.459291811927
66.92 862.61 0.09 -29119.311387576596
-310.42 574.67 0.26 -20616.68778824275
-352.51 399.41 0.06 -23018.503637898903
-265.54 590.88 0.09 -21761.45160420364
-51.86 770.63 0.29 -24605.91098717837
-254.81 804.38 0.07 -21739.235341325246
-394.14 601.0 0.06 -11516.28573041925
55.62 859.53 0.08 -70805.9935219142
119.58 735.75 0.23 -19443.727327864675
-491.68 525.78 0.08 -15260.606353502944
-378.43 623.28 0.29 -26836.99424017837
4.43 838.92 0.29 -26197.80815217837
-422.07 326.88 0.07 -59314.147660281546
11.78 742.67 0.18 11138.721676609912
-199.97 814.75 0.11 -144812.6071488966
-17.82 810.37 0.25 -21732.074929084807
-601.18 580.41 0.25 -19787.03589879175
-280.12 455.21 0.13 -6905.265883835413
-24.22 500.23 0.22 -19592.517407514628
-436.1 730.18 0.08 -721.7283596828734
99.53 634.83 0.14 -11209.357298327493
-310.98 568.93 0.08 672.672956098517
-654.4 625.67 0.24 -20296.022662561416
-745.43 626.05 0.21 -15477.103002991236
139.15 673.56 0.3 -28440.55721888546
-56.4 315.08 0.16 -12575.83688392907
42.59 959.86 0.07 -260.92452900596254
-568.9 716.71 0.11 -4407.731625750173
107.59 436.16 0.07 717.5629536764473
-192.27 356.94 0.1 -1695.6744222339225
-664.13 492.15 0.22 -18905.64578151984
-98.91 412.45 0.25 -21453.24718608481
-244.25 905.0 0.26 -22857.26245075845
-624.61 747.84 0.27 -24646.76118013159
-116.95 730.9 0.24 -22642.433521381336
-482.82 865.57 0.28 -27335.474183654987
-247.32 965.86 0.28 -25715.950610973425
-714.0 695.29 0.27 -24973.2373061544
-613.14 571.51 0.29 -26223.026313789203
-334.26 244.38 0.27 -22768.307073646916
-79.94 926.89 0.14 -6443.77690252203
8.98 765.83 0.2 -17644.073664467844
-40.98 375.83 0.06 1113.2158139426895
-230.4 800.12 0.3 -25517.94172545779
-231.88 263.46 0.19 -16993.944045944452
59.15 287.21 0.1 -3451.162222830805
70.2 784.04 0.25 -22313.973462084807
236.37 835.74 0.27 -24780.450478961353
-144.22 633.63 0.11 -20751087.802903716
-53.27 401.99 0.29 -28689.33602317837
-168.35 794.25 0.27 -26592.113603301877
-0.98 736.24 0.15 -12395.676548898045
-247.36 500.71 0.27 -23733.70213013159
3.06 588.58 0.29 -26484.047181178372
-109.14 217.47 0.27 -26024.671669359377
-372.32 843.22 0.28 -26216.01351365499
-204.45 868.45 0.24 -19445.614419561414
60.42 555.89 0.15 -9889.590214850885
158.89 713.0 0.28 -25628.94990165499
-435.86 536.46 0.29 -25752.336434530614
-187.58 751.84 0.23 -17872.14780703802
-294.65 695.97 0.17 -10282.671277802194
175.7 712.81 0.3 -27700.523564847746
-241.4 822.55 0.2 -13775.658761426534
-66.35 900.63 0.27 -21478.419790807377
-218.8 964.48 0.12 -6557.498353770419
-357.21 641.03 0.28 -27238.200113100636
23.04 614.14 0.19 -12978.890635405467
44.7 572.64 0.17 -11984.919066897673
158.7 777.42 0.14 -10295.656098768075
241.85 779.09 0.16 -10370.294993366086
-238.64 958.76 0.25 -20944.984268975317
-246.14 243.2 0.16 -9729.916282247732
-230.62 367.4 0.18 -12972.142586859369
-258.44 780.9 0.25 -21241.109014736187
-318.07 520.89 0.29 -27726.883514995752
-164.03 906.2 0.27 -26775.162781131592
5.17 889.58 0.21 -14543.296877410858
125.2 428.43 0.22 -20574.993925016952
56.18 945.21 0.26 -23961.198017608196
80.11 835.49 0.14 -6310.214284689848
209.48 771.75 0.19 -15993.036605944453
-345.02 501.23 0.11 -4430.815795918996
212.76 762.2 0.1 -2064.654273205197
132.31 972.57 0.14 -8851.97469980359
-283.06 547.67 0.09 -5318.392111377803
49.35 304.34 0.3 -30838.537526701766
34.49 694.61 0.24 -20544.106240893532
-455.1 419.36 0.25 -21920.64392888499
-482.79 541.97 0.29 -28627.388672835652
-115.45 903.24 0.06 -1388.0038532279743
-227.23 554.3 0.27 -27435.924036131593
94.01 991.86 0.25 -16851242.36770366
-472.09 622.71 0.28 -63079159.04474569
-312.73 477.24 0.24 -18514.39295003279
-201.57 725.32 0.11 -6836.707488848959
-239.44 486.95 0.28 -26019.069966911153
-252.47 291.79 0.09 -5218.125172825265
-27.26 397.85 0.23 -16660.10070627559
-618.66 539.65 0.21 -15457.250077106522
-115.78 484.26 0.24 -20802.518100561414
246.25 862.41 0.16 -11688.133018986271
-31.28 711.34 0.25 -19740.57630012808
-166.48 407.92 0.18 -12400.242536110512
-315.96 758.53 0.2 -15609.58824589417
-314.32 479.64 0.3 -25803.287060625767
191.6 773.06 0.13 -6386.445487495384
4.95 341.7 0.23 -21615.92668120649
133.72 721.68 0.11 -5322.616859239569
86.8 388.86 0.16 -11065.3937879414
-359.32 571.83 0.2 -17340.37905919571
-182.22 865.35 0.19 -16970.354313944452
-300.87 333.03 0.06 -58.711363548266036
-36.53 606.33 0.26 -20312.51863614055
-318.41 525.08 0.15 -10575.618218797867
-212.26 682.94 0.27 -25754.602791140835
-135.68 616.73 0.13 -9604.19668932507
-138.94 228.28 0.24 -18003.638270387186
-311.94 480.99 0.16 -8852.354348500812
103.81 874.74 0.16 -9429.752165930533
-171.85 500.36 0.21 -17826.09734353746
-375.89 879.21 0.3 -29259.660751363073
-557.28 647.53 0.22 -19020.930332659966
-60.8 717.06 0.17 -9801.225406586513
-202.18 949.24 0.2 -14358.543589741774
-5.34 98.07 0.29 -26373.89134664547
-714.96 680.97 0.2 -16623.83988797885
238.94 838.08 0.16 -12471.707686802465
-240.71 506.39 0.27 -24874.215771637453
-10.55 916.83 0.26 -23479.0585716082
133.27 875.04 0.23 -21140.754367038022
-94.29 360.79 0.24 -22717.716271561414
-285.74 518.47 0.19 -16909.761084944454
25.19 927.13 0.25 -20596.671762084807
-46.79 149.57 0.26 -25403.1996586082
-12.77 7.49 0.19 -15482.871056660137
-532.91 169.88 0.15 -12114.49910250517
-871.39 -157.14 0.06 15261.468257302993
-791.4 -313.27 0.29 6348258.390511773
-437.24 -190.73 0.1 -5683.265060233922
-417.8 -153.15 0.28 -24057.428928654987
-442.96 166.33 0.12 -8453.640919280708
-757.09 271.5 0.14 18376.821608096092
-237.08 49.16 0.15 44091.033520571356
-722.6 330.76 0.08 -2134.8359217065863
-311.32 98.85 0.22 -19807.158687514628
-572.19 412.18 0.12 -4714.724258280708
-479.22 -38.17 0.06 13847.841749066904
-672.89 -278.19 0.15 -11009.283628005147
-124.18 26.27 0.13 -10105.56624401419
-199.15 54.39 0.14 -7644.662687130764
-120.43 -86.18 0.3 -29888.36146680591
-839.23 -3.11 0.29 -27774.978374178372
-619.67 -278.87 0.22 -16362.499753400789
-670.01 -486.61 0.13 40580.1774180937
-849.39 -65.6 0.14 -8311.953420320766
-774.33 -224.21 0.11 -4742.924411854498
-72.19 -17.59 0.18 -14360.753953679014
-824.62 361.4 0.13 52564877.13985321
-585.3 -238.82 0.24 2561166.1815858595
-625.74 325.85 0.25 -21770.40472608481
-356.44 167.24 0.09 -3131.458014615904
-422.86 -108.03 0.16 -10862.641989374277
-244.06 48.26 0.15 8951186.854398169
-725.51 351.41 0.11 -4246.100576300787
-778.88 77.58 0.15 -10984.101212586686
-264.81 40.89 0.19 -15814.37877994445
-706.42 466.7 0.08 12827.291662148622
-391.2 275.67 0.21 -19041.229513181363
-784.33 76.14 0.22 -20360.731490514627
-924.64 107.3 0.25 -23482.576747983047
-179.14 11.31 0.07 13341.862539855041
-471.89 188.45 0.12 15944.771868391523
-739.53 465.93 0.17 -11873.289632805358
-707.8 115.29 0.19 -13616.438160644706
-416.07 -140.83 0.18 5035449.471210228
-794.32 -139.15 0.14 -8106.764011787118
-848.2 -30.52 0.06 11881.761118461412
-403.46 -51.08 0.16 -11872.318269374278
-759.7 -150.62 0.12 23321.606483356143
-569.42 -187.14 0.1 -5988.509972688258
-667.7 -478.11 0.17 -12134.872115359836
-753.57 -45.47 0.1 16845.081947505507
-557.23 -80.01 0.11 19228.418952570468
-435.16 -130.54 0.09 47050915.37483324
-674.64 469.71 0.08 -4052.9199376801525
-807.68 412.44 0.09 -2552.6038130941433
-911.59 -373.5 0.07 13820.760390399018
-613.83 -69.35 0.18 -13228.791997798318
-806.8 -60.62 0.25 2413310.965311696
-310.05 52.69 0.06 11614.61609881664
-551.25 170.97 0.21 -18816.53456599124
-524.88 -2.76 0.12 -5167.529836039834
-733.3 288.09 0.22 -18527.8498804296
-470.2 131.89 0.11 15088.969064903347
-426.38 192.42 0.11 -5235.810649080323
-894.07 364.65 0.3 3831588.8746131337
-577.65 -318.97 0.29 -25271.904685513484
-643.6 31.85 0.09 -4361.597112670419
-749.55 283.11 0.23 -16587.673790241242
-549.09 -230.81 0.12 -7104.352559280707
-743.2 5.55 0.13 -6933.845391188239
-979.04 36.59 0.27 2302997.0485527446
-150.67 63.07 0.21 -16982.643323086544
-589.59 -214.37 0.1 -3355.9213750914287
-829.2 -170.73 0.13 -4805.832888279863
-451.89 83.03 0.24 -19882.16379301377
-618.8 -131.8 0.09 -3370.2074100067002
-475.32 238.72 0.27 -27439.18891913159
-756.43 -485.33 0.12 -7504.372231316876
-720.81 405.65 0.05 11107.306950144886
-491.8 149.47 0.18 -13669.944520399571
-454.82 -9.14 0.11 -6503.1018275074575
-372.85 -66.71 0.09 -5294.288053587991
-478.47 -118.83 0.06 11859.631022000092
-713.13 -39.9 0.18 -14058.669280848011
-365.96 0.09 0.1 13885.915839262147
-421.43 250.75 0.26 2214879.2416114686
-388.54 -152.0 0.25 -23991.422149084807
-867.09 184.46 0.21 -16062.504393991238
-604.83 -311.94 0.26 -23326.0176716082
-513.81 91.98 0.21 -19414.410069612153
-371.0 53.98 0.12 -7376.035779941145
-496.45 211.38 0.18 -12725.375248830562
-712.48 -460.39 0.2 -18269.677548467847
-708.26 -205.29 0.08 -3383.078346794192
-60.41 -27.85 0.27 -24431.84484980959
-823.88 -294.32 0.18 -10880.897600831655
-854.14 275.86 0.3 -28414.236182701767
-158.51 46.54 0.23 -19470.745484435098
-498.72 336.11 0.14 -6306.549069909667
-884.26 151.42 0.13 -10342932.095740646
-375.2 -189.02 0.11 -16146205.275973935
-824.68 288.08 0.08 -427549.67742789455
-131.66 71.36 0.13 -8868.4481888041
-749.72 529.12 0.08 -3594.1643609426474
-728.02 -213.61 0.28 -23445.13017965499
-670.6 109.16 0.19 -15351.166915981716
-542.49 179.09 0.22 -20839.208504514627
-683.02 470.5 0.29 -27737.034946233773
-736.64 485.94 0.2 -14822.810472785983
-354.27 -166.8 0.11 -7331.469623131934
-755.95 -28.29 0.17 -11356.166855645606
-444.67 78.72 0.28 -24212.272648724214
-253.45 -160.56 0.17 -9802.905693748628
-939.97 73.75 0.29 -24331.11461117837
-72.01 -2.54 0.27 -22326.008599131594
-201.7 -28.47 0.2 -14758.02166472354
-404.86 -257.6 0.23 -16947.01207753842
-559.77 -2.48 0.22 -15608.494509003183
-756.49 266.73 0.06 734.8385821825107
-831.87 243.02 0.21 -16249.525228486993
-880.82 -176.68 0.24 -21389.71914377895
-766.64 18.07 0.15 -11536.103611097189
-238.19 133.75 0.28 -26854.68944865499
-131.34 55.5 0.1 -1648.7242370079916
-474.28 317.28 0.23 -20938.22472819157
-418.09 -217.99 0.27 -22946.830156284694
-264.04 103.56 0.11 -4831.433218033186
-276.3 -131.11 0.15 -11487.95385952506
-700.23 92.69 0.26 -23595.987586608197
-594.04 -57.71 0.2 -14663.950456876792
-595.45 -149.67 0.3 -27699.255878772587
-860.2 -310.39 0.05 11224.910876966727
-31.72 16.64 0.22 -15824.075857514628
-825.59 -297.67 0.27 -21659.16551490038
-832.16 -32.58 0.12 -6500.430474686596
-329.7 181.01 0.23 -18081.411145038022
-421.72 -169.79 0.19 -16616.37753892875
-835.07 280.42 0.22 -20353.079929641215
-812.45 524.65 0.26 -21749.500815608197
-569.53 392.11 0.07 -469.495095570137
-528.89 -123.31 0.14 -9512.759499015498
-370.77 -71.49 0.27 -22431.652414264507
-680.08 -285.64 0.15 -11231.140021850884
-916.15 370.93 0.11 -4060.972391160133
-650.56 208.17 0.21 -17163.985542758834
-113.36 -24.45 0.26 -23345.293907157884
-212.08 134.05 0.3 -27873.708244701767
-869.59 0.48 0.22 -17948.659396162784
-551.02 155.05 0.13 -17740756.4769941
-895.87 285.16 0.22 -20590.215683514627
-407.48 22.97 0.12 -3573.468264881502
-456.12 -239.97 0.25 -21050.546802497804
-475.81 222.86 0.25 -22719.054161431988
-502.95 -300.83 0.27 -25594.46806490224
-839.39 -239.18 0.13 -9216.017496681956
-793.78 -570.89 0.3 -30928.071123701768
-132.77 -52.11 0.29 -28087.153608783192
-775.8 -14.49 0.16 -13665.302999328751
-321.17 95.58 0.23 -20091.145221533763
-481.06 -249.93 0.3 -26242.005702403494
-520.94 60.99 0.15 -10798.441045589128
-149.49 -42.89 0.18 -12571.479417814404
-554.3 -370.6 0.16 -8617.386238882516
-601.95 -99.96 0.14 -9030.084982327495
-631.68 -136.31 0.11 -5784.30871368082
-933.13 157.02 0.17 -12376.376419133256
-657.69 -284.28 0.29 -28833.10167613578
-954.01 -99.59 0.21 -19536.008738991237
-621.33 -331.17 0.2 -14774.18973805277
-481.18 -168.38 0.11 -4854.070872914593
-527.49 -231.09 0.11 -7774.02987223427
-830.05 -192.04 0.21 -19117.304348991238
-214.15 -74.65 0.2 -13714.798870536524
-322.16 126.71 0.28 -25184.528308654986
-515.5 159.99 0.05 -746.6664780295498
-618.56 -162.63 0.1 -6322.459412717535
-724.89 304.16 0.22 -17987.105255286388
-220.13 -53.35 0.11 -7596.031455436667
-692.47 -476.2 0.2 -15267.153785738792
-291.31 -201.77 0.08 -794.2092990346878
-831.24 136.5 0.09 -4374.844965941195
-444.7 -42.39 0.23 -19574.164721398505
-897.8 -10.18 0.21 -16049.80223042202
-466.14 87.28 0.23 -20157.327141038022
-731.32 337.55 0.1 -5023.854716595328
-840.74 -35.05 0.16 -11805.323330608657
-200.62 63.15 0.06 11856.341014231904
-969.56 31.82 0.12 -8211.714528280707
-628.58 -44.69 0.27 -27210.599249131592
-857.95 332.04 0.18 -14773.44865642106
-733.37 305.43 0.2 -15556.302999285064
-385.46 111.04 0.2 -15430.707012456249
-697.18 -9.68 0.15 -12195.448412850883
-877.41 -228.19 0.1 -1681.7661528308022
-917.79 65.03 0.09 -2749.3704737302396
-692.33 -104.57 0.18 -15534.063874048916
-773.69 -279.28 0.24 -18658.74005158778
-317.36 -210.3 0.1 -4794.05665478866
-795.7 245.83 0.23 -16832.351290947176
-681.61 -159.94 0.23 -21699.535665352283
-360.04 -105.99 0.23 -20588.226350378452
-866.94 249.91 0.23 -18265.157242886984
-842.91 -295.04 0.27 -22739.510803369267
-913.23 -107.02 0.21 -16612.44317099124
-648.68 80.1 0.25 -24079.355118084808
-810.88 382.9 0.3 -25528.272008701766
-905.5 -120.03 0.24 -21504.114233561417
-596.21 -320.04 0.19 -17796.560591944453
-612.12 -677.96 0.21 -19303.338631301755
-255.38 -955.92 0.22 10550780.413597466
-86.7 -829.04 0.22 11428959.455993898
-279.1 -254.88 0.06 -1897.1054148773494
-296.13 -766.67 0.2 -16058.845416467844
-145.36 -963.63 0.18 43540761.562056646
145.45 -940.5 0.14 -11046.661396733394
-132.45 -109.76 0.25 15076594.225097945
-0.39 -731.06 0.11 -7456.368056931133
-156.39 -562.82 0.25 -19773.194038951297
-199.35 -855.67 0.12 -5181.006003280707
-86.96 -327.09 0.23 -19486.22562522652
-135.28 -231.39 0.05 187.73877575958795
80.51 -850.52 0.08 -3577.9961702927394
173.29 -971.88 0.24 9938308.707559276
81.02 -843.9 0.09 -2287.9960331698603
203.77 -852.04 0.14 -9799.945065327494
-688.52 -582.06 0.28 -25300.531006705176
141.16 -844.58 0.14 -10696.123706085236
-424.09 -562.14 0.07 1695.4721629861888
-493.68 -663.74 0.22 -19447.23870751463
-488.18 -420.64 0.11 -7285.55640042764
-104.76 -278.76 0.29 3262196739.524497
-13.54 -793.03 0.25 -22152.12072325661
-556.08 -488.58 0.17 -12061.742844897672
-516.51 -656.03 0.26 -20485.351825135083
-54.51 -54.69 0.19 -14195.503895997754
-169.78 -913.28 0.19 -14991.818530336239
-441.49 -886.97 0.19 -16541.30229794445
89.41 -806.77 0.23 9229234.463500567
8.61 -560.7 0.13 -4667.135018749706
-3.48 -111.09 0.29 -29794.305842178368
-365.63 -860.82 0.19 22384948.08895169
76.0 -748.51 0.13 -6698.21990958965
-493.2 -442.64 0.18 -13727.401224111774
67.5 -796.69 0.17 -14237.867277897672
-84.44 -729.64 0.06 -775.1695496218649
-62.55 -625.26 0.07 -2948.40311176188
-45.54 -466.7 0.07 -3972.139093938754
-232.15 -706.13 0.25 -22256.25260802705
-514.47 -591.68 0.06 1473.4810276222713
110.92 -564.89 0.1 -3695.7186162769985
-32.27 -703.02 0.11 -3284.617943403034
-20.34 -395.84 0.25 -22379.739270203932
138.63 -616.35 0.19 -12235.199824944451
-173.46 -769.26 0.12 -4149.504085599558
36.6 -596.49 0.17 -12560.300328534431
139.27 -673.1 0.16 -12110.061704374279
-282.59 -317.64 0.24 -21184.271890627395
-384.5 -364.3 0.19 -16925.062265809996
-414.92 -646.86 0.29 -24141.142858647025
-606.53 -670.52 0.11 -6231.882789058721
-289.71 -685.22 0.27 12009209.81944337
-72.91 -445.21 0.11 -6168.393452757315
-101.08 -863.62 0.06 800.7445678965862
-298.48 -672.69 0.13 -7671.606318804099
-174.8 -264.93 0.21 -17912.438462231345
-238.68 -847.68 0.22 -19907.506982115152
-330.54 -528.77 0.28 -25542.43962765499
-420.05 -367.68 0.3 -28162.071274022546
-279.87 -420.79 0.23 -17307.30448503802
-55.43 -314.9 0.23 14310626.462509513
-494.15 -696.39 0.21 -16820.06089843482
184.23 -830.46 0.11 5026388659.800823
76.79 -987.58 0.21 18094677.9825337
102.86 -572.47 0.1 -5718.874819473975
111.97 -560.76 0.21 -16327.457553693073
-157.45 -429.56 0.07 -2252.047202184285
55.37 -380.51 0.25 -19758.390510084806
44.25 -694.28 0.28 -23615.092385234817
-65.01 -639.71 0.08 -2527.1948344574694
83.68 -815.84 0.28 10115491.533311475
-726.7 -612.95 0.06 -826.3377377439997
-152.98 -918.46 0.24 9710904.082170838
-38.19 -970.71 0.25 -23732.23154108481
-100.98 -804.46 0.09 -2992.2060490884696
29.78 -782.57 0.2 20518450.595197033
48.96 -589.17 0.23 9717874.735630184
-338.22 -630.65 0.26 -23199.94574745617
-172.13 -300.67 0.07 -2181.3035056707886
217.82 -832.27 0.14 -7930.589486327493
-97.57 -706.66 0.22 20047824.197572473
-324.5 -781.33 0.15 -7971.095034399756
-666.69 -594.29 0.17 13220562.568874944
-401.74 -862.6 0.1 -3570.8330237485034
-204.65 -781.37 0.06 1844.6209484719654
-74.39 -568.5 0.27 10265045.248490999
231.19 -814.24 0.18 -15284.260717300356
145.82 -711.73 0.21 10041201.139410045
-84.66 -320.74 0.11 -7083.772791111913
-70.67 -54.2 0.16 -8609.31694941935
-235.71 -282.41 0.22 -16952.35202003642
-199.71 -272.76 0.1 -4811.071813877048
17.75 -729.13 0.21 -19220.505935708956
-237.32 -469.75 0.07 -6564867.849544947
-296.1 -951.15 0.1 -55469368.8149533
-85.58 -668.79 0.1 -61707242.19536506
-113.9 -157.19 0.13 -72981765.33129336
-37.39 -741.14 0.1 -61108755.05825533
16.0 -364.07 0.14 -1570996031.823628
87.34 -492.5 0.11 -24517643.253186747
-201.71 -439.72 0.08 -15520679.617008075
-434.62 -677.51 0.14 -132869160.85730621
300.04 -928.88 0.13 -406436714.7756264
-269.85 -942.41 0.1 -13839216.677577078
-217.13 -296.38 0.07 -17947736.702138085
-461.45 -670.2 0.06 1785.398463070864
-95.4 -394.26 0.24 -19355.676072498576
-20.34 -531.39 0.3 -27449.547264701767
-594.47 -685.74 0.16 -10829.250842179204
-481.01 -669.97 0.15 -11284.213923552717
-355.74 -900.99 0.23 -18785.128112038023
-180.36 -644.46 0.11 -5102.542534757315
-190.89 -797.8 0.06 892.8381894819124
146.06 -458.6 0.19 -14224.488374732256
-432.31 -889.63 0.05 3087.5450907643617
-295.78 -791.75 0.13 -10209.4924098041
41.52 -390.59 0.18 -12808.623401772082
-590.59 -558.17 0.16 -13225.369043837283
-8.68 -369.95 0.08 -3628.4607401294434
-63.89 -675.54 0.23 -18199.11616409535
10.28 -639.78 0.15 -11935.396680882894
112.23 -346.8 0.12 -5246.6679452762555
35.0 -894.75 0.16 -13457.921221255736
-72.1 -193.62 0.21 -15676.20616681095
90.43 -395.16 0.1 -2746.8499500059193
-58.71 -725.95 0.1 -2036.8974193650506
-83.67 -202.27 0.21 -15988.526650856476
-89.37 -301.56 0.21 -15967.348393781367
-13.71 -599.95 0.14 -11009.441303426485
-269.27 -599.91 0.06 -650.9614831892218
-524.81 -627.73 0.16 -13408.905123374278
112.69 -600.24 0.09 -2904.53906824154
-690.88 -573.27 0.13 -5405.6404665081045
-339.88 -709.79 0.25 -24421.26423508481
149.8 -756.82 0.07 493.272861545619
-128.53 -695.52 0.29 -27367.597414472155
4.21 -689.06 0.19 -11741.358252912154
-235.04 -858.63 0.24 -19258.200983747545
-445.17 -406.45 0.12 -5160.8383477896905
-38.97 -684.41 0.19 -16450.51012998976
-737.07 -565.25 0.26 -25775.365814608198
-748.5 -607.56 0.06 823.9829138596454
11.84 -426.83 0.11 -4811.57506485918
50.75 -841.77 0.14 -8345.386407111371
-538.31 -456.93 0.14 -8129.092173127285
224.07 -911.76 0.15 -9754.158391047775
24.69 -580.13 0.19 -12157.499814562376
-259.57 -754.45 0.25 -21737.326408082296
-344.51 -628.66 0.13 -7772.2350126002875
-576.73 -636.22 0.19 -12835.388298580161
-427.34 -472.45 0.18 -12776.320566487313
-230.96 -938.74 0.18 -14360.451967512887
-574.66 -790.05 0.08 -874.0177411815152
-518.9 -565.59 0.2 -17330.00047720418
-96.92 -986.6 0.06 -1673.6012425757883
-86.17 -334.12 0.11 -8763650.005814586
232.14 -923.38 0.09 -4838.650601710529
-76.3 -520.09 0.1 -6481.175213279362
-463.56 -741.21 0.21 -18488.075574793547
36.17 -364.56 0.26 -20730.1501406082
-495.69 -514.34 0.3 -27513.632384701767
15.23 -114.39 0.1 -1214.429032813749
-464.95 -350.43 0.28 -25650.079736463238
-312.85 -331.18 0.15 -11786.881800850884
-313.41 -855.12 0.11 -6758.983881954269
-650.21 -690.32 0.13 -6954.497998167347
13.13 -51.87 0.29 -25157.230697762785
-65.88 -518.73 0.16 -10342.814606374277
-435.08 -845.39 0.25 -19157.906075034294
-135.29 -792.32 0.18 -11906.79141608324
-221.95 -464.49 0.15 -7801.961272864801
-25.16 -405.6 0.17 -11269.153434669148
-212.26 -533.24 0.24 -20886.608799233043
-313.7 -865.56 0.25 -20986.771076590132
168.96 -739.09 0.28 -27186.866250083047
-90.22 -976.44 0.12 -4092.002100900369
-435.23 -426.72 0.11 -6442.489058402518
-530.69 -511.87 0.2 -16156.016524061128
-365.35 -275.33 0.26 -24095.9693026082
-2.78 -205.41 0.25 -24460.476442084808
33.63 -780.42 0.13 -5480.044409804099
67.22 -615.78 0.18 -14044.204870421057
463.27 -291.38 0.21 -18296.81376178231
128.97 -102.89 0.07 19606841.325696133
814.72 -15.28 0.26 -21161.472909937307
522.22 -772.09 0.15 -9528.579022062893
58.0 -102.15 0.23 -20400.557079038022
318.64 -565.11 0.3 3187715.905374284
708.17 -74.1 0.27 -26648.691500500925
520.12 -397.65 0.26 -26010.6244446082
953.85 -254.82 0.25 -23029.484803084808
750.67 -305.03 0.13 -4904.103335664799
624.35 -192.4 0.18 -13889.865836490339
314.6 -607.66 0.19 -14866.108785944452
113.74 -307.23 0.08 666.4195149448735
319.33 -936.18 0.15 -10879.099461850885
579.0 -805.56 0.17 -11187.207484842824
477.3 -454.23 0.07 483.55094865701994
731.07 -529.2 0.16 -12594.125940374277
114.07 -219.99 0.26 -25418.198772113057
476.41 -528.08 0.08 48191411.9479569
277.12 -373.99 0.23 -17634.922507591804
346.1 -691.57 0.16 -13488.023382374278
273.56 -319.28 0.15 -11944.677297043254
867.34 -225.59 0.28 -25269.22220795685
675.31 -636.88 0.14 -7547.687105327494
581.91 -55.41 0.19 -14525.366250727468
360.37 -310.97 0.1 -5926.308923147895
658.11 -487.02 0.27 6719899091.317089
879.05 -476.15 0.27 -26401.533301131592
195.5 -175.39 0.24 -19359.941802236655
836.25 -315.56 0.16 -9982.476324534347
486.37 -622.45 0.2 -16365.428941439899
900.53 -223.72 0.08 -896.0484147614366
657.13 -112.55 0.27 -21909.12095134191
969.17 -199.19 0.21 -14327.135802238796
269.19 -222.04 0.13 -10122.4229388041
707.2 -456.45 0.2 -14109.168519630108
367.16 -279.45 0.25 -23440.44852608481
923.55 -244.65 0.06 -597.1560374569867
424.22 -45.99 0.14 -6050.238029286256
586.82 -598.0 0.12 -5812.95377977409
54.97 -71.0 0.08 -282.7312743671332
571.83 -19.83 0.06 1973.5657022927337
374.7 -769.7 0.25 2881069.427876153
453.28 -708.21 0.24 -22127.428498864396
139.1 -289.89 0.23 -17806.979720957974
581.35 -593.31 0.22 -18738.946502514627
675.93 -325.97 0.27 -25764.81834913159
697.09 -246.46 0.25 -24154.73801408481
480.54 -269.84 0.19 -14587.707619326131
837.08 -138.58 0.13 -7536.515745804099
154.5 -464.63 0.2 -13942.52784348902
655.96 -76.69 0.07 1209.7646235911525
328.28 -619.83 0.13 -10070.479447165642
663.64 -448.87 0.29 -24824.268401174184
488.75 -393.43 0.08 682.26584461884
650.41 -744.57 0.21 -14469.399693625297
182.13 -484.94 0.17 -13582.492619772147
992.15 -81.07 0.05 200.0792676689939
675.55 -208.86 0.17 -14179.779136017223
458.25 -367.31 0.25 -19358.626854768525
305.19 -593.2 0.26 -24113.060445608196
435.7 -535.43 0.2 -17757.9178253966
504.9 -288.95 0.12 -8258.718793280706
619.0 -333.83 0.18 -10948.082514421061
817.47 -193.45 0.29 2062389.2218991956
382.36 -803.49 0.18 -11061.515612421059
155.31 -178.79 0.11 -3882.3403869501562
791.95 -188.31 0.2 -15366.029260667197
411.43 -201.36 0.07 -1484.243781461948
791.29 -157.38 0.18 -12727.950085977103
909.12 -53.28 0.06 -860.6077008902078
695.97 -303.6 0.11 -2496.304006933083
515.66 -406.1 0.09 -661.7534112213593
214.49 -309.57 0.25 -21653.38470363496
796.83 -248.61 0.15 156887920.11689496
503.12 -541.16 0.15 -8914.227541156655
208.21 -190.4 0.05 4177.559104833226
218.87 -566.68 0.12 -7680.2801357494445
718.23 -39.45 0.24 -19065.620084131926
499.35 -663.48 0.11 -7091.6398412107155
494.0 -816.67 0.27 -27031.57890513159
986.26 -64.61 0.18 -12239.13015711982
381.88 -291.59 0.24 -20002.64571457179
83.82 -134.3 0.11 -3145.5725926601767
214.59 -127.77 0.23 -21304.464518153705
613.04 -568.41 0.29 -27267.28450711678
823.53 -3.04 0.06 1880.1455088918822
113.52 -89.21 0.14 -5967.545324615815
720.97 -31.77 0.19 -15898.364300957497
488.85 -175.77 0.18 -11817.521561421061
943.42 -116.47 0.15 -9833.211318078898
704.24 -85.41 0.18 -13974.341368452864
920.05 -369.38 0.26 -22983.713623280455
728.43 -350.24 0.16 -10656.773514360306
386.4 -878.44 0.28 -24695.26982865499
311.64 -743.41 0.15 -7470.972949177131
405.43 -15.13 0.09 -2012.6342561625365
546.27 -239.34 0.26 -20701.7748666082
594.41 -138.17 0.15 -10469.190372835372
770.45 -358.36 0.11 -7431.003016459763
795.84 -377.24 0.05 4646.937594184451
397.07 -314.48 0.07 2073.0005347441893
243.92 -646.68 0.19 -13814.434982355242
260.18 -768.38 0.23 -18503.94988959122
423.41 -38.12 0.09 -4114.516148190661
559.95 -624.97 0.07 2093.457453077275
327.56 -845.71 0.18 -14113.35550742106
688.74 -134.18 0.2 -14227.917264704713
804.49 -307.6 0.23 -20300.662419623204
396.5 -67.35 0.23 -18908.366413547432
597.13 -628.19 0.05 -821.7980152064031
415.73 -77.31 0.12 -6502.3564822807075
576.8 -393.0 0.12 -4446.558778654175
299.79 -432.7 0.23 -21436.226739038022
813.94 -297.31 0.18 -15211.925076221502
757.09 -115.01 0.18 -12296.12120942106
797.63 -444.38 0.08 -2746.240211187139
340.98 -434.75 0.28 -25227.613577343294
280.06 -22.57 0.29 -27304.966633102187
805.74 -286.31 0.28 -24159.23533265499
786.5 -206.46 0.23 -19083.601433785785
421.91 -579.99 0.2 -14663.457429467846
271.77 -74.57 0.13 -6138.963726804099
289.5 -122.87 0.27 -24444.159907636247
684.1 -351.5 0.29 -25486.16736417837
555.68 -622.19 0.26 -23267.376995608196
869.18 -260.52 0.19 -17331.69007794445
316.45 -293.65 0.26 -20814.810290374597
370.75 -898.89 0.21 -18606.24176315899
382.89 -910.2 0.19 -15256.963706527378
342.61 -431.63 0.28 -23601.807484792345
740.73 -114.49 0.26 -21089.308964608197
256.87 -280.51 0.14 -6599.943108611286
339.34 -56.61 0.2 -14688.967965756841
449.19 -519.19 0.17 -14902.585243732083
372.41 -709.63 0.07 -2512.2172466637476
343.66 -308.89 0.21 -18294.797424715463
702.46 -7.97 0.07 -1704.8062367949387
219.33 -266.32 0.26 -21443.87138608834
623.77 -453.39 0.28 -27303.152436805056
170.58 -411.58 0.2 -14285.518904394627
858.66 -394.42 0.15 -12270.005926942957
468.36 -393.19 0.06 -1957.1121788209978
75.65 -224.8 0.1 -1568.7263552339232
771.56 -472.11 0.29 -28713.40922917837
823.37 -543.55 0.1 -1595248.3684176484
677.69 -542.93 0.15 -22517480.42819692
569.29 -707.8 0.1 -2557591.598871043
961.28 -94.76 0.19 -17824820.52631984
451.36 -649.79 0.19 -45034873.19590857
432.31 -346.35 0.26 -24374.478963640835
830.5 -373.42 0.26 -26042.944079608198
694.24 -183.33 0.24 -22296.87026398696
953.58 -213.89 0.26 -23963.172525486574
965.29 -224.17 0.26 -24870.52003997248
810.86 -225.71 0.09 -939.5407342894518
414.67 -90.02 0.12 -5834.935517583965
338.77 -646.12 0.09 -813.7165804970223
160.84 -275.25 0.29 -27051.050437122893
619.85 -189.79 0.19 -16565.744816790015
134.2 -191.41 0.12 -4592.838681267611
372.5 -822.47 0.27 -23777.998123372443
314.24 -28.06 0.28 -26193.047524654987
415.79 -686.12 0.14 -8994.409191327493
567.3 -386.54 0.11 -2541.078592002397
601.05 -618.48 0.17 -12874.247547897674
478.95 -272.09 0.29 -29523.64100017837
839.89 -52.41 0.2 -16141.24777513734
483.63 -396.79 0.13 -9613.470307682615
421.27 -292.01 0.08 -3382.755379305114
897.13 -359.08 0.23 -21829.48425503802
403.75 -876.31 0.29 -25222.904550733558
666.88 -498.58 0.24 -22975.935571561415
301.99 -1.18 0.13 -5112.691977804099
495.13 -619.85 0.19 -14160.510586944452
720.65 -619.49 0.2 -14328.903911410107
553.6 -715.6 0.24 -18393.718529968883
667.29 -5.2 0.22 -18471.104171480492
716.28 -455.68 0.22 -19814.158019796185
690.82 -165.43 0.21 -16779.27838842065
594.04 -195.14 0.19 -12450.016041178362
691.75 -226.93 0.17 -12134.995867788479
266.47 -172.54 0.15 -10608.203699279293
704.13 -521.44 0.17 -9853.013274945544
368.3 -547.15 0.05 -13625543.96044781
617.14 -769.38 0.12 -8239.308392665664
565.03 -619.83 0.18 -16029.745347803688
862.46 -49.61 0.15 -8929.018390304807
676.05 -312.35 0.12 -7407.413197325868
604.74 -560.8 0.15 -7332.73946123077
564.27 -135.14 0.08 -1315.980358711035
620.72 -503.47 0.15 -8486.508936832606
424.76 -882.86 0.21 -17620.29141031887
16.82 -23.45 0.09 -5253.585526710529
428.04 -812.26 0.1 -2496.0327741943297
284.86 -704.25 0.17 -11266.381986912664
252.92 -262.04 0.1 -3230.5739755540544
873.41 -144.03 0.15 -10024.159175924206
392.35 -784.75 0.11 -3077.056418114705
22.07 -67.79 0.28 -23842.077845309428
542.76 -510.37 0.1 -6760.220759587286
858.77 -408.16 0.11 -5680.386749724268
795.11 -292.88 0.17 -12039.338185908422
657.04 -643.56 0.1 -6028.528558184249
508.11 -423.07 0.15 -8886.678883327353
298.36 -771.25 0.17 -10205.81638989767
866.95 -231.78 0.19 -16219.860619944451
