0.0 0.0
622.69 177.26 0.1 5582.947748311883
899.4 25.32 0.13 5513.618841958535
133.42 18.59 0.14 5371.089612341724
948.69 304.28 0.12 5474.911800537642
423.32 26.27 0.11 5557.878877949337
264.48 64.87 0.14 5372.787798194372
887.56 249.49 0.07 6157.814797705037
226.78 58.08 0.11 5775.387913738314
330.13 6.15 0.05 7174.742367215942
930.99 134.55 0.15 5389.946041796126
857.86 223.27 0.08 5930.016102045359
934.18 254.77 0.15 5928.765058828892
701.63 44.37 0.08 5679.353005886434
768.13 232.62 0.08 5889.254945468947
351.24 7.57 0.07 6281.856663452522
376.12 1.52 0.11 5506.724808327703
750.63 104.51 0.08 5853.28939315457
464.37 50.91 0.14 5537.470825167632
435.82 25.32 0.15 5374.505034790481
598.67 181.05 0.08 5908.901772020205
713.17 72.58 0.06 7219.468962357599
889.52 64.16 0.14 5307.28695897035
842.81 81.29 0.12 5540.088634168373
939.25 41.45 0.06 5662.866014262066
324.18 21.06 0.1 5797.1253480575215
785.48 195.88 0.07 5676.866433318692
919.98 36.45 0.14 5396.147845249106
576.61 131.19 0.06 6337.470587018002
768.88 35.91 0.1 6035.856263559449
609.04 130.49 0.11 5712.965859128
958.49 34.02 0.14 5420.733625898376
867.8 26.39 0.1 5885.905030951146
888.52 2.42 0.2 6150.510678861741
761.65 158.01 0.1 5540.717759719526
646.61 6.15 0.14 5461.556296033444
320.47 79.45 0.13 5432.266622014922
549.54 95.66 0.15 5305.148185669076
187.51 4.8 0.13 5546.107126787092
520.21 39.65 0.12 5466.041499470226
928.57 36.83 0.12 5487.422010653624
856.25 251.14 0.06 5720.550659120803
455.22 125.94 0.1 5569.318662206288
826.42 73.58 0.09 6245.553672442587
617.47 78.87 0.1 5952.332913384456
680.53 163.29 0.07 6896.840473500648
534.48 141.71 0.14 2484.014565303275
366.14 121.7 0.07 5486.159965236604
558.06 332.24 0.13 5450.40334914551
784.28 454.58 0.13 5356.593016367375
492.3 269.31 0.08 6536.905094369093
808.29 498.66 0.06 7229.757371697172
341.45 234.86 0.16 7738.083613263121
391.31 127.85 0.08 5917.327143573806
663.52 447.2 0.14 5258.976307156232
439.22 251.3 0.07 5437.074271080498
306.32 219.66 0.07 5552.244362499474
429.57 160.25 0.07 5782.493037087908
55.83 21.01 0.12 5307.509588606161
767.55 482.25 0.18 8211.59622387193
827.33 412.4 0.07 6610.973229101577
787.79 561.07 0.08 5868.060351439921
773.22 460.78 0.12 5334.680805802729
533.22 231.35 0.09 5389.368994239139
830.26 396.27 0.13 6104.3393423898
898.21 303.07 0.06 5722.736706332212
513.71 182.95 0.17 5237.864210595479
174.48 104.13 0.05 5564.598762054508
451.65 278.58 0.1 5830.126667584998
226.0 147.26 0.13 5295.049120522201
609.87 276.32 0.13 5499.060936563996
631.46 406.75 0.1 5877.628581043497
880.64 336.56 0.07 6149.159381333769
493.33 168.22 0.11 5587.963818883479
913.79 389.07 0.11 5344.311187818468
855.87 436.68 0.13 5275.776175302761
863.44 502.92 0.11 5722.454391470638
705.62 242.07 0.14 5262.552084632568
646.17 357.75 0.1 5505.07539184121
799.37 375.28 0.11 5461.205635890114
212.62 147.41 0.08 6370.763673790827
507.48 331.21 0.1 5676.3696471713665
882.87 408.25 0.11 5593.506223084449
765.62 554.82 0.13 5220.026870713602
892.34 388.87 0.11 5371.188159162564
522.31 188.7 0.11 5342.092955772847
768.25 422.81 0.14 5203.502832446298
806.86 531.82 0.05 5633.939292250808
771.63 271.0 0.12 3421.864772525029
683.78 314.05 0.12 2886.8654811198635
640.19 427.72 0.11 3165.5272213178337
239.44 95.1 0.14 2630.157563975693
664.22 324.09 0.14 2546.610730238074
297.39 270.72 0.07 7557.679094946781
329.96 425.38 0.09 7165.27356141863
680.18 605.66 0.06 7519.133191895832
223.88 192.5 0.06 6624.275849119649
368.47 351.6 0.07 6644.688210109322
788.89 612.51 0.06 6487.6495430477735
395.48 360.34 0.08 6767.029632268324
652.57 564.27 0.08 7465.2883183284885
771.93 590.9 0.15 7347.703065227101
619.98 586.8 0.1 7016.5909755898265
300.75 407.4 0.08 7361.731537655114
595.11 443.58 0.08 7363.199261362101
317.51 315.39 0.09 7313.559647887284
596.34 561.16 0.08 6926.824689489995
611.14 720.1 0.12 7184.796025779329
381.9 472.04 0.15 7359.385676863437
599.31 758.83 0.07 7537.824871097673
468.45 582.58 0.12 7234.232527250493
410.47 436.24 0.15 8823.215889475612
331.07 382.35 0.14 7302.664860716714
591.68 594.77 0.1 7113.016507399156
459.34 497.38 0.06 8094.5189673665955
603.08 571.26 0.1 7100.73683960641
666.84 495.47 0.07 6837.531136375591
515.39 465.39 0.1 7207.447110013952
703.77 696.38 0.07 7685.435544264548
580.9 776.99 0.1 7058.400710760656
641.94 554.47 0.14 8593.716377994951
415.01 380.4 0.13 7243.105915023627
773.74 580.84 0.1 7094.491542092327
567.08 669.57 0.09 7330.876531942799
234.91 305.21 0.12 7179.736658811984
205.79 248.73 0.12 7204.762938097743
229.01 218.77 0.06 6720.743528529153
235.91 306.03 0.06 6979.965479047845
269.3 342.0 0.12 7293.296656437144
694.74 638.71 0.11 7187.303913811117
625.95 605.8 0.12 7194.8746195620115
111.72 90.4 0.11 7367.332286921851
294.32 275.14 0.18 -2085.2049992066895
618.87 657.88 0.12 853.6691706240358
133.74 379.52 0.1 7085.231014488777
316.81 687.99 0.11 7036.401029586126
115.68 305.14 0.13 7125.301686548879
369.69 820.81 0.09 7092.213482135423
255.6 676.45 0.1 7289.703366973043
399.97 809.27 0.05 7346.113322949449
419.12 602.35 0.14 7274.916976351737
486.28 869.53 0.05 7603.1836354593615
218.64 350.9 0.06 7657.097917031736
479.81 865.95 0.1 7051.380998725208
314.14 779.93 0.1 7099.341313509001
428.71 705.26 0.08 6892.439523109814
218.74 544.13 0.14 7276.647933491639
376.28 801.93 0.09 7111.950531426704
287.75 710.53 0.08 7191.554477393681
97.58 135.42 0.15 7373.123481708657
42.46 63.92 0.1 6962.771297832469
193.72 434.69 0.18 7884.528762956957
332.22 695.58 0.07 7732.695099804072
374.5 732.68 0.14 7269.369489560187
112.68 188.69 0.07 6776.128642998892
300.39 469.32 0.14 7308.633594059225
82.46 195.39 0.13 7252.382303414413
318.66 465.09 0.1 7448.992576863359
390.09 760.02 0.13 7252.20801209244
335.93 642.33 0.13 7249.762872359126
132.15 345.97 0.06 7657.151193726796
296.29 806.91 0.14 7268.052314202661
368.28 681.49 0.11 7095.816026632159
511.6 719.56 0.12 7113.189530780748
326.38 577.05 0.12 7189.806860367384
477.86 702.97 0.11 7178.768713255931
212.36 326.44 0.21 1338.5433377544887
187.4 542.33 0.2 3003.8435626013006
142.22 225.62 0.16 2150.070500261881
100.54 200.27 0.17 2020.786993305333
278.47 640.66 0.18 1905.4142466061676
204.79 480.1 0.15 2420.226044406992
184.52 823.8 0.15 7322.766347910381
52.31 214.98 0.11 8323.163971431884
46.65 301.64 0.12 8138.412146333983
108.28 416.75 0.11 8393.936222658685
1.74 548.45 0.06 9288.40506882631
18.7 551.85 0.06 9423.196173034386
44.17 410.88 0.1 8731.506389941866
109.97 918.21 0.12 8381.467987283053
91.93 651.56 0.23 6452.731095356064
63.02 939.35 0.07 9505.118538413873
32.62 619.97 0.14 8290.527404134062
217.85 862.53 0.06 9600.961331022183
36.43 639.08 0.06 9061.87997361347
187.47 718.59 0.11 8964.877201956107
88.75 399.82 0.06 9543.212636310802
233.63 759.92 0.08 9539.55566751233
216.06 668.99 0.05 8977.169901003486
70.45 402.38 0.13 8864.315547585007
39.26 968.79 0.06 9932.415245706805
202.39 645.38 0.1 9403.051115322136
83.97 989.99 0.17 8600.728310510402
39.53 540.17 0.11 9420.660068924182
118.5 786.16 0.23 8300.586181005827
42.93 864.03 0.05 9872.12871016325
0.11 287.55 0.23 8594.927192033501
9.26 908.63 0.09 9929.822648157902
136.02 514.25 0.13 9692.51544713226
104.16 801.51 0.1 9791.186536036425
165.83 840.73 0.18 9596.236706527106
84.58 988.1 0.08 9686.48623300147
173.98 663.74 0.1 9571.23560512288
102.57 568.17 0.11 10174.741392608525
-11.66 233.57 0.08 6161.0096086315125
-12.03 589.14 0.06 6602.341339945569
-77.73 492.26 0.14 6191.310415806845
-63.31 372.79 0.13 6168.150942936565
-109.55 444.47 0.07 7380.646114784631
-133.94 722.51 0.13 6156.339346964682
-76.81 859.19 0.16 6171.836809072782
-35.17 590.84 0.06 7152.2026484633325
-60.56 504.18 0.08 6122.839116151092
-276.38 932.05 0.09 7036.788467165009
-12.33 982.67 0.16 6509.171144987768
-64.32 453.36 0.1 6645.274978208554
-25.41 122.31 0.12 6336.983967846032
-0.76 859.26 0.07 6276.543672535829
-104.49 415.71 0.08 6406.321651903366
-50.68 225.67 0.15 6946.897091995755
-117.79 918.12 0.07 6161.562152041342
-8.96 312.76 0.05 8150.087442674725
-51.39 940.26 0.12 6343.873919443111
-73.98 749.98 0.1 6162.288370653316
-192.06 807.26 0.09 6323.978244144228
-5.31 628.5 0.05 5995.8015001232625
-229.69 767.91 0.07 7414.403508042805
-128.14 872.65 0.07 6089.660989127121
-11.39 936.57 0.08 6195.668087532583
-28.61 699.1 0.06 7082.225856135608
-298.33 952.07 0.05 6118.455343502727
-76.3 742.12 0.06 7612.580092761373
-75.86 568.96 0.11 6392.821529900419
-125.65 966.69 0.09 6839.530037637187
-215.6 911.21 0.15 6149.75895388633
-71.96 833.22 0.14 6427.61815607166
-21.53 342.95 0.1 6455.668866428747
-206.89 753.99 0.11 6422.896408901834
-87.51 738.49 0.15 6144.876375984522
-125.52 719.97 0.12 6532.299004145734
-130.5 944.11 0.06 6537.554664547822
-234.83 860.24 0.15 6064.808853229062
-47.04 161.19 0.08 6915.5277358163885
-173.16 568.6 0.09 6653.543105288967
-90.2 585.07 0.11 6482.840431471737
-11.03 432.51 0.11 6277.327753496987
-91.45 531.19 0.11 6469.833382814528
-96.64 533.09 0.12 6294.637114395543
-49.76 295.06 0.14 2859.1207343038486
-197.1 888.14 0.18 2825.79762078185
-93.4 738.02 0.16 2361.602268200742
-135.6 192.11 0.05 7261.826431630526
-230.09 430.58 0.1 4847.966310629616
-374.53 516.04 0.15 7600.0943565628195
-106.4 150.18 0.06 5184.865542667949
-417.39 660.61 0.14 6883.219421737199
-389.46 752.38 0.19 4622.988828042594
-303.75 870.07 0.05 5112.588472278456
-457.26 744.72 0.06 5384.930911083118
-477.38 861.56 0.06 5048.795364815767
-454.99 866.34 0.08 5014.348429496204
-365.72 540.79 0.12 4757.921086285143
-240.58 541.76 0.09 4999.614116539138
-218.02 485.8 0.14 7446.087030626802
-242.64 434.04 0.11 4786.215006575688
-196.45 382.35 0.11 4766.098861834936
-467.03 844.99 0.17 5027.090067433346
-431.04 855.08 0.06 4904.68640414318
-401.86 567.77 0.11 5024.16827843811
-301.65 581.53 0.07 5953.370856311931
-53.5 76.85 0.05 6854.470457663946
-420.07 852.74 0.13 4793.103743974285
-188.12 518.4 0.06 5382.107601066176
-209.97 336.93 0.1 4911.763627730698
-420.99 867.11 0.12 4796.671652099594
-266.77 764.71 0.1 4886.677197389505
-350.51 923.57 0.05 7276.196939819205
-371.36 868.5 0.1 5030.893732510845
-322.63 483.42 0.12 4705.391414301354
-234.43 501.76 0.13 4734.802986557479
-299.55 669.82 0.12 4798.289465092599
-315.17 604.64 0.12 5038.934038439544
-316.07 669.52 0.1 4357.354716624115
-282.92 594.83 0.06 6571.652008657734
-319.22 642.93 0.1 5015.421652936986
-299.43 679.67 0.06 5749.923616957993
-528.39 819.21 0.1 5188.850349926079
-305.15 772.57 0.07 4635.229888000133
-271.06 705.16 0.08 4816.515258617739
-305.6 839.11 0.08 4851.217829567087
-329.87 570.57 0.09 5252.3404197158525
-378.95 738.64 0.1 4894.128425871768
-534.24 789.46 0.17 4652.887952032297
-166.79 301.31 0.08 4834.33253629349
-206.39 399.71 0.07 5872.962545748742
-200.52 532.65 0.15 3568.4442836342673
-371.91 789.34 0.13 1857.933227564758
-388.52 861.87 0.17 -3140.9847750910935
-296.14 687.69 0.14 -1634.493371088217
-141.97 300.35 0.13 -1093.1078515778186
-292.44 295.66 0.15 7496.639595179128
-517.44 564.19 0.07 6310.039923494158
-496.04 475.03 0.11 5718.740936678449
-405.85 369.01 0.08 5991.869498212778
-415.46 486.09 0.05 5908.944076851911
-473.1 438.63 0.12 5707.011604140778
-179.6 193.0 0.14 5793.484165037278
-555.03 715.08 0.09 5670.647856758512
-302.44 416.14 0.06 6066.429675882384
-689.59 545.65 0.1 5950.117183694636
-673.41 656.43 0.13 5867.817614181375
-246.98 302.95 0.08 5962.145338820176
-512.22 450.11 0.1 6098.212256430094
-200.77 239.02 0.1 5907.509008221204
-511.65 572.92 0.08 5832.682866300738
-735.11 615.45 0.15 5850.727105360406
-228.59 237.56 0.13 5857.905965302086
-770.02 581.46 0.07 6802.043020300518
-625.46 667.87 0.06 5581.124645336395
-484.52 498.59 0.08 5695.981987407098
-528.86 445.43 0.08 6167.628401276297
-478.26 491.37 0.13 5847.766035579587
-446.44 572.34 0.07 6183.8732022064905
-649.47 570.41 0.05 5928.677075918071
-222.71 291.84 0.08 6559.387474436352
-342.56 445.88 0.13 5780.015602086047
-297.29 291.69 0.13 6703.914821739245
-601.43 650.86 0.11 5935.77581801751
-655.26 717.97 0.23 5843.058207464699
-532.07 699.85 0.25 5828.478742693211
-341.36 268.69 0.06 7220.932166869812
-124.88 137.84 0.08 6130.807412598715
-711.43 648.76 0.08 6010.039314337677
-529.13 430.09 0.06 6162.936839344711
-404.56 384.41 0.06 5689.747594325698
-572.74 549.07 0.07 5835.47773713527
-526.0 659.24 0.06 5561.094931798629
-241.39 251.97 0.11 5884.10383856057
-412.31 458.23 0.06 5573.106231475809
-252.41 316.17 0.14 5787.3462575125195
-592.67 667.62 0.13 2599.6795369693014
-607.65 481.2 0.15 2268.7965944780485
-246.38 277.47 0.16 1963.877081331069
-717.72 619.8 0.16 -2194.31323830703
-654.0 623.36 0.17 -2984.101092193471
-528.88 430.72 0.19 -3627.291778079749
-380.84 323.72 0.14 -1523.6804086028915
-301.91 262.8 0.15 -1634.0454921833325
-543.19 180.98 0.18 6828.869133889131
-542.18 384.42 0.06 7670.087383600074
-832.42 385.23 0.07 7201.582937919338
-623.21 245.0 0.15 7452.161001475837
-800.07 279.38 0.06 7912.708123242408
-521.56 376.16 0.11 7249.811294167988
-462.03 297.75 0.07 7876.746902237237
-855.53 498.46 0.08 7598.900987375868
-217.35 94.84 0.1 7242.955855980148
-803.74 325.42 0.12 7463.786328486331
-658.96 464.18 0.08 7082.654666956047
-362.01 123.17 0.11 7339.8505149978
-676.62 444.42 0.08 7007.027520714276
-541.65 342.67 0.08 7023.420661042306
-367.66 207.45 0.13 7498.841004688857
-714.31 460.41 0.17 7653.617497807441
-620.95 305.64 0.08 7921.36098000455
-890.98 327.63 0.1 7240.9009411681145
-742.59 522.6 0.08 7720.166595285849
-256.04 91.63 0.08 7230.11327313668
-771.58 502.58 0.1 7196.362994462321
-756.74 467.01 0.11 7266.529392724091
-340.36 134.96 0.08 7668.08001711187
-116.74 60.2 0.16 9049.331499191097
-116.98 50.02 0.08 7119.127710338449
-629.26 365.43 0.13 7384.060720796255
-464.54 334.85 0.06 7513.91175164673
-674.63 399.2 0.06 6913.186161333247
-380.17 236.33 0.07 6889.922722892051
-731.67 429.4 0.13 7445.447822168089
-813.3 289.21 0.12 7368.239077605024
-820.04 281.74 0.11 7440.532726192474
-552.87 246.02 0.08 7794.756740807621
-571.15 387.69 0.1 7753.520536734239
-570.49 370.93 0.11 7570.104500051677
-777.22 455.92 0.11 7254.372387293508
-652.72 356.72 0.12 6243.365665220952
-483.89 301.72 0.06 7632.803842699916
-803.33 406.48 0.09 7633.499269540124
-345.56 128.58 0.18 -1401.5559504192433
-654.01 133.0 0.09 6110.435256795502
-225.65 31.6 0.06 5749.007190171867
-627.39 28.58 0.11 5494.959314172725
-867.24 121.14 0.09 5579.578249801613
-712.65 164.9 0.07 5453.371209538189
-976.44 86.16 0.08 6012.868514163723
-710.38 139.76 0.13 5477.118254006508
-139.0 30.91 0.14 5466.250564408101
-924.44 271.71 0.14 5504.6721669958315
-753.92 133.93 0.09 5502.064796022903
-724.87 115.17 0.13 5492.076183651432
-758.27 189.42 0.13 5626.370103971869
-733.16 162.82 0.11 5505.849799418043
-937.73 147.08 0.05 5880.142878013448
-903.7 90.1 0.14 5463.925253731386
-237.23 60.3 0.1 5427.530239373256
-79.1 22.81 0.12 5519.092341374737
-426.76 7.03 0.11 5825.283794306198
-744.47 81.43 0.1 5639.232440058292
-923.4 35.56 0.05 7542.019052685731
-789.16 39.65 0.1 5613.580062463163
-578.75 59.7 0.06 5909.850451973636
-838.56 245.06 0.08 5487.6777936863855
-925.84 95.1 0.09 5411.9861432257
-557.24 99.39 0.13 5449.202900735754
-736.36 197.6 0.15 5632.473648932981
-651.22 140.71 0.06 5959.1590747467435
-553.02 31.34 0.13 5451.335771101705
-891.66 58.04 0.09 5442.1685631300015
-925.28 60.35 0.13 5487.711335521127
-592.36 69.89 0.1 5447.202581315254
-190.19 28.12 0.06 5434.127815492615
-826.4 259.49 0.07 5418.10773474218
-636.58 87.99 0.13 5784.254745145712
-876.27 37.2 0.15 6033.749237941474
-828.72 227.73 0.13 5472.993170525466
-659.92 173.51 0.12 5538.768052758389
-874.56 185.61 0.09 5466.445716624368
-546.74 99.87 0.07 5718.56021197213
-529.74 97.27 0.11 5471.683262835457
-722.89 195.25 0.09 5748.997149375384
-917.99 172.44 0.14 2698.956527307344
-929.63 291.26 0.17 1261.7100490658727
-990.22 122.45 0.14 1876.1681315393025
-525.79 61.37 0.15 1658.5948775181173
-947.09 64.38 0.14 1776.0103405729078
-513.43 -44.2 0.14 7737.081225095461
-697.58 -61.69 0.15 7831.384926828549
-320.57 -86.13 0.08 4838.309415500056
-116.75 -28.74 0.11 4541.973091277961
-624.9 -51.91 0.23 4101.890003424568
-788.41 -33.11 0.05 5287.7208982500515
-511.68 -91.92 0.1 4782.24916701049
-354.9 -54.81 0.07 5358.44343757837
-742.58 -135.0 0.06 5793.890294813213
-734.47 -84.9 0.1 4495.438917107753
-835.26 -179.74 0.08 4531.972016865806
-415.51 -82.92 0.09 5085.852294513966
-489.03 -60.85 0.07 4830.1289168475705
-849.98 -210.46 0.06 4607.799762428832
-734.88 -3.7 0.07 4535.944180668024
-550.01 -63.44 0.14 5260.4873664834895
-771.76 -88.76 0.15 5797.141429025757
-871.27 -228.14 0.06 6515.988044606701
-870.86 -214.8 0.14 4302.053262524896
-887.01 -178.91 0.06 5504.38576551928
-776.08 -71.97 0.12 4350.784424207186
-658.72 -76.1 0.09 4256.870488096003
-778.49 -119.34 0.09 4784.31153103966
-95.93 -3.94 0.12 4484.550982721019
-958.32 -281.56 0.12 4474.6096435266745
-555.73 -98.2 0.07 4604.107407839421
-441.95 -23.77 0.06 4702.629382035046
-498.05 -0.19 0.13 4322.701606389623
-331.21 -95.07 0.08 4711.893847899256
-888.96 -150.07 0.12 4348.507929072115
-658.06 -79.43 0.14 4718.682321390407
-576.28 -96.36 0.1 3959.0654441683373
-804.06 -14.33 0.1 4889.09389749723
-812.85 -96.25 0.06 5055.163455215913
-566.28 -17.32 0.07 4850.318595314493
-960.32 -255.27 0.18 4207.103303984614
-955.73 -271.15 0.09 4915.055990424222
-725.07 -182.57 0.09 4600.026861244363
-810.56 -87.28 0.08 4987.662136154324
-17.12 -2.12 0.12 4398.749944007644
-710.06 -144.86 0.09 4811.465338136017
-561.1 -134.91 0.12 1927.9371594345744
-409.29 -81.09 0.12 2251.1472467344306
-700.94 -124.53 0.15 1088.8606303109877
-792.26 -152.28 0.16 2304.651220861046
-558.37 -93.22 0.12 1675.524229754385
-291.81 -89.76 0.13 1628.5817002618473
-249.02 -16.85 0.17 -3125.1369468456965
-930.16 -225.97 0.15 -2817.042037853619
-899.35 -180.69 0.15 -2937.7182523475885
-828.63 -527.23 0.12 7444.672849198303
-583.33 -231.21 0.08 7777.451582837692
-702.24 -326.69 0.16 7265.214739645839
-545.85 -185.12 0.06 8057.494064938087
-505.47 -267.25 0.19 7006.176771284741
-299.29 -128.95 0.09 7500.144384105545
-577.73 -239.68 0.07 7250.924483080958
-771.66 -315.81 0.07 7592.780656866989
-627.1 -211.85 0.06 8469.899958986523
-316.99 -133.62 0.14 7494.293836607333
-633.95 -288.2 0.08 7238.438439785616
-413.23 -208.28 0.1 7178.34709716191
-479.15 -286.51 0.09 7534.427103095768
-430.9 -149.87 0.1 7335.257511738717
-405.62 -285.74 0.05 8691.489219265353
-788.87 -378.54 0.07 7433.978303814256
-517.9 -190.21 0.14 7533.32853603484
-177.47 -88.94 0.1 7441.334187027277
-748.25 -351.18 0.08 7260.596269274307
-691.74 -361.52 0.06 7292.867169523416
-704.58 -429.56 0.12 7645.596780781639
-383.66 -196.26 0.07 7958.533674568895
-697.46 -434.14 0.08 7275.133691110406
-226.74 -85.15 0.14 7500.935354525418
-826.82 -320.12 0.05 7103.171480569287
-450.29 -309.18 0.05 8234.628154228354
-591.27 -225.28 0.14 7520.311976565482
-506.3 -304.45 0.05 7531.135283398515
-833.96 -524.98 0.08 7573.0192026939785
-713.31 -428.07 0.16 7574.139541498462
-758.16 -310.89 0.1 7909.721492377805
-891.73 -299.44 0.16 8211.17596772391
-673.26 -304.95 0.09 7848.643210575554
-666.29 -312.68 0.11 7391.856128169529
-818.64 -570.95 0.09 7602.7432200469375
-471.19 -267.15 0.1 7334.063464643192
-116.16 -53.1 0.15 7541.2295247165075
-555.91 -204.27 0.11 7402.748329245829
-346.59 -143.75 0.14 7543.260237292116
-715.08 -264.81 0.08 7441.101901092372
-857.68 -352.65 0.14 4364.216965827108
-503.46 -330.41 0.24 -4408.87571977156
-574.85 -655.15 0.12 5690.34295571853
-299.22 -262.96 0.09 5677.655237723925
-315.16 -420.68 0.09 5688.658395039883
-494.01 -639.11 0.09 5881.576600147614
-450.23 -450.1 0.15 5475.185603884493
-562.02 -606.8 0.13 5541.287329182524
-405.75 -323.6 0.07 5753.9085657228225
-439.59 -500.2 0.06 6388.922721001509
-577.71 -503.78 0.09 6067.841884508317
-176.79 -219.44 0.09 6206.371812245573
-580.24 -685.43 0.17 7361.528019328989
-524.25 -661.54 0.08 6617.155632674244
-460.67 -426.06 0.09 5682.621028324591
-681.46 -697.01 0.11 4960.755578050792
-509.96 -698.01 0.12 5706.79383931648
-562.84 -754.14 0.09 6171.357299269575
-478.0 -372.79 0.08 6278.737285359596
-590.97 -465.99 0.06 6668.9482385548035
-327.6 -337.6 0.13 5710.764952713332
-253.46 -268.48 0.07 5686.162658006997
-500.48 -405.45 0.05 5844.269322730888
-198.92 -159.69 0.09 6287.45131602037
-592.56 -796.17 0.12 5773.9140913936935
-621.0 -656.15 0.1 5907.921730945143
-502.08 -396.69 0.12 5548.6913910280655
-622.24 -781.24 0.06 5611.323231305871
-453.99 -584.85 0.06 7304.852906293094
-334.52 -345.03 0.1 6046.924171713692
-743.05 -599.77 0.06 5625.076093438785
-504.89 -453.77 0.08 5936.152243700884
-381.94 -496.74 0.1 5948.66647448921
-444.84 -488.96 0.14 5777.815834047868
-538.68 -614.48 0.06 6469.016195034043
-534.45 -429.3 0.11 5965.809354524241
-297.87 -370.97 0.05 6541.915947634006
-463.86 -480.1 0.07 6364.863168534549
-558.23 -671.67 0.13 5632.509218191396
-273.13 -352.81 0.09 6139.141619729782
-529.44 -415.17 0.08 5842.871787547436
-301.83 -232.92 0.1 5752.070159779965
-527.52 -518.86 0.14 5621.178780452165
-663.29 -682.38 0.13 5512.7787183757655
-456.58 -550.37 0.07 6407.942698406809
-719.89 -691.67 0.16 5805.138999318931
-287.42 -312.63 0.13 5757.581248115857
-480.4 -532.36 0.13 5497.51582640815
-96.36 -124.14 0.14 5559.2502588194
-243.96 -182.57 0.14 3186.2335922647944
-548.97 -588.18 0.12 2913.992807800522
-384.21 -500.8 0.19 998.1830245221627
-427.88 -682.0 0.06 6948.9833934821045
-515.73 -756.39 0.08 7572.340580097964
-344.23 -604.39 0.1 7040.666204886593
-228.28 -555.12 0.09 7471.378197732722
-254.13 -638.89 0.12 7233.0100176957985
-179.94 -402.82 0.09 6908.325669124908
-226.79 -597.81 0.12 7203.960038136129
-185.14 -519.26 0.09 6865.420764768245
-285.5 -608.42 0.07 6660.206375534567
-427.35 -788.98 0.11 7083.193664096587
-208.52 -489.65 0.11 7095.7348179652945
-561.79 -795.01 0.14 8436.211601246823
-380.67 -846.13 0.08 6860.340379502772
-358.89 -665.58 0.06 7923.073823793146
-355.65 -522.69 0.09 6887.72321979144
-321.41 -790.78 0.1 7086.27975763667
-316.49 -519.18 0.11 7217.846318417658
-84.55 -204.65 0.1 7025.495837200684
-265.72 -669.44 0.07 6707.423882286687
-517.39 -837.44 0.13 7759.231122699527
-128.43 -309.28 0.09 6911.986757607789
-334.88 -900.03 0.09 6843.428117741121
-342.92 -578.72 0.07 6672.498295893416
-401.75 -768.73 0.08 6724.537776307242
-435.74 -838.07 0.06 7592.618651081515
-194.7 -529.85 0.06 6515.52610059654
-354.59 -844.32 0.14 7428.026395677905
-350.63 -661.73 0.15 8232.01345658517
-265.84 -499.28 0.08 6944.357106525056
-241.36 -475.79 0.05 6303.436936108805
-408.07 -745.56 0.06 6483.82789872251
-497.43 -723.68 0.1 7077.60238975866
-242.53 -656.8 0.16 1162.1718986575056
-262.36 -769.71 0.16 2618.088097651535
-537.44 -779.65 0.16 1307.9503891752197
-353.47 -661.39 0.18 563.2991795528669
-252.44 -712.53 0.14 587.58049853576
-22.64 -46.32 0.12 594.522846118181
-511.05 -795.37 0.14 2474.544627309211
-187.91 -704.37 0.07 8840.003416600777
-108.45 -751.62 0.09 8729.75902774001
-17.71 -842.61 0.07 8089.873343466186
-143.15 -922.17 0.06 8126.608540505204
-91.61 -443.84 0.05 8035.802080389236
-24.21 -389.36 0.11 8463.857588356888
-188.76 -717.89 0.06 8074.390605356767
-102.96 -555.43 0.09 8305.68842243916
-20.98 -965.77 0.12 8453.384681215925
-2.59 -866.3 0.06 7684.508489731411
-70.64 -854.61 0.07 8045.040230155466
-141.93 -473.71 0.1 8527.338266663019
-116.74 -837.94 0.13 8408.077068566337
-90.7 -358.54 0.07 8162.067888640561
-31.03 -183.38 0.12 8347.421185479476
-176.6 -544.0 0.14 8637.437703571744
-85.49 -894.17 0.07 7975.349795891139
-10.96 -473.96 0.05 7781.100642407735
-168.37 -520.74 0.12 8534.604261332339
-147.56 -565.72 0.07 8935.15977447265
-136.41 -703.29 0.05 7559.074180794152
-183.93 -843.02 0.15 8707.207461336597
-8.16 -740.21 0.16 8747.72075270709
-256.49 -889.95 0.05 7667.565865083978
-115.53 -725.62 0.07 8066.97864503971
-40.24 -658.03 0.06 7732.696169541203
-46.77 -707.02 0.09 8188.082774563663
-83.57 -387.91 0.06 7948.937741482924
-64.3 -447.77 0.17 8715.417729507317
-130.62 -793.38 0.1 8266.439065804436
-234.21 -814.88 0.12 8523.20048917448
-31.02 -187.85 0.08 9004.503459581381
-125.03 -635.05 0.13 8571.709145405883
-130.69 -494.48 0.14 8565.583520555007
-99.1 -557.45 0.15 8393.813007584607
-72.95 -684.94 0.08 8444.935894696539
-58.99 -655.69 0.15 8616.061206313514
-128.45 -855.81 0.12 8471.15827390989
-44.69 -704.52 0.13 8630.506115030683
-151.86 -929.13 0.08 8414.133137630066
-180.19 -922.18 0.17 4171.029619038536
210.73 -868.6 0.14 7094.113138281596
6.78 -846.13 0.06 6666.530160281746
61.6 -971.11 0.11 4826.303651736911
263.74 -860.03 0.15 4551.34326323846
37.5 -782.58 0.1 5082.250550141819
196.64 -822.59 0.09 4880.828638396925
3.04 -474.13 0.15 6581.261050654532
189.09 -920.43 0.12 4960.344856363099
188.25 -727.9 0.08 4843.689315980146
266.94 -944.13 0.12 4863.249570509304
115.77 -435.33 0.09 4801.369347174823
18.49 -255.13 0.09 4810.004741782692
3.06 -640.34 0.14 4672.768218767209
299.68 -937.47 0.12 4663.016279911705
79.93 -462.5 0.07 5656.374346799621
105.51 -724.69 0.07 5650.242538682587
120.81 -830.4 0.08 5011.278607832541
116.47 -758.51 0.07 5037.8982723618565
29.25 -686.18 0.09 4880.40261921123
15.54 -123.51 0.1 4815.05576851076
33.72 -637.38 0.09 4994.664038240505
171.13 -554.18 0.11 4991.518778184448
216.66 -903.94 0.08 5118.467494615446
174.53 -906.35 0.13 4620.1625972107795
97.32 -451.67 0.13 4769.689036011719
31.29 -603.83 0.11 4909.178780133874
88.08 -847.49 0.24 4542.512758370871
34.26 -495.84 0.13 4701.393768062549
98.14 -782.96 0.11 4719.952492876773
120.26 -402.29 0.06 5957.82526146777
132.83 -817.01 0.08 4928.894224935373
173.59 -918.83 0.06 6137.852055634513
191.81 -718.49 0.08 5858.3865464915825
172.6 -588.67 0.14 4625.448808750918
31.6 -490.34 0.09 5321.361450793708
150.7 -540.4 0.1 5170.883282000178
46.88 -856.09 0.11 4433.635919866352
62.8 -311.54 0.13 4791.524062086732
78.5 -279.95 0.09 4950.901583464574
88.94 -657.98 0.11 4983.389781849531
214.38 -897.27 0.13 4565.081710029815
122.11 -787.65 0.13 4637.501005767812
201.05 -658.4 0.15 6161.647079248405
60.32 -377.08 0.15 1089.6797659478448
247.79 -965.94 0.15 1106.6803988184106
45.42 -796.8 0.13 1772.6927458513233
28.77 -870.33 0.18 -3620.89387457048
121.89 -571.58 0.14 -1402.316369760324
421.01 -682.56 0.17 3565.9595391928715
379.04 -604.2 0.14 5363.919348094327
214.36 -502.2 0.14 7920.4246012679905
306.71 -476.59 0.14 5500.295364712433
335.07 -569.7 0.08 4528.458834716439
463.73 -682.27 0.19 3586.3835941153147
71.44 -208.65 0.11 3733.5513812285553
374.35 -526.95 0.12 3705.9425218941738
446.89 -686.79 0.23 3726.8239049415233
62.93 -145.66 0.24 3787.5080535215093
174.24 -427.75 0.09 4178.086179856705
305.81 -844.21 0.06 5738.163764337302
278.86 -680.47 0.13 4782.061822084497
343.3 -545.41 0.15 5901.773957072237
265.45 -587.5 0.08 4709.744501111917
407.47 -775.57 0.13 3628.7418456192227
233.5 -669.08 0.15 3575.080483149148
124.29 -191.41 0.05 4412.138613256952
226.66 -669.97 0.1 4155.870639598335
405.97 -645.65 0.13 3623.546502000596
262.99 -524.94 0.05 4224.957506653113
83.48 -242.23 0.17 3566.3455883513107
221.52 -567.05 0.05 5796.791974845569
227.7 -393.53 0.06 6024.308111257578
182.19 -316.75 0.08 4980.858504997435
525.09 -822.75 0.14 3650.107269694367
117.32 -225.84 0.15 3579.614212604327
167.0 -319.82 0.11 3902.19172605787
441.07 -637.2 0.11 3707.172599549919
321.08 -508.88 0.11 3700.351155968601
357.86 -537.9 0.14 5081.455487651131
480.06 -724.93 0.08 4941.468202889568
213.29 -301.47 0.08 4336.775780154652
474.17 -731.41 0.1 3764.698641603003
487.98 -693.47 0.07 5148.944768285337
250.59 -482.99 0.09 4746.815421848063
376.36 -699.43 0.06 4278.367635412485
373.13 -705.12 0.09 4723.427052092431
138.77 -286.65 0.12 3620.8725604683414
339.93 -541.31 0.2 -1324.461783651157
93.59 -280.18 0.24 -2470.100390023702
108.24 -305.81 0.11 1488.1883903828807
136.5 -381.87 0.11 1847.1323874933
390.7 -907.65 0.13 -1825.5433325371491
732.96 -586.99 0.07 6670.102715269632
333.97 -434.76 0.1 6672.0996399414735
574.55 -475.69 0.18 6990.610546844191
599.42 -466.75 0.14 6142.895430257854
61.49 -47.87 0.05 6201.405215607478
677.72 -685.98 0.19 6995.272012740425
256.62 -332.12 0.18 6410.790672033077
403.92 -364.95 0.16 7476.327597303432
378.58 -307.5 0.12 6078.5345434904775
611.83 -659.2 0.07 7452.854723563632
489.23 -664.89 0.1 6269.080392569578
300.23 -222.56 0.14 6235.744502977246
475.58 -402.44 0.17 5950.618221716804
603.58 -641.24 0.1 6152.765682859656
427.68 -312.95 0.14 6118.367319415774
498.31 -456.83 0.12 6384.455728309986
510.26 -519.04 0.07 6755.249088907825
431.38 -322.92 0.12 6168.210758672354
510.14 -433.74 0.08 6373.121911935197
189.67 -213.69 0.05 7180.482447523657
551.94 -698.24 0.13 6315.309640025027
552.97 -452.32 0.05 8026.669720322313
348.24 -261.34 0.15 7253.95294968268
594.45 -541.07 0.13 6293.642553211346
679.53 -530.65 0.12 6429.527505078733
561.43 -498.99 0.08 6976.41400437624
525.71 -629.62 0.07 7080.934303267512
389.1 -382.51 0.1 6660.979523799434
583.34 -466.07 0.16 6121.826912179327
659.31 -548.28 0.12 6271.985701275118
555.99 -762.14 0.08 7042.131071290527
129.38 -164.2 0.11 6353.609041344101
382.57 -289.6 0.13 6219.448490901319
497.48 -498.66 0.12 6154.746823821833
248.3 -204.32 0.05 7422.5805615384825
699.95 -531.34 0.08 6172.976108141679
279.96 -268.3 0.08 6147.477235070332
500.61 -607.75 0.09 4562.910142276047
395.76 -430.92 0.14 3852.2477719578874
607.58 -342.33 0.08 6822.636072608182
557.93 -237.43 0.06 6010.869348144575
648.88 -272.02 0.07 7272.65045799521
151.03 -82.26 0.11 6288.741945868087
226.17 -93.38 0.09 6727.773040367012
859.16 -490.67 0.16 7570.073613171178
778.78 -562.33 0.18 7536.222645572758
805.1 -496.49 0.12 6213.621179675611
437.41 -297.72 0.05 8057.269689715749
686.71 -411.88 0.1 6765.615774644199
859.51 -369.69 0.13 6094.455797183939
835.63 -300.55 0.15 6040.396008337371
849.06 -324.33 0.13 6070.755599765847
472.11 -256.28 0.13 6063.085038585043
734.61 -260.78 0.12 5841.393534713932
732.31 -251.68 0.11 6073.959749384196
890.38 -335.94 0.08 7181.439139936887
719.73 -504.24 0.13 6046.444297672197
761.79 -349.37 0.05 6181.741200195727
862.43 -350.66 0.07 7253.110158368029
799.16 -353.99 0.09 6658.391680047744
677.8 -468.58 0.05 6153.578523767015
665.31 -388.99 0.13 6036.880364012519
653.12 -440.49 0.07 6231.644098251591
720.72 -463.43 0.06 6195.8095550569915
254.09 -120.75 0.08 6590.418124534581
746.23 -328.19 0.12 6077.603224810024
712.8 -495.24 0.12 6074.305384081828
814.79 -507.17 0.07 6144.5850097865405
291.01 -201.97 0.14 6133.042835295588
470.41 -210.43 0.08 6100.207760283334
568.33 -191.04 0.08 6311.867915908784
753.39 -495.23 0.06 6468.59143903965
303.51 -185.19 0.06 7729.757319944662
828.83 -537.65 0.14 6112.841955455713
655.85 -400.46 0.1 6224.7909839665845
561.33 -252.62 0.12 6115.087786020875
641.99 -391.06 0.16 6122.964169184288
484.72 -233.04 0.07 6442.783466328208
719.83 -348.19 0.16 5993.774714218407
432.16 -170.9 0.12 6150.200788662231
762.18 -400.26 0.07 6071.952498196994
783.23 -493.11 0.15 2828.440995722803
754.43 -413.07 0.15 2910.966253308126
252.71 -82.78 0.18 2126.331342368503
886.08 -340.22 0.13 3349.146824273195
675.24 -121.27 0.1 6169.508301177314
415.62 -19.79 0.13 5775.284241151604
942.04 -44.83 0.08 5964.777797359613
674.57 -74.83 0.15 5613.271828394317
483.82 -113.86 0.06 6527.802651371636
964.09 -45.22 0.18 7296.604582965437
771.43 -92.68 0.13 5618.200469922423
935.96 -121.73 0.06 7428.349030782877
973.33 -173.07 0.06 6028.586728067858
728.51 -7.86 0.16 7488.2743711267485
809.97 -82.08 0.11 6007.989991642358
683.41 -57.86 0.13 5656.605557055189
752.61 -158.41 0.1 5738.016863124558
863.46 -14.21 0.08 5945.6080752430225
620.89 -59.08 0.1 6311.464903492097
662.07 -108.08 0.09 6693.813886774435
791.22 -141.57 0.19 5739.195632748135
878.52 -195.75 0.1 5894.289257444484
367.14 -94.25 0.13 5770.030406397735
327.04 -75.47 0.15 5614.454075707136
56.49 -3.41 0.07 5955.272887098838
230.84 -10.34 0.05 5716.960569321583
794.35 -234.32 0.07 5828.2414565717345
952.59 -75.85 0.06 5877.265576978412
969.47 -125.41 0.14 5649.999715222521
455.28 -33.0 0.11 6235.0220811526015
265.47 -59.99 0.12 5992.07148817956
368.67 -14.33 0.12 5760.4562355623075
799.3 -50.6 0.06 6333.765734494218
857.94 -202.54 0.13 5754.234478072323
577.8 -17.99 0.15 5594.613827110177
742.85 -57.63 0.16 5583.658962631185
804.48 -210.07 0.14 5634.0270383018715
787.98 -196.2 0.06 7163.465878473613
983.98 -78.73 0.07 6106.997541393488
378.87 -68.91 0.1 5985.0299576041325
837.08 -191.17 0.13 5787.3690649578
950.2 -262.48 0.13 5698.994435176564
827.87 -133.56 0.07 6155.292829548685
985.33 -155.98 0.11 5764.277243184233
468.6 -28.49 0.08 5814.233319159947
336.73 -65.26 0.11 5936.024752640773
984.0 -60.82 0.14 2780.8403879784782
298.98 -13.34 0.17 1878.4032475253293
