0.0 0.0
345.34 885.37 0.13 25671903.57426212
315.42 835.14 0.25 -34117.793636822214
408.47 171.43 0.11 -9986.479898077165
821.35 278.22 0.24 -34231.77514938598
640.87 306.57 0.17 -21229.815713989887
184.56 30.07 0.12 -12490.185277129201
469.33 121.09 0.07 -4618.503056724103
927.8 3.39 0.22 -29999.60215351006
214.22 490.14 0.11 -8436.383410561328
676.72 124.06 0.11 -12134.585389547812
289.8 752.83 0.05 -235.5059653529579
708.62 680.61 0.11 -9161.737736890545
354.19 511.47 0.24 -35275.33453238598
685.6 206.47 0.08 -6384.379226628166
62.8 96.93 0.19 -22457.79072583529
742.61 361.33 0.09 -8557.708153833408
596.0 166.41 0.28 -37897.88383400914
633.15 82.89 0.11 -12814.72181426024
644.06 421.99 0.27 -37691.084651401536
241.25 91.3 0.25 -36676.67729131874
600.94 318.58 0.08 -5593.348586676241
765.46 296.67 0.26 -37992.11031725148
508.45 183.55 0.18 -24234.064210789482
325.44 461.89 0.22 -27599.56824287287
184.18 289.04 0.3 -41986.24331380298
477.9 51.33 0.12 -9434.939620928866
921.14 126.91 0.21 -29068.122622220842
460.48 402.5 0.19 -24269.844142764876
352.76 905.54 0.26 -38411.05923925148
531.5 246.73 0.12 -13764.363889579536
797.08 481.4 0.25 23387663.741632503
559.23 162.57 0.06 -8114.937283900819
282.07 530.06 0.29 -40335.01200215784
365.25 781.8 0.23 -32878.07528371013
635.01 405.26 0.16 -20889.22670796579
477.86 293.82 0.15 -16622.633411416602
726.2 52.0 0.21 -26388.589396587733
765.36 253.25 0.23 210811949.50969136
545.05 801.81 0.16 -17278.136193305065
638.41 422.14 0.07 -3525.310809848316
267.78 675.04 0.28 -40763.04258758269
370.78 563.94 0.16 -17005.867633197984
657.04 546.15 0.1 -6553.58690630855
666.55 386.41 0.09 -7295.548995277319
234.86 50.72 0.07 3944517.628437515
696.01 610.82 0.15 -14433.042361455391
293.13 316.02 0.09 -5765.947391667047
123.18 201.54 0.28 -40748.39001113527
483.52 258.39 0.2 -23091.836240654986
109.2 36.11 0.07 -2998.7252961880117
299.69 613.64 0.25 -33343.19574808616
159.04 73.84 0.21 -24763.267397587733
543.22 162.32 0.18 -23057.85479178948
595.04 332.28 0.22 -27133.938072928147
550.78 435.07 0.09 -4461.601901266034
197.42 329.83 0.13 -12212.033391263047
496.79 548.0 0.15 -17692.532961672267
220.77 512.61 0.05 -1594.5116463859447
942.1 96.67 0.17 -21051.301007856742
515.1 252.67 0.13 -11837.56402003595
224.35 229.86 0.07 -1251.5009789317983
468.5 575.37 0.27 -37662.77728718423
446.5 313.78 0.29 -43856.545968049715
389.95 801.35 0.08 -6836.854944548354
582.48 797.88 0.21 -27640.92951082759
747.46 314.22 0.08 -7202.995369757711
461.43 258.17 0.26 -36979.01013643487
168.14 344.47 0.11 -13259.328678945418
895.35 175.64 0.21 -24652.940203661856
162.42 248.13 0.16 -19764.366433923988
720.78 11.94 0.22 -29674.44031714147
740.65 86.75 0.21 -29411.41290126487
135.77 52.69 0.18 -20490.73537578948
115.17 131.58 0.12 -14191.490274620332
554.64 831.46 0.05 -13.788659629693257
606.91 634.5 0.16 -17851.24911004493
253.49 216.83 0.3 -40059.61246698247
519.35 117.0 0.13 -14884.432773094446
260.76 77.77 0.06 -1938.8174270686022
726.87 62.38 0.05 -1777.696253971695
493.37 437.03 0.15 -15303.619750799666
203.33 275.55 0.19 -23863.029428964346
738.13 434.84 0.15 -18375.845075390873
937.78 58.77 0.16 -21258.063224422698
672.48 559.24 0.14 -14312.658167669486
886.74 357.88 0.15 -19916.071736991238
387.18 542.15 0.07 -3108.5076641583937
193.93 530.45 0.1 -6728.729149166627
982.77 18.58 0.13 -11243.251706125739
428.74 327.03 0.18 -23183.843817298628
746.16 116.06 0.21 -28831.04071020976
297.74 329.25 0.18 -24187.53976977411
657.14 300.56 0.1 -10732.91219787213
163.18 182.39 0.27 -34818.16143418423
919.96 234.02 0.06 -5006.133010445215
358.48 831.73 0.12 -13009.900069583178
812.72 143.13 0.24 -30031.567869337476
357.29 519.58 0.12 -13816.928029192992
474.27 535.37 0.11 -7976.220827108833
703.66 273.84 0.19 -21306.280684641333
150.92 239.08 0.24 -31345.1331874304
255.4 646.85 0.22 -28581.509184025606
543.96 801.23 0.15 -16990.177659624474
819.32 331.7 0.06 -4232.965410854534
347.39 633.6 0.17 -21463.645644856744
474.05 290.98 0.28 -36734.294882116985
773.42 407.41 0.3 -43851.981222982475
679.11 346.26 0.1 -10050.31856028314
758.08 79.72 0.1 -10030.229399500719
482.49 573.55 0.09 -6294.96031436384
683.76 333.04 0.27 -39977.151942184224
831.38 504.05 0.24 -32884.63079840644
662.44 441.73 0.24 -34559.47513747739
128.58 201.1 0.14 -13401.523036997243
711.94 270.5 0.23 -29965.99789782204
612.41 228.74 0.25 -33801.922247699644
447.94 578.7 0.05 2035.0262329696527
311.08 260.9 0.18 -23196.587527050095
384.69 304.3 0.11 -8827.040898007639
345.23 168.18 0.07 -2660.5092516423683
684.21 188.91 0.2 -27490.323633654985
140.25 304.4 0.18 -24259.297034598963
211.63 53.79 0.29 -38862.57878945477
855.14 190.61 0.28 -40067.13232911698
551.41 478.72 0.14 -18096.292340203756
929.38 70.38 0.18 -23102.30205243751
736.82 308.35 0.2 -24597.705816654983
522.67 595.33 0.25 -35415.27591731874
324.15 751.54 0.17 -22419.944050383714
914.56 99.38 0.22 -31224.482729207342
413.29 38.65 0.2 -25887.6781475879
553.29 787.88 0.28 -36554.07998774081
301.01 554.37 0.27 -34633.80637559471
191.78 18.64 0.22 -29125.35639252048
304.83 368.4 0.17 -19860.911805530748
215.56 122.8 0.27 -39038.15293818423
351.23 336.68 0.23 -31706.60168045323
499.95 97.77 0.18 -22615.23361493241
258.79 627.38 0.16 -20500.794050302346
428.66 290.59 0.18 -22180.71471978948
242.79 631.0 0.14 -2882899.9633377655
332.8 69.98 0.29 -39742.58071504972
821.19 180.13 0.12 -13402.693374192992
942.38 268.89 0.26 -37495.1304772402
595.19 199.24 0.07 -5970.333685529246
473.01 301.57 0.23 -28568.080823442702
606.89 253.83 0.11 -10008.648739536822
536.83 533.12 0.11 -11713.54060526024
860.75 254.29 0.15 -14413.660389095268
9.52 19.57 0.05 1773.7054454692454
753.78 241.39 0.06 -890.7004975033062
573.54 28.82 0.15 -14696.763942223743
514.42 443.09 0.11 -10493.6196517291
546.56 583.67 0.27 -35070.34531818423
562.14 767.47 0.1 -9746.423534068144
12.16 2.87 0.29 -43695.70070604972
545.05 732.7 0.13 -14494.302719125739
98.88 128.2 0.27 -37243.790634704594
292.7 48.28 0.27 -39655.61986755689
187.13 54.74 0.21 -25777.456078392337
827.42 35.83 0.12 -10184.880117168612
481.24 488.22 0.27 -9899151.093411688
637.22 283.57 0.23 -27803.70725095329
548.25 77.85 0.17 -18905.876775442124
559.3 258.98 0.27 -39587.55933432911
654.67 752.71 0.23 -29268.84132745323
559.16 126.6 0.17 -22707.458157134464
743.65 653.75 0.13 -15186.24754992326
222.97 260.46 0.08 -2860.442367785273
172.34 160.0 0.14 -18341.13159405849
412.17 521.97 0.15 -19463.68933762705
931.4 321.33 0.14 -13718.228069437342
558.16 38.39 0.18 -24437.135922877285
464.12 89.91 0.12 -9890.58031900857
526.6 839.49 0.18 -21401.511071199948
79.08 197.1 0.25 -36704.83401431874
687.99 90.71 0.3 -44730.11803198247
791.83 80.06 0.2 -25937.109972654984
607.86 444.67 0.17 -2953885.9285572097
835.03 114.44 0.15 -1859607.5672688768
464.26 635.23 0.2 -2905896.930688699
894.02 186.84 0.15 -1078485.344259579
244.1 610.51 0.19 -2092660.2049184681
568.52 753.16 0.26 -5360671.915841306
319.47 571.03 0.27 -5242221.117721731
543.66 567.32 0.1 -918284.6937015714
711.38 68.75 0.17 -4691538.9278827235
398.76 481.08 0.16 -1398867.090872715
419.18 291.58 0.19 -1962247.1151322122
887.09 294.89 0.23 -33011.17504270344
631.74 437.4 0.17 -20906.42256685674
886.88 454.23 0.29 -41507.12650973731
638.06 250.32 0.21 -25466.17429556264
281.87 92.0 0.19 -22418.803766722234
388.36 894.07 0.1 -9287.415885088118
222.86 139.27 0.12 -13515.76154906535
460.11 598.7 0.24 -33042.21506534577
355.19 250.25 0.11 -10368.150127417572
581.61 120.44 0.13 -11929.069496283937
789.02 504.07 0.19 -25568.77136600887
622.75 78.34 0.27 -39304.23754118422
-312.13 308.34 0.21 -24846.795011742463
-435.86 536.46 0.29 -39751.523527401965
-95.19 630.31 0.08 -6957.5549216370155
-72.55 385.59 0.24 -30307.65972440246
-311.94 480.99 0.16 -16576.043779050524
-310.98 568.93 0.08 -3189.171759176338
-450.32 621.97 0.27 -38909.02844882925
-12.02 743.21 0.12 -9353.494067332666
-227.23 554.3 0.27 -40469.64995018423
-9.63 591.42 0.11 -9985.171890196658
39.24 782.85 0.23 833959418.2833508
236.37 835.74 0.27 -37814.176393013986
-228.73 487.75 0.24 -32883.079796166756
-46.79 149.57 0.26 -37954.19498325148
241.85 779.09 0.16 -18093.984423915797
270.28 958.77 0.29 651825616.0075086
-115.45 903.24 0.06 -4284.387389684116
11.78 742.67 0.18 -3812.3451712472124
-79.94 926.89 0.14 -13202.005154253027
-218.8 964.48 0.12 -12350.265426682703
-166.48 407.92 0.18 -21089.393145478934
-714.0 695.29 0.27 -38006.963220207035
-241.4 822.55 0.2 -23430.270549613673
-17.82 810.37 0.25 -33800.33966431873
-349.01 325.6 0.11 -12768.42811626024
-40.98 375.83 0.06 -1783.167722513452
-109.14 217.47 0.27 -39058.397583412014
11.96 590.13 0.24 -31173.207329208075
159.03 806.58 0.16 -19723.64823216821
-366.2 321.62 0.15 56468.09967330162
212.76 762.2 0.1 -6891.9601672987665
-138.94 228.28 0.24 -29589.172416211753
-378.43 623.28 0.29 -40836.18133304972
-252.47 291.79 0.09 -9562.700477509476
-282.24 314.39 0.21 -26000.103071587728
-204.45 868.45 0.24 -31031.14856538598
133.27 875.04 0.23 -32243.55792345323
-261.26 873.64 0.12 -10308.426162961612
-375.63 612.88 0.09 -8003.52708178473
-357.21 641.03 0.28 -40754.65661656263
-342.74 436.66 0.15 -15876.046306273596
-444.49 687.0 0.13 -12469.970608990652
-375.89 879.21 0.3 -43741.57843364378
-536.28 758.43 0.25 -36762.84284931873
-315.96 758.53 0.2 -25264.20003408131
-115.78 484.26 0.24 -32388.05224638598
-318.41 525.08 0.15 -17816.57705993822
-25.15 345.08 0.12 -10453.07401067497
-6.8 222.77 0.08 -7862.191018461995
-230.62 367.4 0.18 -21661.29319622779
238.94 838.08 0.16 -20195.397117352175
51.55 794.87 0.06 -2386.156053324152
-203.06 482.3 0.11 125560.61455872764
-368.92 611.97 0.11 -11290.978206143634
-258.44 780.9 0.25 -33309.37374997011
56.18 945.21 0.26 -36512.19334225148
-138.85 776.66 0.27 -34893.95726518423
-294.65 695.97 0.17 -18489.091297761264
-463.2 583.17 0.23 949.6446713352416
86.8 388.86 0.16 -18789.083218491112
-254.57 335.46 0.22 -26009.171334849834
-572.77 713.8 0.12 -13930.02154990885
-167.1 341.64 0.13 1352199.6903458124
-700.39 599.6 0.25 -33090.52052586248
158.89 713.0 0.28 -39145.406405116984
-182.22 865.35 0.19 -26142.235512722233
-31.28 711.34 0.25 -31808.841035362006
-482.82 865.57 0.28 -40851.93068711698
-510.63 616.33 0.16 -17258.139902923987
205.42 948.31 0.29 -42073.55555868521
-51.86 770.63 0.29 -38605.09808004972
-389.46 607.56 0.07 -4772.221086129056
-397.92 348.52 0.08 -7911.164858656412
-714.96 680.97 0.2 -26278.45167616599
-362.05 423.44 0.07 -3251.6978379579905
-200.99 978.94 0.11 -7970.592133337117
-34.51 569.35 0.11 -11506.040492479906
-94.29 360.79 0.24 -34303.25041738598
-123.67 770.19 0.07 -3603.5200431356566
-436.1 730.18 0.08 -4583.573074957729
-442.55 532.09 0.25 -31671.191636371717
-280.12 455.21 0.13 -13180.763546157052
59.15 287.21 0.1 -8278.468116924374
44.7 572.64 0.17 -20191.339086856744
3.06 588.58 0.29 -40483.23427404972
-655.27 651.68 0.14 -18086.705115878147
158.7 777.42 0.14 -17053.884350499073
-314.32 479.64 0.3 -40285.20474290648
-36.53 606.33 0.26 -32863.51396078383
-654.4 625.67 0.24 -31881.556808385983
132.31 972.57 0.14 -15610.202951534588
-238.64 958.76 0.25 -33013.24900420924
-206.03 264.56 0.14 -14707.885046058493
-359.8 451.79 0.13 -15911.688275125738
246.25 862.41 0.16 -19411.822449535983
-24.22 500.23 0.22 -30212.590374520478
-0.98 736.24 0.15 -19636.6353900384
-318.07 520.89 0.29 -41726.0706078671
8.98 765.83 0.2 -27298.685452654983
125.2 428.43 0.22 -31195.0668920228
191.6 773.06 0.13 -12661.943149817023
4.43 838.92 0.29 -40196.99524504972
60.42 555.89 0.15 -17130.54905599124
139.15 673.56 0.3 -42922.47490116617
-74.4 756.96 0.23 -29076.0699906656
-249.2 709.08 0.07 -2923.180266812765
30.47 824.72 0.09 -6261.128469927755
-283.76 715.99 0.22 -28182.789927650207
-419.84 888.85 0.18 -24776.55056178948
-102.13 549.42 0.19 -22847.369991722233
-113.92 644.43 0.19 -25885.159997722232
233.39 886.02 0.29 -39948.608792514526
289.65 916.57 0.19 -26202.56828292325
-398.45 859.94 0.11 -12659.485641323185
20.69 748.27 0.18 -20956.707946266186
-68.03 584.77 0.26 -36681.649638251474
-204.64 433.22 0.15 -16600.901328830485
-542.29 654.72 0.1 -10987.202419224106
-276.21 492.96 0.16 -16127.276645027237
-187.16 477.31 0.25 -36782.96046131873
56.91 837.99 0.22 -26389.049023425618
-389.72 747.99 0.14 -13627.438638818663
-500.34 434.94 0.26 -33332.938926251474
-89.3 455.54 0.09 -9380.46296291159
-109.06 239.74 0.16 -16544.89177692399
115.94 832.16 0.2 -26188.766323209402
-355.67 284.7 0.15 -16732.06698893144
-222.72 219.7 0.25 -18252.949968631612
50.91 591.73 0.3 -42555.91213798247
-278.1 779.54 0.27 -40111.97148518423
77.56 822.23 0.17 -17718.879311770997
66.92 862.61 0.09 -33463.88669226081
-310.42 574.67 0.26 -33167.68311288603
-352.51 399.41 0.06 -25914.88717435504
-265.54 590.88 0.09 -26106.026908887856
-254.81 804.38 0.07 -25118.349467190743
-394.14 601.0 0.06 -14412.669266875391
55.62 859.53 0.08 -74667.83823718905
119.58 735.75 0.23 -30546.530884279884
-491.68 525.78 0.08 -19122.4510687778
-422.07 326.88 0.07 -62693.26178614704
-199.97 814.75 0.11 -150122.64363239956
-601.18 580.41 0.25 -31855.300634025676
99.53 634.83 0.14 -17967.58555005849
-745.43 626.05 0.21 -25614.445380587727
-56.4 315.08 0.16 -20299.526314478782
42.59 959.86 0.07 -3640.0386548714614
-568.9 716.71 0.11 -9717.768109253098
107.59 436.16 0.07 -2661.5511721890516
-192.27 356.94 0.1 -6522.980316327492
-664.13 492.15 0.22 -29525.71874852569
-98.91 412.45 0.25 -33521.511921318735
-244.25 905.0 0.26 -35408.25777540173
-624.61 747.84 0.27 -37680.487094184224
-116.95 730.9 0.24 -34227.9676672059
-247.32 965.86 0.28 -39232.407114435424
-613.14 571.51 0.29 -40222.21340666055
-334.26 244.38 0.27 -35802.03298769955
-230.4 800.12 0.3 -39999.8594077385
-231.88 263.46 0.19 -26165.825244722233
70.2 784.04 0.25 -34382.23819731873
-144.22 633.63 0.11 -20756397.83938722
-53.27 401.99 0.29 -42688.52311604972
-168.35 794.25 0.27 -39625.839517354514
-247.36 500.71 0.27 -36767.42804418423
-372.32 843.22 0.28 -39732.47001711698
-187.58 751.84 0.23 -28974.95136345323
175.7 712.81 0.3 -42182.44124712845
-66.35 900.63 0.27 -34512.14570486001
23.04 614.14 0.19 -22150.771834183248
-246.14 243.2 0.16 -17453.60571279744
-164.03 906.2 0.27 -39808.88869518423
5.17 889.58 0.21 -24680.63925500735
80.11 835.49 0.14 -13068.442536420845
209.48 771.75 0.19 -25164.917804722234
-345.02 501.23 0.11 -9740.85227942192
-283.06 547.67 0.09 -9662.967416062014
49.35 304.34 0.3 -45320.45520898247
34.49 694.61 0.24 -32129.6403867181
-455.1 419.36 0.25 -33988.90866411891
-482.79 541.97 0.29 -42626.575765707
94.01 991.86 0.25 -16863310.632438898
-472.09 622.71 0.28 -63092675.50124916
-312.73 477.24 0.24 -30099.927095857358
-201.57 725.32 0.11 -12146.743972351884
-239.44 486.95 0.28 -39535.52647037315
-27.26 397.85 0.23 -27762.904262690798
-618.66 539.65 0.21 -25594.592454703015
4.95 341.7 0.23 -32718.730237621698
133.72 721.68 0.11 -10632.653342742495
-359.32 571.83 0.2 -26994.99084738285
-300.87 333.03 0.06 -2955.0949000044075
-212.26 682.94 0.27 -38788.328705193475
-135.68 616.73 0.13 -15879.694351646709
103.81 874.74 0.16 -17153.441596480243
-171.85 500.36 0.21 -27963.439721133953
-557.28 647.53 0.22 -29641.003299665816
-60.8 717.06 0.17 -18007.645426545583
-202.18 949.24 0.2 -24013.155377928913
-5.34 98.07 0.29 -40373.078439516816
-240.71 506.39 0.27 -37907.94168569009
-10.55 916.83 0.26 -36030.05389625148
-285.74 518.47 0.19 -26081.642283722234
25.19 927.13 0.25 -32664.936497318733
-749.72 529.12 0.08 -7456.009076217503
-680.08 -285.64 0.15 -18472.09886299124
-179.14 11.31 0.07 8949.358833350534
-244.06 48.26 0.15 8943941.1256082
-524.88 -2.76 0.12 -10960.296908952118
-670.01 -486.61 0.13 33341.877072624404
-421.43 250.75 0.26 2202294.7840764513
-725.51 351.41 0.11 -9556.137059803712
-824.62 361.4 0.13 52558600.93837035
-520.94 60.99 0.15 -18039.399886729483
-310.05 52.69 0.06 7722.659186137816
-911.59 -373.5 0.07 9468.261791288342
-474.28 317.28 0.23 -32041.02828460678
-869.59 0.48 0.22 -28568.732363168634
-806.8 -60.62 0.25 2401213.176813845
-444.67 78.72 0.28 -37728.729152186206
-475.81 222.86 0.25 -34787.318896665915
-456.12 -239.97 0.25 -33118.81153773173
-713.13 -39.9 0.18 -22747.819890216433
-416.07 -140.83 0.18 5026750.14276131
-454.82 -9.14 0.11 -11813.138311010383
-150.67 63.07 0.21 -27119.985700683035
-549.09 -230.81 0.12 -12897.119632192991
-442.96 166.33 0.12 -14246.407992192992
-667.7 -478.11 0.17 -20341.292135318905
-795.7 245.83 0.23 -27935.154847362384
-905.5 -120.03 0.24 -33089.64837938598
-532.91 169.88 0.15 -19355.457943645524
-435.16 -130.54 0.09 47046570.25516983
-773.69 -279.28 0.24 -30244.27419741235
-220.13 -53.35 0.11 -12906.067938939592
-720.81 405.65 0.05 7272.672261196317
-370.77 -71.49 0.27 -35465.37832831714
-894.07 364.65 0.3 3817084.6505561434
-329.7 181.01 0.23 -29184.21470145323
-733.3 288.09 0.22 -29147.92284743545
-743.2 5.55 0.13 -13209.343053509878
-939.97 73.75 0.29 -38330.30170404972
-478.47 -118.83 0.06 7346.80495870059
-835.07 280.42 0.22 -30973.152896647065
-643.6 31.85 0.09 -8706.17241735463
-569.53 392.11 0.07 -3848.609221435636
-496.45 211.38 0.18 -21414.525858198984
-131.66 71.36 0.13 -15143.945851125738
-916.15 370.93 0.11 -9371.008874663059
-200.62 63.15 0.06 7342.990124229689
-559.77 -2.48 0.22 -26228.567476009033
-848.2 -30.52 0.06 7372.456095652429
-479.22 -38.17 0.06 10135.191510683118
-491.8 149.47 0.18 -22359.095129767993
-585.3 -238.82 0.24 2549553.944649586
-237.08 49.16 0.15 35824.43991233613
-388.54 -152.0 0.25 -36059.68688431873
-595.45 -149.67 0.3 -42181.17356105329
-759.7 -150.62 0.12 15911.68061627238
-365.96 0.09 0.1 6638.274070412046
-774.33 -224.21 0.11 -10052.960895357424
-877.41 -228.19 0.1 -6509.0720469243715
-470.2 131.89 0.11 8286.571907956019
-201.7 -28.47 0.2 -24412.63345291068
-736.64 485.94 0.2 -24477.422260973122
-572.19 412.18 0.12 -10507.491331192992
-72.01 -2.54 0.27 -35359.73451318423
-131.34 55.5 0.1 -6476.030131101561
-672.89 -278.19 0.15 -18250.2424691455
-791.4 -313.27 0.29 6334246.194938616
-979.04 36.59 0.27 2289929.903079403
-618.56 -162.63 0.1 -11149.765306811105
-933.13 157.02 0.17 -20582.796439092326
-867.09 184.46 0.21 -26199.846771587734
-832.16 -32.58 0.12 -12293.19754759888
-417.8 -153.15 0.28 -37573.88543211698
-589.59 -214.37 0.1 -8183.227269184998
-426.38 192.42 0.11 -10545.847132583249
-739.53 465.93 0.17 -20079.709652764428
-784.33 76.14 0.22 -30980.804457520477
-880.82 -176.68 0.24 -32975.25328960352
-124.18 26.27 0.13 -16381.063906335829
-212.08 134.05 0.3 -42355.62592698247
-601.95 -99.96 0.14 -15788.313234058493
-557.23 -80.01 0.11 13255.433313208281
-895.87 285.16 0.22 -31210.288650520477
-471.89 188.45 0.12 9279.849044251347
-778.88 77.58 0.15 -18225.06005372704
-692.33 -104.57 0.18 -24223.214483417338
-385.46 111.04 0.2 -25085.31880064339
-707.8 115.29 0.19 -22788.319359422487
-913.23 -107.02 0.21 -26749.78554858773
-466.14 87.28 0.23 -31260.13069745323
-825.59 -297.67 0.27 -34692.891428953015
-238.19 133.75 0.28 -40371.14595211699
-757.09 271.5 0.14 10735.73964091488
-753.57 -45.47 0.1 11329.824295426492
-437.24 -190.73 0.1 -10510.570954327492
-969.56 31.82 0.12 -14004.48160119299
-756.43 -485.33 0.12 -13297.13930422916
-755.95 -28.29 0.17 -19562.586875604677
-199.15 54.39 0.14 -14402.890938861763
-625.74 325.85 0.25 -33838.669461318736
-731.32 337.55 0.1 -9851.160610688898
-60.41 -27.85 0.27 -37465.570763862226
-322.16 126.71 0.28 -38700.98481211698
-132.77 -52.11 0.29 -42086.34070165454
-613.83 -69.35 0.18 -21917.94260716674
-631.68 -136.31 0.11 -11094.345197183746
-724.89 304.16 0.22 -28607.178222292237
-475.32 238.72 0.27 -40472.91483318423
-917.79 65.03 0.09 -7093.945778414451
-619.67 -278.87 0.22 -26982.57272040664
-253.45 -160.56 0.17 -18009.325713707698
-264.04 103.56 0.11 -10141.46970153611
-481.06 -249.93 0.3 -40723.9233846842
-871.39 -157.14 0.06 11909.482276423463
-775.8 -14.49 0.16 -21388.99242987846
-621.33 -331.17 0.2 -24428.80152623991
-706.42 466.7 0.08 8242.70022562214
-839.23 -3.11 0.29 -41774.16546704972
-12.77 7.49 0.19 -24654.752255437917
-722.6 330.76 0.08 -5996.680636981442
-311.32 98.85 0.22 -30427.231654520478
-120.43 -86.18 0.3 -44370.279149086615
-849.39 -65.6 0.14 -15070.181672051764
-72.19 -17.59 0.18 -23049.904563047436
-356.44 167.24 0.09 -7476.033319300115
-422.86 -108.03 0.16 -18586.331419923987
-264.81 40.89 0.19 -24986.25997872223
-391.2 275.67 0.21 -29178.571890777857
-924.64 107.3 0.25 -35550.84148321697
-794.32 -139.15 0.14 -14864.992263518116
-403.46 -51.08 0.16 -19596.00769992399
-569.42 -187.14 0.1 -10815.815866781828
-674.64 469.71 0.08 -7914.764652955008
-807.68 412.44 0.09 -6897.179117778354
-551.25 170.97 0.21 -28953.876943587733
-577.65 -318.97 0.29 -39271.091778384834
-749.55 283.11 0.23 -27690.47734665645
-829.2 -170.73 0.13 -11081.330550601502
-451.89 83.03 0.24 -31467.697938838337
-618.8 -131.8 0.09 -7714.782714690911
-372.85 -66.71 0.09 -9638.863358272203
-604.83 -311.94 0.26 -35877.01299625148
-513.81 91.98 0.21 -29551.752447208644
-371.0 53.98 0.12 -13168.802852853429
-712.48 -460.39 0.2 -27924.289336654987
-708.26 -205.29 0.08 -7244.923062069048
-823.88 -294.32 0.18 -19570.04821020008
-854.14 275.86 0.3 -42896.15386498247
-158.51 46.54 0.23 -30573.549040850306
-498.72 336.11 0.14 -13064.777321640666
-884.26 151.42 0.13 -10349207.593402967
-375.2 -189.02 0.11 -16151515.312457439
-824.68 288.08 0.08 -431411.5221431694
-728.02 -213.61 0.28 -36961.586683116984
-670.6 109.16 0.19 -24523.048114759495
-542.49 179.09 0.22 -31459.281471520477
-683.02 470.5 0.29 -41736.22203910512
-354.27 -166.8 0.11 -12641.506106634859
-404.86 -257.6 0.23 -28049.81563395363
-756.49 266.73 0.06 -2161.5449542736305
-831.87 243.02 0.21 -26386.867606083484
-766.64 18.07 0.15 -18777.062452237544
-418.09 -217.99 0.27 -35980.556070337334
-276.3 -131.11 0.15 -18728.912700665413
-700.23 92.69 0.26 -36146.98291125148
-594.04 -57.71 0.2 -24318.56224506393
-860.2 -310.39 0.05 8811.257929919944
-31.72 16.64 0.22 -26444.14882452048
-421.72 -169.79 0.19 -25788.258737706532
-812.45 524.65 0.26 -34300.496140251475
-528.89 -123.31 0.14 -16270.987750746495
-650.56 208.17 0.21 -27301.327920355325
-113.36 -24.45 0.26 -35896.289231801165
-551.02 155.05 0.13 -17747031.97465642
-407.48 22.97 0.12 -9366.235337793785
-502.95 -300.83 0.27 -38628.19397895488
-839.39 -239.18 0.13 -15491.515159003595
-793.78 -570.89 0.3 -45409.98880598247
-321.17 95.58 0.23 -31193.948777948972
-149.49 -42.89 0.18 -21260.630027182826
-554.3 -370.6 0.16 -16341.075669432228
-657.69 -284.28 0.29 -42832.28876900713
-954.01 -99.59 0.21 -29673.351116587728
-481.18 -168.38 0.11 -10164.107356417519
-527.49 -231.09 0.11 -13084.066355737195
-830.05 -192.04 0.21 -29254.64672658773
-214.15 -74.65 0.2 -23369.410658723664
-515.5 159.99 0.05 -3160.3194250763345
-692.47 -476.2 0.2 -24921.76557392593
-291.31 -201.77 0.08 -4656.054014309543
-831.24 136.5 0.09 -8719.420270625407
-444.7 -42.39 0.23 -30676.968277813714
-897.8 -10.18 0.21 -26187.144608018512
-840.74 -35.05 0.16 -19529.012761158367
-628.58 -44.69 0.27 -40244.32516318423
-857.95 332.04 0.18 -23462.599265789482
-733.37 305.43 0.2 -25210.914787472204
-697.18 -9.68 0.15 -19436.407253991238
-317.36 -210.3 0.1 -9621.362548882229
-681.61 -159.94 0.23 -32802.33922176749
-360.04 -105.99 0.23 -31691.02990679366
-866.94 249.91 0.23 -29367.960799302193
-842.91 -295.04 0.27 -35773.2367174219
-648.68 80.1 0.25 -36147.619853318734
-810.88 382.9 0.3 -40010.18969098247
-596.21 -320.04 0.19 -26968.441790722234
15.23 -114.39 0.1 -6041.734926907318
-235.71 -282.41 0.22 -27572.42498704227
-135.28 -231.39 0.05 -2225.9141712871965
203.77 -852.04 0.14 -16558.173317058492
-156.39 -562.82 0.25 -31841.458774185223
184.23 -830.46 0.11 5026383349.761647
-86.7 -829.04 0.22 11418337.014952544
110.92 -564.89 0.1 -8523.024510370567
29.78 -782.57 0.2 20508794.784265038
-538.31 -456.93 0.14 -14887.320424858282
-13.71 -599.95 0.14 -17767.66955515748
-279.87 -420.79 0.23 -28410.10804145323
-199.71 -272.76 0.1 -9638.377707970618
-748.5 -607.56 0.06 -2072.400622596496
-152.98 -918.46 0.24 9699315.507649783
-726.7 -612.95 0.06 -3722.721274200141
-494.15 -696.39 0.21 -26957.403276031313
-666.69 -594.29 0.17 13212354.566941613
231.19 -814.24 0.18 -23973.41132666878
-330.54 -528.77 0.28 -39058.896131116984
-424.09 -562.14 0.07 -1683.64196287931
90.43 -395.16 0.1 -7574.155844099489
-365.63 -860.82 0.19 22375775.163551662
-173.46 -769.26 0.12 -9942.271158511841
-279.1 -254.88 0.06 -4793.488951333491
-145.36 -963.63 0.18 43532071.90285922
-688.52 -582.06 0.28 -38816.98751016717
139.27 -673.1 0.16 -19833.75113492399
-13.54 -793.03 0.25 -34220.385458490535
-55.43 -314.9 0.23 14299521.681752617
-62.55 -625.26 0.07 -6327.5172376273795
-238.68 -847.68 0.22 -30527.579949121002
-96.92 -986.6 0.06 -4569.98477903193
17.75 -729.13 0.21 -29357.848313305447
-574.66 -790.05 0.08 -4735.862456456371
-289.71 -685.22 0.27 11996173.327693047
-54.51 -54.69 0.19 -23367.385094775535
112.23 -346.8 0.12 -11039.435018188538
-530.69 -511.87 0.2 -25810.628312248267
-172.13 -300.67 0.07 -5560.417631536287
-74.39 -568.5 0.27 10252008.28680862
80.51 -850.52 0.08 -7439.840885567595
36.6 -596.49 0.17 -20766.7203484935
138.63 -616.35 0.19 -21407.081023722232
-313.41 -855.12 0.11 -12069.020365457194
173.29 -971.88 0.24 9926720.202604292
-58.71 -725.95 0.1 -6864.20331345862
33.63 -780.42 0.13 -11755.542072125738
-384.5 -364.3 0.19 -26096.943464587777
48.96 -589.17 0.23 9706769.02046604
-324.5 -781.33 0.15 -15212.053875540108
-295.78 -791.75 0.13 -16484.99007212574
83.68 -815.84 0.28 10101971.671592355
-255.38 -955.92 0.22 10540157.775459317
145.82 -711.73 0.21 10031061.224198045
-338.22 -630.65 0.26 -35750.94107209945
-157.45 -429.56 0.07 -5631.161328049784
-235.04 -858.63 0.24 -30843.735129572113
-432.31 -889.63 0.05 886.7973254666831
-70.67 -54.2 0.16 -16333.006379969062
-89.37 -301.56 0.21 -26104.690771377864
-38.19 -970.71 0.25 -35800.496276318736
-132.45 -109.76 0.25 15064523.920420187
-464.95 -350.43 0.28 -39166.53623992523
-463.56 -741.21 0.21 -28625.41795239004
-97.57 -706.66 0.22 20037202.77458474
-296.13 -766.67 0.2 -25713.457204654984
76.79 -987.58 0.21 18084539.212403357
-8.68 -369.95 0.08 -7490.305455404299
-32.27 -703.02 0.11 -8594.65442690596
-190.89 -797.8 0.06 -10809.152901678828
149.8 -756.82 0.07 -2885.84126431988
41.52 -390.59 0.18 -21497.774011140504
67.22 -615.78 0.18 -22733.35547978948
-104.76 -278.76 0.29 3262182740.3264675
89.41 -806.77 0.23 9218128.59418789
-0.39 -731.06 0.11 -12766.404540434058
-135.29 -792.32 0.18 -20595.942025451663
102.86 -572.47 0.1 -10546.180713567544
-101.08 -863.62 0.06 -11913.97932531369
-45.54 -466.7 0.07 -7351.253219804253
-282.59 -317.64 0.24 -32769.80603645196
-344.51 -628.66 0.13 -14047.732674921926
24.69 -580.13 0.19 -21329.381013340157
112.69 -600.24 0.09 -7249.114372925751
-514.47 -591.68 0.06 -6758.5549936964935
-556.08 -488.58 0.17 -20268.162864856742
-84.66 -320.74 0.11 -12393.809274614838
76.0 -748.51 0.13 -12973.71757191129
-86.96 -327.09 0.23 -30589.02918164173
-312.85 -331.18 0.15 -19027.84064199124
-414.92 -646.86 0.29 -38140.329951518375
-63.89 -675.54 0.23 -29301.91972051056
-298.48 -672.69 0.13 -13947.103981125738
-65.01 -639.71 0.08 -6389.039549732325
11.84 -426.83 0.11 -10121.611548362105
-576.73 -636.22 0.19 -22007.269497357942
-20.34 -395.84 0.25 -34448.004005437855
-25.16 -405.6 0.17 -19475.57345462822
168.96 -739.09 0.28 -40703.32275354504
-495.69 -514.34 0.3 -41995.550066982476
4.21 -689.06 0.19 -20913.239451689937
8.61 -560.7 0.13 -10942.632681071345
-737.07 -565.25 0.26 -38326.36113925148
-420.05 -367.68 0.3 -42643.988956303256
-90.22 -976.44 0.12 -9884.769173812652
-435.08 -845.39 0.25 -31226.170810268217
-516.51 -656.03 0.26 -33036.34714977836
-269.27 -599.91 0.06 -3547.345019645363
-488.18 -420.64 0.11 -12595.592883930565
-427.34 -472.45 0.18 -21465.471175855735
-481.01 -669.97 0.15 -18525.17276469307
-199.35 -855.67 0.12 -10973.77307619299
-524.81 -627.73 0.16 -21132.594553923987
-313.7 -865.56 0.25 -33055.035811824055
-401.74 -862.6 0.1 -8398.138917842072
-365.35 -275.33 0.26 -36646.96462725148
13.13 -51.87 0.29 -39156.417790634136
-612.12 -677.96 0.21 -29440.681008898246
36.17 -364.56 0.26 -33281.14546525148
-204.65 -781.37 0.06 -5313.875469735496
-3.48 -111.09 0.29 -43793.49293504972
145.45 -940.5 0.14 -17804.889648464392
81.02 -843.9 0.09 -6632.571337854071
141.16 -844.58 0.14 -17454.351957816234
-493.68 -663.74 0.22 -30067.31167452048
-169.78 -913.28 0.19 -24163.699729114018
-441.49 -886.97 0.19 -25713.18349672223
-493.2 -442.64 0.18 -22416.551833480196
67.5 -796.69 0.17 -22444.287297856743
-84.44 -729.64 0.06 -3671.5530860780063
-232.15 -706.13 0.25 -34324.51734326097
-606.53 -670.52 0.11 -11541.919272561647
-72.91 -445.21 0.11 -11478.42993626024
-174.8 -264.93 0.21 -28049.780839827836
111.97 -560.76 0.21 -26464.79993128957
55.37 -380.51 0.25 -31826.655245318732
44.25 -694.28 0.28 -37131.54888869681
-100.98 -804.46 0.09 -7336.7813537726815
217.82 -832.27 0.14 -14688.817738058491
-237.32 -469.75 0.07 -6568246.963670812
-296.1 -951.15 0.1 -55474196.12084739
-85.58 -668.79 0.1 -61712069.50125915
-113.9 -157.19 0.13 -72988040.8289557
-37.39 -741.14 0.1 -61113582.36414942
16.0 -364.07 0.14 -1571002790.05188
87.34 -492.5 0.11 -24522953.28967025
-201.71 -439.72 0.08 -15524541.46172335
-434.62 -677.51 0.14 -132875919.08555794
300.04 -928.88 0.13 -406442990.2732887
-269.85 -942.41 0.1 -13844043.98347117
-217.13 -296.38 0.07 -17951115.816263948
-461.45 -670.2 0.06 -1110.9850733852775
-95.4 -394.26 0.24 -30941.210218323144
-20.34 -531.39 0.3 -41931.46494698247
-594.47 -685.74 0.16 -18552.940272728916
-355.74 -900.99 0.23 -29887.93166845323
-180.36 -644.46 0.11 -10412.57901826024
146.06 -458.6 0.19 -23396.369573510037
-590.59 -558.17 0.16 -20949.058474386995
10.28 -639.78 0.15 -19176.35552202325
35.0 -894.75 0.16 -21181.610651805448
-72.1 -193.62 0.21 -25813.548544407444
-83.67 -202.27 0.21 -26125.869028452973
-690.88 -573.27 0.13 -11681.138128829743
-339.88 -709.79 0.25 -36489.52897031874
-128.53 -695.52 0.29 -41366.7845073435
-445.17 -406.45 0.12 -10953.605420701973
-38.97 -684.41 0.19 -25622.391328767542
50.75 -841.77 0.14 -15103.614658842369
224.07 -911.76 0.15 -16995.117232188128
-259.57 -754.45 0.25 -33805.59114331622
-230.96 -938.74 0.18 -23049.60257688131
-518.9 -565.59 0.2 -26984.61226539132
-86.17 -334.12 0.11 -8768960.04229809
232.14 -923.38 0.09 -9183.22590639474
-76.3 -520.09 0.1 -11308.48110737293
-650.21 -690.32 0.13 -13229.995660488987
-65.88 -518.73 0.16 -18066.504036923987
-221.95 -464.49 0.15 -15042.920114005154
-212.26 -533.24 0.24 -32472.14294505761
-435.23 -426.72 0.11 -11752.525541905443
-2.78 -205.41 0.25 -36528.741177318734
796.83 -248.61 0.15 156880678.91571343
367.16 -279.45 0.25 -35508.713261318735
252.92 -262.04 0.1 -8057.879869647624
182.13 -484.94 0.17 -21788.912639731217
160.84 -275.25 0.29 -41050.23752999424
953.85 -254.82 0.25 -35097.749538318734
522.22 -772.09 0.15 -16769.537863203248
319.33 -936.18 0.15 -18120.058302991238
923.55 -244.65 0.06 -3493.539573913128
542.76 -510.37 0.1 -11587.526653680856
280.06 -22.57 0.29 -41304.153725973534
495.13 -619.85 0.19 -23332.391785722233
515.66 -406.1 0.09 -5006.328715905571
805.74 -286.31 0.28 -37675.69183611698
424.76 -882.86 0.21 -27757.633787915365
559.95 -624.97 0.07 -1285.6566727882237
374.7 -769.7 0.25 2868979.1375096845
663.64 -448.87 0.29 -38823.455494045535
421.27 -292.01 0.08 -7244.60009457997
318.64 -565.11 0.3 3173210.0965683996
128.97 -102.89 0.07 19603461.30660229
405.43 -15.13 0.09 -6357.209560846748
667.29 -5.2 0.22 -29091.177138486342
346.1 -691.57 0.16 -21211.71281292399
666.88 -498.58 0.24 -34561.46971738598
449.19 -519.19 0.17 -23109.005263691153
477.3 -454.23 0.07 -2895.563177208479
862.46 -49.61 0.15 -16169.97723144516
316.45 -293.65 0.26 -33365.805615017875
740.73 -114.49 0.26 -33640.30428925148
435.7 -535.43 0.2 -27412.529613583738
920.05 -369.38 0.26 -35534.70894792373
488.85 -175.77 0.18 -20506.672170789483
343.66 -308.89 0.21 -28432.139802311955
214.59 -127.77 0.23 -32407.268074568914
382.89 -910.2 0.19 -24428.84490530516
271.77 -74.57 0.13 -12414.461389125738
813.94 -297.31 0.18 -23901.075685589924
839.89 -52.41 0.2 -25795.85956332448
289.5 -122.87 0.27 -37477.885821688884
415.73 -77.31 0.12 -12295.123555192991
503.12 -541.16 0.15 -16155.186382297008
555.68 -622.19 0.26 -35818.372320251474
718.23 -39.45 0.24 -30651.154229956494
195.5 -175.39 0.24 -30945.475948061223
817.47 -193.45 0.29 2048354.3109343445
657.04 -643.56 0.1 -10855.834452277819
795.84 -377.24 0.05 -1988.8071355406266
476.41 -528.08 0.08 48187549.682467125
423.41 -38.12 0.09 -8459.091452874873
571.83 -19.83 0.06 -3347.7687713771165
370.75 -898.89 0.21 -28743.584140755484
814.72 -15.28 0.26 -33712.468234580585
771.56 -472.11 0.29 -42712.59632204972
623.77 -453.39 0.28 -40819.60894026705
16.82 -23.45 0.09 -9598.16083139474
508.11 -423.07 0.15 -16127.637724467706
458.25 -367.31 0.25 -31426.89159000245
256.87 -280.51 0.14 -13358.171360342285
83.82 -134.3 0.11 -8455.609076163102
658.11 -487.02 0.27 6719886057.580991
695.97 -303.6 0.11 -7806.340490436009
579.0 -805.56 0.17 -19393.627504801894
704.13 -521.44 0.17 -18059.433294904615
154.5 -464.63 0.2 -23597.13963167616
728.43 -350.24 0.16 -18380.462944910018
909.12 -53.28 0.06 -3756.9912373463494
879.05 -476.15 0.27 -39435.259215184225
483.63 -396.79 0.13 -15888.967970004254
486.37 -622.45 0.2 -26020.04072962704
564.27 -135.14 0.08 -5177.82507398589
428.04 -812.26 0.1 -7323.338668287899
553.6 -715.6 0.24 -29979.25267579345
463.27 -291.38 0.21 -28434.1561393788
581.91 -55.41 0.19 -23697.24744950525
314.24 -28.06 0.28 -39709.50402811698
113.52 -89.21 0.14 -12725.773576346814
327.56 -845.71 0.18 -22802.506116789482
54.97 -71.0 0.08 -4144.575989641989
214.49 -309.57 0.25 -33721.64943886889
804.49 -307.6 0.23 -31403.465976038413
830.5 -373.42 0.26 -38593.939404251476
340.98 -434.75 0.28 -38744.07008080529
795.11 -292.88 0.17 -20245.758205867493
613.04 -568.41 0.29 -41266.47159998813
986.26 -64.61 0.18 -20928.280766488242
770.45 -358.36 0.11 -12741.039499962688
873.41 -144.03 0.15 -17265.11801706456
586.82 -598.0 0.12 -11605.720852686374
750.67 -305.03 0.13 -11179.600997986438
208.21 -190.4 0.05 809.2418272266284
810.86 -225.71 0.09 -5284.116038973663
594.04 -195.14 0.19 -21621.897239956143
273.56 -319.28 0.15 -19185.636138183607
269.19 -222.04 0.13 -16397.92060112574
372.41 -709.63 0.07 -5891.331372529246
243.92 -646.68 0.19 -22986.316181133025
694.24 -183.33 0.24 -33882.40440981153
403.75 -876.31 0.29 -39222.09164360491
655.96 -76.69 0.07 -6784.655011945528
392.35 -784.75 0.11 -8387.09290161763
619.0 -333.83 0.18 -19637.233123789483
992.15 -81.07 0.05 -2213.5736793777905
339.34 -56.61 0.2 -24343.57975394398
716.28 -455.68 0.22 -30434.230986802035
702.46 -7.97 0.07 -5083.920362660438
396.5 -67.35 0.23 -30011.16996996264
797.63 -444.38 0.08 -6608.084926461995
170.58 -411.58 0.2 -23940.130692581766
576.8 -393.0 0.12 -10239.325851566458
113.74 -307.23 0.08 -3195.4252003299816
381.88 -291.59 0.24 -31588.179860396358
75.65 -224.8 0.1 -6396.0322493274925
58.0 -102.15 0.23 -31503.36063545323
708.17 -74.1 0.27 -39682.417414553565
520.12 -397.65 0.26 -38561.619769251476
624.35 -192.4 0.18 -22579.01644585876
314.6 -607.66 0.19 -24037.989984722233
731.07 -529.2 0.16 -20317.81537092399
114.07 -219.99 0.26 -37969.194096756335
277.12 -373.99 0.23 -28737.726064007013
867.34 -225.59 0.28 -38785.67871141885
675.31 -636.88 0.14 -14305.915357058491
360.37 -310.97 0.1 -10753.614817241465
836.25 -315.56 0.16 -17706.165755084057
900.53 -223.72 0.08 -4757.893130036292
657.13 -112.55 0.27 -34942.846865394546
969.17 -199.19 0.21 -24464.478179835292
707.2 -456.45 0.2 -23763.780307817247
424.22 -45.99 0.14 -12808.466281017254
453.28 -708.21 0.24 -33712.96264468896
139.1 -289.89 0.23 -28909.783277373183
581.35 -593.31 0.22 -29359.019469520477
675.93 -325.97 0.27 -38798.54426318423
697.09 -246.46 0.25 -36223.00274931874
480.54 -269.84 0.19 -23759.58881810391
837.08 -138.58 0.13 -13812.013408125738
328.28 -619.83 0.13 -16345.977109487281
488.75 -393.43 0.08 -3179.578870656015
650.41 -744.57 0.21 -24606.742071221794
675.55 -208.86 0.17 -22386.199155976294
305.19 -593.2 0.26 -36664.05577025148
504.9 -288.95 0.12 -14051.48586619299
382.36 -803.49 0.18 -19750.66622178948
155.31 -178.79 0.11 -9192.376870453081
791.95 -188.31 0.2 -25020.641048854337
411.43 -201.36 0.07 -4863.357907327447
791.29 -157.38 0.18 -21417.100695345525
218.87 -566.68 0.12 -13473.047208661728
499.35 -663.48 0.11 -12401.67632471364
494.0 -816.67 0.27 -40065.304819184224
823.53 -3.04 0.06 -1016.2380275642593
720.97 -31.77 0.19 -25070.24549973528
943.42 -116.47 0.15 -17074.17015921925
704.24 -85.41 0.18 -22663.491977821286
386.4 -878.44 0.28 -38211.72633211699
311.64 -743.41 0.15 -14711.931790317485
546.27 -239.34 0.26 -33252.77019125148
594.41 -138.17 0.15 -17710.149213975725
397.07 -314.48 0.07 -1306.1135911213096
260.18 -768.38 0.23 -29606.753446006427
688.74 -134.18 0.2 -23882.529052891852
597.13 -628.19 0.05 -3235.4509622531878
299.79 -432.7 0.23 -32539.03029545323
757.09 -115.01 0.18 -20985.271818789482
786.5 -206.46 0.23 -30186.404990200994
421.91 -579.99 0.2 -24318.069217654986
684.1 -351.5 0.29 -39485.35445704972
869.18 -260.52 0.19 -26503.571276722232
342.61 -431.63 0.28 -37118.263988254344
219.33 -266.32 0.26 -33994.86671073162
858.66 -394.42 0.15 -19510.96476808331
468.36 -393.19 0.06 -4853.495715277139
823.37 -543.55 0.1 -1600075.674311742
677.69 -542.93 0.15 -22524721.387038056
569.29 -707.8 0.1 -2562418.9047651365
961.28 -94.76 0.19 -17833992.407518618
451.36 -649.79 0.19 -45044045.07710735
432.31 -346.35 0.26 -36925.47428828412
953.58 -213.89 0.26 -36514.16785012985
965.29 -224.17 0.26 -37421.51536461576
414.67 -90.02 0.12 -11627.702590496248
338.77 -646.12 0.09 -5158.291885181234
619.85 -189.79 0.19 -25737.626015567796
134.2 -191.41 0.12 -10385.605754179895
372.5 -822.47 0.27 -36811.72403742508
415.79 -686.12 0.14 -15752.637443058491
567.3 -386.54 0.11 -7851.115075505322
601.05 -618.48 0.17 -21080.667567856744
478.95 -272.09 0.29 -43522.82809304972
897.13 -359.08 0.23 -32932.28781145323
301.99 -1.18 0.13 -11388.189640125738
720.65 -619.49 0.2 -23983.515699597247
690.82 -165.43 0.21 -26916.620766017142
691.75 -226.93 0.17 -20341.41588774755
266.47 -172.54 0.15 -17849.162540419646
368.3 -547.15 0.05 -13627957.613394856
617.14 -769.38 0.12 -14032.075465577947
565.03 -619.83 0.18 -24718.89595717211
676.05 -312.35 0.12 -13200.180270238152
604.74 -560.8 0.15 -14573.698302371124
620.72 -503.47 0.15 -15727.467777972959
284.86 -704.25 0.17 -19472.802006871734
22.07 -67.79 0.28 -37358.53434877143
858.77 -408.16 0.11 -10990.423233227193
298.36 -771.25 0.17 -18412.23640985674
866.95 -231.78 0.19 -25391.741818722232
