0.0 0.0
426.78 32.35 0.1 9217.129325365937
869.45 50.7 0.15 9480.867487598449
890.04 59.76 0.09 9159.981021670481
561.92 161.7 0.12 9444.849489328026
699.27 164.35 0.12 9360.40511200779
866.67 30.3 0.07 9121.91458649443
704.73 114.3 0.14 9448.612970524098
877.34 197.65 0.09 9411.791360995197
274.5 48.36 0.09 9460.499023502429
806.13 166.26 0.11 9418.838675784664
876.95 199.74 0.07 9049.929076009314
562.72 180.65 0.06 9413.48644151131
295.31 18.81 0.12 9416.832930302742
924.21 93.84 0.1 9246.976869660404
936.2 191.32 0.05 9466.975056319687
569.97 84.57 0.14 9437.154680421823
275.32 70.59 0.12 9347.84268617602
658.81 95.72 0.15 9492.776929659014
905.82 246.52 0.1 9427.158585360743
888.26 8.91 0.12 9379.473524762063
779.32 188.56 0.05 8669.041993091185
535.36 108.39 0.13 9511.271594829204
936.7 172.31 0.11 9291.318692261813
939.56 194.44 0.08 9257.875693209311
778.44 109.99 0.12 9338.867539139328
168.4 24.16 0.08 9529.91795189109
503.3 136.73 0.07 9335.96235630474
827.59 31.54 0.05 8737.6617814759
919.58 147.25 0.15 9475.637260715817
737.81 10.19 0.07 9083.191962435698
458.34 37.34 0.1 9211.035978116219
927.04 170.31 0.06 8625.731714370828
879.79 127.14 0.08 9113.98122755487
465.7 100.38 0.15 9531.116270079558
694.28 47.83 0.12 9341.27240626562
598.49 74.6 0.08 9167.40082009458
806.33 202.42 0.1 9345.781329036117
195.96 47.03 0.07 9382.765024107295
697.78 148.78 0.08 9456.463016615386
692.46 0.16 0.09 9325.277675919237
557.35 67.91 0.07 8862.95663287606
243.18 37.61 0.08 8977.66466834334
693.44 331.97 0.13 5270.501390546739
716.91 494.89 0.08 5544.129641641502
467.94 332.05 0.11 5336.751633288385
333.33 182.42 0.07 5532.250278295169
448.47 153.76 0.12 5304.300352289054
709.54 511.07 0.14 5244.774175855564
522.49 228.95 0.06 5591.655075443065
779.71 403.07 0.08 5913.141777783519
494.03 288.97 0.08 5479.239032977752
445.99 232.17 0.09 5675.83744031253
396.58 230.25 0.13 5259.707932646272
826.78 465.21 0.1 5388.532509175406
838.98 452.55 0.06 5601.070260605603
719.78 408.68 0.05 5790.935239316257
765.38 510.87 0.05 7267.688619973533
817.63 543.69 0.08 5917.0592922973065
391.45 217.73 0.14 5232.673459099855
632.3 217.95 0.09 5433.179471932416
644.9 414.54 0.08 5816.886506953831
148.37 74.26 0.06 6141.7995399225565
714.17 492.67 0.05 7069.386729099769
585.64 402.23 0.05 5616.732448315925
367.05 127.32 0.1 5401.262858455755
798.81 382.9 0.13 5268.937170495472
691.82 392.91 0.11 5458.242674030295
416.89 239.21 0.06 6612.038443911779
752.75 285.88 0.13 5266.327296220343
794.02 287.55 0.07 5490.775224768684
198.3 104.76 0.11 5461.291115260614
693.59 424.51 0.12 5338.358212823663
761.23 370.52 0.07 6165.205814722227
123.79 56.55 0.07 5878.007890006305
594.35 354.58 0.09 5738.292275978176
567.52 362.51 0.11 5328.622967030073
407.07 226.32 0.14 5255.409655692922
831.74 468.84 0.12 5291.358391665464
801.54 287.38 0.14 5234.5884180619505
461.19 164.57 0.1 5380.961451152554
381.26 215.27 0.1 5435.862674695845
261.62 168.58 0.08 5992.091735634269
347.51 182.65 0.15 5215.527469271976
290.39 193.37 0.09 5765.7080834196695
447.32 229.5 0.07 5490.557673796931
791.43 434.09 0.06 6045.641960371668
916.68 339.32 0.12 5309.873740636011
177.34 100.28 0.14 5236.33387530467
454.08 185.68 0.14 5231.91002721457
716.43 388.48 0.08 5932.018109024832
83.68 53.15 0.11 5345.808110498709
158.4 97.98 0.14 5245.072676171489
603.34 230.65 0.08 4022.6323161544965
577.47 436.52 0.1 4769.174013597511
263.61 220.49 0.06 6163.4747009071625
461.54 475.06 0.12 4660.812466222354
520.44 432.45 0.12 4664.870554861709
389.35 532.69 0.07 4989.856706575722
529.18 645.88 0.07 5840.768644481396
138.27 119.48 0.07 4973.958069132264
525.14 467.68 0.14 4585.5851909813155
440.57 356.18 0.1 4849.340116896383
510.86 614.48 0.12 4670.0150272017345
349.64 393.84 0.09 4832.769939963217
139.69 120.63 0.12 4661.6739235369805
670.84 710.71 0.1 4991.800069738846
415.69 333.93 0.07 5478.523618873844
291.8 388.4 0.12 4757.698867085794
657.45 643.54 0.15 4537.359139489002
747.96 566.64 0.13 4633.052131936107
719.8 611.26 0.11 4744.757232367536
412.46 515.62 0.09 5184.200259529798
265.91 253.98 0.14 4579.23761863312
289.71 275.46 0.11 4765.861209597517
446.91 468.85 0.11 4848.624765529057
755.28 557.05 0.1 5026.083972548162
388.61 309.71 0.13 4616.199694133301
572.44 567.06 0.09 4929.848084332276
419.81 314.74 0.06 6223.510457767403
578.9 494.83 0.13 4631.607724263476
538.63 647.34 0.09 4895.4703431311245
202.52 257.4 0.14 4603.937913316888
501.76 578.51 0.11 4730.5571084213625
514.23 555.61 0.12 4668.151170522828
570.49 512.52 0.14 4577.28666018558
216.31 165.39 0.15 4538.342699336254
541.36 414.93 0.07 5746.603379544882
138.65 153.12 0.15 4550.154800333288
500.93 661.04 0.12 4671.548593268886
516.37 483.96 0.14 4575.243177959252
737.17 671.97 0.1 5058.810596758335
381.51 288.55 0.13 4615.41016526244
533.62 609.16 0.08 5569.061555447815
484.72 476.67 0.13 4614.8525374142255
604.86 538.73 0.08 4905.767865513633
497.05 632.59 0.12 4691.683087746587
580.18 705.49 0.08 5006.363907397159
609.71 651.34 0.13 4616.91193572468
511.7 562.43 0.13 4658.081907935308
330.63 448.02 0.06 5262.055469787029
334.9 723.92 0.14 6930.234947464878
385.6 630.5 0.12 6928.075408594797
199.8 537.78 0.07 7504.950683489733
460.94 657.54 0.09 6924.073100319987
188.15 466.87 0.13 6964.733986371671
417.78 742.59 0.08 6915.091090373545
191.48 407.19 0.14 6932.314066511284
162.11 409.44 0.07 7472.103478769206
317.81 489.45 0.09 6972.518863923657
474.73 786.47 0.1 6974.164638208922
313.9 885.5 0.07 7209.566797634613
186.57 294.91 0.1 6913.833717024027
391.07 742.18 0.07 7641.958354369269
131.49 251.78 0.09 7229.876978930173
283.45 484.15 0.11 6920.50170742745
443.81 755.18 0.11 6921.826329833971
483.52 734.45 0.05 6709.577946934652
419.27 701.97 0.1 7079.839003257643
483.94 712.47 0.06 7299.246082335931
28.51 60.48 0.11 6944.031948758406
318.71 706.45 0.14 6941.064259216613
356.69 554.78 0.08 6870.348696965456
492.46 865.26 0.1 6992.001076401411
337.0 888.69 0.09 7021.541694510165
160.87 285.4 0.06 7466.547693502827
466.59 764.31 0.15 6929.1530360963625
519.4 793.78 0.1 6921.82473383406
332.76 648.97 0.07 7273.242437550744
103.49 191.03 0.05 6906.673175480149
293.29 701.89 0.1 6941.061924726559
281.2 740.37 0.15 6949.099150959446
382.86 876.98 0.13 6954.084136043379
116.02 277.82 0.14 6940.085668928404
204.78 557.3 0.12 6960.835993155997
66.4 116.03 0.12 7064.100584569219
318.36 835.26 0.09 6909.833810286504
247.77 506.78 0.13 6930.876406197689
168.15 494.17 0.08 6988.053831380881
270.75 672.06 0.1 6963.7019469255765
468.93 852.14 0.12 6927.107901873671
342.7 886.13 0.13 6970.344831501645
423.57 876.12 0.09 6957.47735208162
484.75 800.03 0.05 7306.061165087618
312.74 460.38 0.06 7179.753222355344
270.87 695.5 0.1 6949.537396863638
23.08 644.83 0.14 2645.5745942923136
13.29 996.06 0.12 2677.95717771225
222.92 847.13 0.13 2656.190441655519
105.97 346.47 0.14 2645.998787444897
153.7 856.53 0.13 2656.1118405171533
92.92 423.94 0.09 2698.796208180863
172.1 767.02 0.12 2677.597021802199
167.48 976.29 0.06 3107.2140233849395
108.82 581.72 0.14 2645.204433774705
101.15 557.46 0.1 2793.4605393139277
131.95 569.44 0.14 2643.537076087917
204.31 916.01 0.09 2998.8779768418567
202.39 740.98 0.08 3402.8801685927187
98.3 357.58 0.14 2645.3350135600754
266.29 905.5 0.1 2838.188459216016
56.03 377.0 0.05 3717.775708879895
20.56 773.08 0.14 2645.771223391946
233.73 783.6 0.13 2656.3698408837745
211.99 938.06 0.15 2642.4727604821
46.25 800.53 0.11 2755.27121952023
220.16 740.49 0.07 3902.6171630570634
235.92 872.17 0.13 2656.110605031583
92.09 874.09 0.12 2691.228653695331
38.28 646.41 0.07 3404.5416523300783
37.03 624.82 0.08 3192.5296551315478
9.5 608.43 0.1 2801.793983707695
14.38 636.33 0.12 2677.403271004832
150.41 940.88 0.15 2642.53078290533
29.48 909.91 0.05 3477.719805381619
28.5 456.65 0.07 3951.5468844282827
1.79 847.08 0.12 2681.4485849463276
33.94 633.32 0.11 2715.9110470867777
59.13 901.64 0.13 2685.5202168302885
111.57 376.51 0.07 3812.328266294496
228.43 906.4 0.12 2693.1394540714464
50.99 881.51 0.09 2993.774703043664
58.14 670.57 0.12 2676.394502705966
14.25 924.46 0.06 4456.697756145974
61.43 708.8 0.05 5405.283149280805
31.08 873.75 0.12 2677.342634976286
28.86 915.41 0.06 4743.905628191927
12.21 252.48 0.08 2952.4606120724466
163.53 522.15 0.08 3460.9600608541405
5.81 349.59 0.1 2769.0614530735706
104.81 633.73 0.07 3459.1414188810604
211.3 680.31 0.07 3216.9611733854754
63.09 216.39 0.09 2888.8434209441193
54.63 625.23 0.07 3641.504515076464
230.71 751.86 0.09 3219.9622943271916
209.3 924.09 0.08 2809.8277937663147
0.52 313.21 0.09 2844.3700042670253
53.25 260.41 0.06 3135.522969052858
60.29 541.94 0.1 590.1103267403214
51.08 226.41 0.1 724.8855204243691
238.5 884.71 0.1 932.6736724169164
237.62 827.08 0.1 678.1958605413943
36.17 680.4 0.08 2118.5247432735646
139.94 514.84 0.1 -1158.3621179524798
-33.82 892.68 0.14 6532.857551365728
-178.0 565.61 0.08 7135.955741574908
-54.31 979.04 0.15 6495.181266396996
-125.3 925.88 0.14 6552.37683102375
-59.71 733.78 0.1 6597.680913192464
-127.97 555.82 0.15 6497.460834883275
-13.7 728.53 0.15 6499.471142496006
-24.31 165.07 0.1 6856.343803247882
-170.37 746.99 0.1 6639.159706714515
-20.65 624.12 0.15 6530.5778008947
-199.06 659.19 0.14 6547.024960568582
-148.7 566.7 0.13 6528.250268005117
-280.27 862.92 0.11 6589.416994786041
-57.35 829.79 0.08 6731.978910253132
-113.3 775.0 0.1 6811.937168586077
-212.44 809.89 0.07 6578.1982380358995
-151.47 916.0 0.08 6582.207359494032
-92.49 288.27 0.08 6709.959854414137
-36.7 440.28 0.13 6549.189598142875
-119.44 450.05 0.07 6749.290839726928
-207.7 868.67 0.12 6608.867725868532
-75.69 781.01 0.1 6626.26434199462
-35.78 513.3 0.14 6511.734977191538
-223.52 827.82 0.13 6554.808465969398
-122.5 775.56 0.12 6647.182442576467
-56.07 758.12 0.08 6703.276532566917
-107.4 536.77 0.05 7849.803682629221
-71.65 429.38 0.07 6991.264201815735
-43.92 351.87 0.08 6791.959626763151
-217.37 838.44 0.14 6517.774023619253
-270.8 843.2 0.08 6613.873125091401
-4.89 567.07 0.14 6521.66204904093
-171.97 737.24 0.1 6692.560501992683
-14.31 56.74 0.09 6811.008957095835
-92.32 437.44 0.12 6550.769138144784
-180.89 947.24 0.07 7472.214489076059
-109.25 843.96 0.06 7479.017286330584
-57.03 694.66 0.09 6887.5429899668
-54.92 676.94 0.09 6606.04141070351
-54.97 786.03 0.15 6496.299007938997
-231.74 933.38 0.11 6667.060868643037
-127.3 486.22 0.1 6866.21569365956
-65.53 386.24 0.15 6523.151175381609
-57.69 955.48 0.06 7483.0288099708
-263.59 396.82 0.13 4097.862710315427
-412.93 714.46 0.15 4005.5175581512085
-164.17 330.94 0.08 4633.731785993726
-265.05 581.18 0.12 4129.089687911611
-480.54 771.17 0.14 4042.925513468798
-437.23 798.4 0.11 4207.387957137858
-300.2 689.24 0.09 4337.528151579372
-207.02 375.22 0.14 4040.872873951748
-253.07 652.99 0.09 4437.025145213807
-339.32 747.87 0.11 4284.832193318306
-318.67 698.34 0.08 4823.877077809245
-226.31 357.11 0.1 4250.619114995963
-479.33 726.76 0.09 4329.987813283708
-327.41 853.24 0.08 4713.464287102928
-429.23 608.52 0.11 4193.695760360571
-179.5 460.85 0.08 4579.439532240611
-338.54 546.89 0.11 4243.466567848627
-132.87 298.27 0.07 4551.305841925977
-339.0 786.72 0.11 4187.59378330487
-221.8 632.0 0.06 4783.004012620913
-125.6 357.52 0.11 4187.889976095779
-298.45 527.41 0.11 4189.1021507903815
-295.47 806.54 0.14 4048.0590358668233
-288.46 478.68 0.07 5442.119490904487
-315.34 492.21 0.07 5140.747446089452
-139.82 354.5 0.13 4082.689805771805
-346.53 557.35 0.15 4010.8647878107604
-393.69 617.85 0.11 4232.919699733709
-161.65 382.28 0.14 4039.1122921059423
-37.03 89.98 0.13 4107.342664635755
-243.07 450.72 0.15 4005.620784150834
-394.17 859.86 0.1 4251.052764044805
-127.83 362.91 0.05 4740.650767755327
-230.94 675.3 0.08 4881.219368671455
-166.33 323.98 0.1 4511.032086130027
-149.17 218.45 0.08 4444.329032456905
-101.07 146.53 0.08 4714.721650993646
-341.3 556.15 0.06 5382.01560720081
-441.76 638.03 0.1 4266.7408758726615
-167.99 499.86 0.11 4290.237450338809
-539.16 830.9 0.13 4101.473877523036
-289.27 716.65 0.07 4617.627767669534
-256.97 777.63 0.13 4123.236476845881
-348.35 692.97 0.07 4653.8336368832
-499.4 864.98 0.11 4301.021804166956
-500.93 806.1 0.11 4188.709918755515
-264.46 784.1 0.06 5044.5292009687155
-264.19 552.11 0.09 4469.865706549533
-406.39 697.32 0.05 5415.382425594904
-76.17 167.88 0.14 4039.9733017077792
-149.39 298.34 0.11 4190.680981800837
-245.51 304.89 0.09 4727.601394651447
-93.76 101.61 0.14 4331.262397227683
-476.86 540.91 0.15 4290.808748463733
-536.47 648.71 0.06 4896.222803017077
-618.09 585.92 0.06 5203.512247609727
-553.1 448.31 0.12 4447.102573640561
-724.03 629.48 0.08 4744.41089619097
-484.99 472.55 0.14 4328.457544966492
-595.04 448.11 0.07 5372.032581017797
-326.12 274.22 0.09 4798.474325776284
-606.09 560.96 0.15 4301.665912397657
-341.98 308.69 0.14 4330.597908938744
-625.56 528.85 0.1 4537.530572298789
-626.34 467.78 0.1 4572.538390941599
-583.49 599.26 0.12 4500.388621337715
-407.61 391.0 0.08 5043.608951769757
-695.74 559.0 0.12 4445.827009227507
-682.97 601.65 0.06 5709.542160660858
-594.82 433.6 0.12 4419.016068795458
-564.32 621.97 0.08 4719.964354099042
-593.43 684.68 0.13 4396.955389096956
-466.72 348.14 0.08 5368.89157759674
-360.95 282.01 0.07 5297.24114969098
-271.96 238.83 0.08 4827.20897953009
-605.44 620.51 0.1 4619.039171582069
-159.76 191.83 0.15 4291.273401649653
-168.1 128.75 0.15 4291.151497334686
-484.01 477.83 0.14 4332.47955710385
-549.16 579.87 0.15 4290.868085304772
-173.13 193.29 0.06 5962.851456749448
-481.96 394.8 0.06 5268.437078945368
-140.36 153.88 0.06 5690.688623317199
-445.01 537.57 0.05 5104.500881220701
-460.43 542.37 0.08 4956.924186520049
-81.75 79.19 0.07 4322.120701561605
-643.49 650.9 0.1 4676.579481161733
-590.66 777.75 0.1 4624.722182277631
-569.55 539.8 0.14 4344.328299658536
-510.69 419.97 0.11 4571.149979638867
-560.67 752.75 0.06 4937.9068927971
-212.75 252.58 0.07 4842.525068112638
-260.61 252.17 0.1 4802.582154147036
-417.82 403.66 0.1 4665.396191689995
-562.36 482.28 0.13 4370.986182845159
-703.0 581.78 0.09 4601.401611937585
-372.28 441.56 0.14 4329.560655799241
-650.01 488.01 0.06 4899.693147542865
-585.13 528.47 0.12 4492.405512385991
-247.42 196.47 0.11 4486.314599272531
-538.62 397.15 0.11 4479.371784507144
-180.05 168.96 0.11 4475.930009955589
-293.94 137.4 0.06 7071.1760086595
-316.56 214.13 0.1 6561.635830743088
-643.56 415.34 0.14 6333.276940806245
-588.68 298.82 0.12 6408.908826271438
-845.57 403.49 0.07 6542.963521971968
-525.74 211.77 0.1 6402.766543502856
-95.8 54.51 0.14 6324.133155195077
-33.84 19.84 0.08 6387.000433961464
-684.34 409.59 0.15 6267.602952333083
-263.07 122.24 0.11 6345.095006055275
-461.25 275.17 0.1 6393.300220267435
-583.72 423.89 0.08 6413.270651523762
-513.85 194.61 0.12 6370.829690134686
-380.51 202.57 0.1 6384.363229596205
-677.01 464.38 0.11 6428.223941694861
-442.06 294.15 0.1 6368.31169342959
-517.6 172.65 0.11 6441.587922659322
-733.48 342.13 0.12 6336.985154439938
-789.06 279.64 0.09 6481.721223285298
-415.27 262.65 0.07 6779.557534912393
-600.0 356.14 0.07 6396.515193820628
-469.44 252.58 0.09 6837.473536170016
-606.58 331.23 0.11 6356.904164849453
-719.39 444.4 0.12 6443.368789414828
-257.69 180.31 0.14 6298.450834701976
-593.68 288.55 0.08 6601.176233752469
-299.13 169.71 0.08 6874.288771834194
-772.99 477.43 0.12 6392.597148494089
-424.06 160.37 0.05 7823.777959007066
-765.06 546.93 0.1 6409.683716088901
-879.61 354.77 0.11 6532.365480518303
-685.02 485.36 0.06 6587.116301165344
-320.71 104.37 0.1 6517.4797346348
-268.1 137.08 0.1 6538.736884240116
-709.37 384.4 0.14 6287.322280515809
-481.87 162.85 0.1 6674.983604437287
-375.54 135.46 0.12 6362.210850640751
-182.39 69.62 0.12 6361.474901858088
-414.24 286.05 0.07 6696.18370568374
-806.15 337.63 0.07 6373.118327802547
-526.85 206.97 0.12 6423.2677146141195
-655.52 289.77 0.05 6342.625196948466
-689.77 251.12 0.14 6307.602611448921
-606.27 373.55 0.15 6277.019089630515
-748.5 273.03 0.14 6291.82357665671
-785.04 317.69 0.09 6539.059010235038
-104.87 31.44 0.12 3564.1442183436534
-507.88 137.8 0.14 3481.131149394363
-63.14 1.43 0.1 3753.04106320076
-476.06 45.17 0.15 3451.8740882408483
-964.41 193.06 0.15 3450.9649887951555
-994.32 25.07 0.1 3815.133062508393
-745.29 124.45 0.14 3488.7113514232346
-552.2 163.22 0.15 3453.697762273412
-905.12 254.52 0.12 3568.910383087849
-742.43 39.6 0.14 3480.2664653226743
-308.58 18.54 0.07 4765.636837970349
-404.04 98.09 0.09 4061.717270348503
-449.89 72.05 0.09 3889.756423517896
-914.67 5.1 0.07 4793.073266413947
-594.75 130.22 0.11 3648.2697832269027
-959.23 225.79 0.06 4309.191317510489
-846.96 82.28 0.08 4558.835494553136
-538.33 71.71 0.06 4533.190319145947
-433.35 79.6 0.08 4286.397551269712
-576.44 98.71 0.07 4058.446923397511
-783.78 71.41 0.08 4417.260807768825
-827.89 166.14 0.11 3641.1170515321705
-360.21 21.21 0.09 3808.566638865494
-570.89 118.04 0.08 3909.0416802689497
-759.54 189.71 0.1 3813.557424086608
-645.78 146.14 0.09 4222.505451116573
-843.36 19.11 0.11 3633.0549243814494
-144.74 0.33 0.13 3507.6767495309687
-790.57 226.28 0.06 4288.443491346875
-878.72 236.38 0.12 3597.712285837181
-777.45 45.81 0.06 5315.178035174462
-943.86 292.21 0.12 3620.6470668176876
-475.67 72.56 0.11 3624.801962235537
-170.18 15.79 0.1 3723.702600550735
-472.96 46.65 0.08 4172.423247059218
-494.56 18.03 0.15 3451.027847008211
-241.17 44.38 0.05 4931.799984346439
-656.13 209.31 0.08 4444.342885030448
-780.44 230.69 0.11 3764.138514231893
-820.39 139.46 0.07 4299.556168738733
-724.15 48.8 0.13 3517.8445055212633
-858.06 52.02 0.1 3701.593928641761
-942.3 13.57 0.09 3930.6300935460627
-943.73 290.94 0.06 4811.957729099856
-634.18 138.29 0.15 3453.0272275203797
-899.26 52.48 0.15 3452.9829346917168
-903.08 113.14 0.14 3480.670771374992
-588.25 74.78 0.09 3839.0901598569812
-758.61 110.99 0.07 4465.186754659828
-349.24 92.23 0.13 3523.1194027102274
-746.3 133.83 0.12 3573.861405974546
-148.35 30.7 0.07 4188.239729737551
-876.64 269.08 0.13 723.2069198913341
-715.63 -145.74 0.06 5083.674621330651
-355.3 -101.91 0.14 4590.5888822607685
-587.56 -130.37 0.12 4722.391827578699
-890.01 -208.11 0.06 5934.070782578963
-848.53 -25.22 0.07 5267.5783472180165
-708.24 -142.31 0.09 4855.118639795844
-566.33 -139.5 0.13 4660.322001140741
-558.82 -59.89 0.1 4859.065334747094
-606.53 -37.32 0.09 4978.781712445836
-607.88 -185.75 0.13 4658.682406455402
-964.43 -192.31 0.13 4620.722763822698
-938.5 -225.01 0.05 5561.188381423594
-741.53 -19.04 0.13 4655.239636346281
-651.55 -100.84 0.06 5706.787311209588
-514.56 -103.61 0.13 4663.82707000288
-859.98 -235.58 0.11 4737.557029198942
-312.17 -93.46 0.13 4653.261582810994
-944.44 -75.25 0.14 4580.4024264094005
-939.88 -83.89 0.09 4881.13464425272
-415.13 -97.06 0.1 4789.967436822679
-733.89 -13.16 0.12 4667.14416983515
-841.69 -142.57 0.07 5041.4540568914135
-400.54 -6.46 0.13 4673.087329378121
-938.84 -290.19 0.13 4624.339848713118
-612.92 -134.35 0.13 4629.411146145511
-627.29 -184.03 0.08 5257.2040899525755
-825.07 -224.29 0.13 4617.8297207564065
-68.46 -6.82 0.09 5100.772331612614
-498.5 -112.43 0.12 4698.072677138171
-715.78 -160.16 0.11 4802.793068263069
-612.75 -139.68 0.09 4995.078401545969
-771.62 -29.58 0.13 4665.78622546973
-863.81 -50.12 0.08 5252.442504867117
-768.16 -110.93 0.06 5079.57836507785
-192.01 -57.99 0.07 5064.962310854773
-633.85 -154.55 0.06 5318.3360118452165
-298.72 -62.48 0.09 4862.748297371468
-729.97 -37.31 0.06 6171.023680513075
-910.97 -157.09 0.07 5454.88713630833
-809.25 -55.29 0.11 4739.752597652718
-450.54 -12.37 0.14 4573.924871214669
-646.47 -33.6 0.09 5046.539317101403
-987.96 -20.15 0.15 4533.92159037891
-574.82 -155.48 0.05 5517.149963493951
-791.68 -98.9 0.14 4600.390703031416
-674.62 -48.31 0.14 4575.459033604979
-518.95 -72.2 0.13 4642.291175210422
-704.58 -196.73 0.09 5152.059849279338
-956.94 -212.2 0.09 5034.442890032018
-724.38 -55.83 0.13 4641.51978039749
-391.22 -157.21 0.15 2396.5439256580025
-465.47 -223.31 0.13 2490.4686718839494
-481.71 -325.79 0.07 3483.344957912306
-443.46 -174.47 0.14 2440.542386274824
-936.91 -325.91 0.13 2495.046766982453
-658.97 -379.24 0.11 2648.758438635798
-406.45 -209.52 0.15 2396.5433903745698
-736.79 -348.94 0.11 2640.022672709397
-785.29 -350.76 0.15 2396.5434971507993
-694.36 -427.7 0.14 2441.1811454157455
-800.0 -416.48 0.06 4558.897361729051
-743.54 -267.48 0.13 2491.9917402555093
-593.98 -419.84 0.15 2396.5433947116217
-617.83 -285.55 0.06 3315.1056357975185
-528.1 -288.04 0.08 3263.172484415806
-769.35 -284.57 0.13 2490.0837155434247
-451.25 -164.18 0.09 2836.5140858086475
-384.67 -234.76 0.15 2396.5420919963035
-890.35 -402.84 0.09 2692.9053568212908
-463.86 -306.45 0.13 2492.000494007312
-477.83 -291.35 0.14 2440.162628892811
-485.43 -176.08 0.09 3125.6265236132263
-825.27 -420.65 0.12 2560.979196231366
-816.72 -346.26 0.06 4081.9618499985318
-520.73 -275.29 0.06 3910.960859040985
-724.64 -463.6 0.14 2441.107800000902
-544.19 -181.08 0.1 2747.28926288827
-236.85 -95.05 0.13 2491.1249210413084
-393.23 -218.63 0.14 2440.443038417388
-775.23 -489.08 0.11 2668.616768822091
-164.74 -113.35 0.12 2557.4709325159606
-153.12 -62.43 0.13 2492.1854628552164
-702.47 -502.52 0.15 2396.544225453658
-208.7 -144.09 0.09 2906.815610881121
-501.01 -274.65 0.1 2723.8768472743495
-771.16 -326.86 0.06 4836.597471458239
-856.64 -464.75 0.1 2867.6738170271465
-747.35 -299.83 0.09 2972.445912431494
-812.92 -413.56 0.09 2958.5474116619207
-741.04 -517.81 0.08 2975.918656938359
-555.16 -222.82 0.13 2496.2031208129874
-808.71 -547.55 0.08 2985.400687200294
-542.8 -204.1 0.05 3664.9162421159344
-752.32 -492.57 0.1 2727.7259157270996
-793.29 -512.78 0.07 3840.5204353202444
-848.94 -520.24 0.1 2891.147972518316
-421.95 -178.33 0.11 -1377.5817182042388
-810.45 -570.24 0.06 3302.766623669295
-135.27 -92.14 0.11 2620.01952471926
-873.48 -468.38 0.11 2707.8021157792114
-808.39 -340.3 0.11 2679.088839910044
-269.52 -112.09 0.15 -604.0165138107145
-770.96 -498.02 0.1 -639.0743367312775
-219.82 -260.89 0.07 4094.4140004487517
-529.63 -652.11 0.1 3580.4040109941084
-678.89 -567.07 0.09 3422.1721065463016
-697.2 -600.14 0.1 3571.3003400819707
-637.98 -759.51 0.07 4075.3984630196364
-578.06 -603.74 0.1 3549.5147076359117
-260.41 -345.09 0.15 3278.2067445399607
-135.3 -109.45 0.14 3304.6272222594635
-564.72 -649.92 0.11 3514.9528327215844
-454.98 -453.95 0.12 3388.5409006863715
-247.56 -300.63 0.09 3969.6657431665744
-241.47 -228.49 0.11 3443.7936000734194
-173.69 -166.54 0.14 3304.6552053623805
-711.69 -604.79 0.15 3278.397359552375
-500.99 -549.5 0.12 3402.1200057557794
-623.46 -495.72 0.07 3897.9760194006826
-343.11 -436.83 0.07 3787.0476710290145
-428.54 -356.36 0.05 4353.660918831317
-756.76 -602.61 0.12 3426.2482616806187
-289.84 -239.98 0.13 3330.5393210004527
-322.68 -309.48 0.14 3306.000568172495
-131.49 -149.59 0.12 3398.584225832729
-691.23 -538.59 0.14 3304.8022713304767
-420.17 -390.59 0.05 4607.89277484312
-370.01 -327.69 0.12 3373.8236363474603
-296.25 -331.83 0.14 3300.3725278075726
-637.4 -726.92 0.15 3278.1288792286873
-464.83 -570.26 0.1 3585.091852942578
-686.54 -548.52 0.12 3371.7526540427693
-705.32 -550.91 0.07 4429.588908885292
-512.95 -424.67 0.09 3786.3754201632523
-447.09 -404.32 0.05 4698.705454085148
-376.81 -443.8 0.11 3532.2494198505237
-373.0 -488.91 0.13 3331.2602003759753
-544.35 -554.63 0.06 5100.895612522062
-708.18 -606.12 0.05 5680.542354892447
-638.37 -633.8 0.11 3433.625924772662
-743.55 -581.55 0.11 3437.65860003595
-283.45 -383.55 0.14 3301.5652823975956
-330.95 -328.86 0.05 4478.188543889071
-516.56 -660.38 0.14 3316.9149317938086
-590.14 -631.33 0.1 3487.606243943081
-205.27 -151.68 0.06 5161.34588139767
-217.75 -200.36 0.05 4271.739908150569
-140.56 -140.05 0.06 4951.782754077213
-573.64 -432.32 0.11 3422.4829735700914
-518.96 -614.19 0.07 4806.26748285212
-479.2 -567.47 0.12 3409.76996835348
-616.27 -617.65 0.11 3442.178266244529
-304.6 -326.57 0.12 3393.9831543739465
-450.65 -558.91 0.05 4073.5065443258263
-465.6 -435.5 0.09 3897.5303088134883
-586.85 -607.99 0.12 927.383756580683
-559.9 -562.1 0.15 -77.53840495888608
-588.36 -729.93 0.14 -2765.614361915711
-572.98 -789.21 0.08 5963.599678048972
-375.38 -561.96 0.13 5057.332016644472
-301.44 -666.25 0.13 5111.381469848999
-151.24 -336.38 0.13 5060.424469382797
-118.92 -271.18 0.09 5396.622813318518
-271.12 -473.64 0.14 5019.3967723072965
-245.16 -625.05 0.1 5477.057547388582
-418.97 -620.67 0.08 5231.797001931036
-212.8 -523.09 0.11 5147.234824295876
-329.6 -471.09 0.08 5321.597122712082
-516.84 -774.31 0.13 5101.206035727342
-136.94 -241.76 0.11 5193.660312359809
-233.8 -683.72 0.08 5487.98133353179
-354.74 -625.71 0.13 5061.0305650796
-259.93 -360.98 0.11 5241.2504023101965
-378.31 -810.14 0.09 5728.468415683377
-419.65 -699.15 0.12 5193.731462510703
-319.94 -933.81 0.1 5202.170540328772
-311.97 -627.97 0.13 5112.9910373036
-95.86 -189.71 0.08 5705.502023776558
-475.9 -687.27 0.15 4981.27622198747
-173.07 -341.89 0.15 5000.6951446109515
-198.43 -361.43 0.1 5301.5302320633455
-106.74 -204.09 0.1 5434.357712787657
-133.25 -226.27 0.09 5376.18641541728
-215.65 -310.09 0.08 5561.428784874418
-236.97 -422.59 0.07 5375.512075302329
-259.11 -709.42 0.05 6629.950513858109
-406.34 -850.26 0.11 5243.87210544644
-109.06 -159.69 0.08 5724.10228666776
-546.07 -829.33 0.14 5045.209127342256
-345.8 -826.69 0.12 5177.398067130127
-415.77 -781.73 0.06 5713.938176695532
-343.39 -670.04 0.09 5554.487857998724
-337.97 -767.09 0.09 5351.127607599714
-410.58 -612.96 0.13 5125.181348836168
-326.78 -594.71 0.1 5309.268585380047
-148.35 -392.94 0.13 5084.58553124368
-360.4 -902.21 0.07 6318.580424849256
-420.14 -854.81 0.1 5351.005804412669
-410.2 -634.49 0.13 5058.182783711924
-541.27 -769.37 0.05 6404.969755201812
-212.67 -560.65 0.13 5066.4609297301595
-244.17 -637.93 0.09 5262.604693118229
-135.74 -397.83 0.1 5238.959515765915
-170.62 -461.3 0.13 5057.121244027672
-119.45 -301.42 0.06 5632.098558097053
-289.38 -490.01 0.13 5060.139776775053
-245.42 -588.89 0.09 5660.04606358097
-3.93 -283.95 0.13 2817.531085834501
-117.37 -531.51 0.13 2817.7555156013796
-100.64 -756.91 0.14 2789.381922079932
-79.69 -317.63 0.12 2854.8246626675345
-292.32 -921.32 0.05 5607.758738601614
-152.94 -784.77 0.09 3395.12278214879
-57.7 -851.77 0.06 2891.744793400593
-1.5 -342.4 0.06 3635.698707085395
-138.83 -470.25 0.05 4670.971162538839
-98.36 -947.06 0.14 2789.098527615944
-141.25 -569.57 0.13 2819.860618983156
-94.58 -732.52 0.13 2817.967687096283
-48.14 -285.12 0.05 4474.343225465187
-53.71 -778.75 0.1 3647.411788532658
-102.79 -986.63 0.08 3520.473010682058
-234.83 -831.8 0.07 2966.3720303472946
-2.64 -15.46 0.13 2820.815771544946
-46.71 -615.71 0.11 2914.290921814273
-116.22 -538.89 0.15 2766.097145399001
-11.99 -873.43 0.1 2978.6785000699547
-59.22 -377.97 0.14 2789.18620865789
-78.49 -462.85 0.06 4747.379059782056
-145.92 -513.54 0.13 2819.017686338652
-23.43 -919.69 0.1 3153.201983713481
-22.63 -368.26 0.15 2765.88321855297
-154.53 -835.42 0.06 3785.0923866360745
-97.6 -484.69 0.07 3998.3991659419225
-46.23 -721.55 0.14 2789.008246762965
-21.62 -205.56 0.08 3198.9906696423477
-56.63 -676.61 0.09 3218.876735973887
-23.57 -329.41 0.07 3376.202325082286
-94.78 -584.42 0.1 2964.8973977734095
-70.46 -496.18 0.11 2927.9866333275095
-167.63 -720.27 0.1 2964.461309413864
-62.02 -657.1 0.13 2820.1597210216123
-168.78 -719.71 0.12 2854.449422617063
-130.41 -907.03 0.07 3896.0130205508176
-165.36 -885.12 0.12 2868.038349142644
-23.86 -543.03 0.08 3297.0839399459696
-110.33 -492.37 0.1 3171.6017213865325
-186.34 -964.98 0.13 2825.037808730568
-10.88 -149.18 0.09 3088.1733059812727
-47.59 -190.75 0.06 3460.620950718916
-88.87 -427.84 0.1 2943.435235507307
-123.21 -935.72 0.05 5253.518942104752
-123.64 -433.73 0.07 3402.6826842657056
-110.11 -349.3 0.08 3156.837049945274
-69.38 -355.79 0.06 3994.1488108294943
-117.88 -520.98 0.08 3227.5577734503067
-193.72 -633.93 0.06 3567.7297222340053
-39.39 -173.1 0.09 3201.108181019028
-38.15 -925.12 0.08 3271.29206242023
-218.28 -808.7 0.07 3401.1178320981
-49.47 -393.3 0.08 3408.808096297074
-162.56 -858.61 0.11 587.4407220007151
-30.27 -883.75 0.07 2643.3256144754223
-28.81 -388.54 0.11 713.3844143058918
-253.93 -888.98 0.12 386.09557168620177
-67.65 -260.63 0.12 -2000.7899742061559
58.34 -653.18 0.06 6845.994210061511
83.22 -293.63 0.14 6112.38122580156
132.46 -790.1 0.09 6222.040271193077
7.98 -236.26 0.11 6182.861192725982
25.08 -310.28 0.12 6148.707419098448
135.75 -973.67 0.06 6748.186008012775
54.34 -973.69 0.06 6748.276432302026
260.42 -871.38 0.12 6213.038852125848
32.0 -297.48 0.13 6187.218475390335
127.75 -593.13 0.15 6093.953291181584
38.19 -695.51 0.06 6334.908161172292
161.02 -555.63 0.1 6198.008584022835
233.87 -816.75 0.13 6155.616472089007
16.11 -450.22 0.1 6181.072181822336
101.62 -839.78 0.08 6342.617079832576
89.3 -471.17 0.08 6659.692649684777
64.01 -700.44 0.09 6513.093380412122
26.21 -256.97 0.07 6636.964583644606
20.15 -863.08 0.12 6159.639260169188
105.41 -326.31 0.05 6262.720684280897
59.01 -454.86 0.11 6220.688292963251
11.33 -153.32 0.1 6181.443548232895
80.54 -856.51 0.09 6279.612195230285
65.09 -564.85 0.07 6708.507378816088
91.11 -653.72 0.11 6194.366050593957
149.73 -813.41 0.14 6127.7703699541635
130.47 -570.8 0.14 6150.137526362134
87.61 -972.78 0.06 6723.942084321794
77.09 -777.94 0.09 6391.215073672509
239.81 -744.97 0.07 6844.820856525988
130.75 -940.05 0.07 6817.251896123298
131.75 -827.81 0.07 6403.26609485438
53.88 -854.42 0.05 7481.671165754813
104.92 -754.59 0.12 6163.9665665065695
242.15 -931.44 0.14 6121.835478226669
43.79 -760.66 0.1 6204.596762193943
42.18 -651.1 0.14 6111.4706634062
147.01 -500.66 0.09 6224.37505882375
95.98 -905.46 0.09 6406.462098252221
38.78 -191.79 0.12 6147.503475566289
95.14 -319.65 0.08 6240.793449487075
51.82 -205.12 0.05 6540.695272054002
86.5 -760.0 0.08 6279.361231235823
148.59 -610.23 0.06 6411.202877868384
69.87 -749.54 0.13 6137.763436274649
164.66 -644.05 0.14 6124.6982352596315
99.88 -344.14 0.05 6541.477226894587
195.93 -616.62 0.14 6131.209278681612
186.18 -843.5 0.07 6366.311213992804
173.68 -394.7 0.11 11768.569315598666
474.41 -749.2 0.06 10788.301873700719
509.1 -755.51 0.11 11786.032273502993
280.43 -501.64 0.14 12197.800774579982
342.47 -870.74 0.05 10586.531364814362
464.78 -724.31 0.13 12049.589787803176
246.38 -605.25 0.08 11503.585374248289
374.43 -682.23 0.07 11197.42118612734
400.65 -881.73 0.09 11367.30951231272
94.46 -273.73 0.13 12141.09155798312
456.41 -632.79 0.13 12158.772023092495
307.9 -750.86 0.09 11365.621840098145
233.83 -681.75 0.08 11170.895311747448
192.26 -584.9 0.06 10500.856875186882
297.83 -793.93 0.15 12261.062908123477
282.71 -752.44 0.12 11934.734817607623
252.52 -445.76 0.06 10502.83359563925
307.96 -703.78 0.12 11932.645199424802
154.97 -422.83 0.13 12095.927587222963
317.43 -557.85 0.1 11740.05920233775
386.41 -572.26 0.07 11143.535914542043
277.16 -719.8 0.1 11667.91002857943
516.79 -777.04 0.13 12144.454525527028
146.99 -414.48 0.1 11584.115002088249
244.16 -377.7 0.07 11169.39791298948
504.31 -805.42 0.13 12033.616911601246
333.22 -767.97 0.05 10065.234775388602
258.75 -502.54 0.12 11911.317306226061
140.27 -256.39 0.07 11111.984293717709
312.48 -760.73 0.06 10497.040511066152
480.9 -861.19 0.14 12195.469270361795
244.31 -596.91 0.1 11585.020091673132
145.24 -279.33 0.11 11754.599828519727
499.47 -774.57 0.09 11353.1103922236
51.25 -102.39 0.09 11356.968594430995
137.96 -412.47 0.07 11286.187501994615
258.68 -479.49 0.11 11758.563126368808
650.12 -557.8 0.11 7085.9774320528795
511.02 -374.46 0.12 7079.414073859583
646.68 -539.7 0.09 7386.21867701802
695.47 -564.3 0.08 7039.248342991191
674.06 -512.84 0.09 7077.210946545192
597.64 -781.62 0.12 7101.469304339213
521.69 -422.26 0.09 7149.520377713619
440.28 -418.86 0.09 7166.569140654552
295.3 -260.05 0.06 6884.388969770836
486.32 -652.3 0.05 6780.820408160367
558.52 -421.75 0.11 7087.382025369965
407.0 -359.81 0.12 7105.057128048015
416.15 -477.51 0.12 7110.220730608418
325.63 -240.23 0.1 7109.957385789952
367.04 -381.88 0.06 6994.114961972197
576.74 -524.31 0.11 7054.098951464766
310.77 -263.38 0.14 7063.043444357082
427.01 -315.66 0.07 7077.517092413744
429.16 -583.47 0.14 7063.076586318235
533.4 -578.4 0.11 7093.900936120544
316.91 -432.03 0.06 8049.500684864171
163.46 -216.99 0.08 7382.133804137059
458.7 -520.02 0.11 7120.315445465079
410.52 -410.07 0.06 6885.357819580489
447.6 -611.03 0.12 7174.072023119728
482.03 -605.93 0.06 8020.151571307685
526.82 -399.05 0.1 7147.269252732548
312.55 -262.64 0.05 7790.843656085307
628.47 -726.59 0.11 7115.568398595062
606.69 -519.47 0.13 7064.208143858446
604.39 -618.68 0.07 7062.361268644415
488.07 -590.14 0.06 7498.275221697226
455.68 -582.15 0.08 7128.4696638844325
579.04 -506.4 0.07 7262.366090228421
617.7 -562.4 0.11 7079.041418485151
434.37 -587.34 0.14 7062.949634958082
609.37 -549.73 0.1 7272.65203938911
687.05 -516.86 0.09 7020.1290937515
694.6 -578.72 0.05 7827.217400543075
373.79 -362.13 0.08 7070.57324236301
151.48 -205.23 0.11 7203.520657840212
308.36 -358.82 0.09 7041.746377357491
177.24 -170.79 0.09 7155.462914707594
653.63 -549.38 0.13 7060.623904955661
307.63 -421.38 0.06 7537.662907626054
481.61 -662.44 0.13 7103.202961725268
552.73 -533.13 0.1 7111.649143045573
265.96 -352.05 0.07 7140.9947967963
588.56 -370.26 0.05 4014.69393535261
672.22 -231.64 0.11 2393.2138890535552
821.22 -466.54 0.12 2395.172960801035
773.51 -341.12 0.08 2725.288082931728
375.73 -228.6 0.13 2390.9523489731578
592.77 -338.93 0.09 2400.864669196296
359.72 -183.42 0.15 2352.1630662522794
584.01 -296.78 0.15 2353.181132036524
857.78 -298.74 0.1 2384.6681759628723
851.03 -402.98 0.11 2391.3963484409755
405.22 -143.21 0.13 2387.3766693764805
782.72 -300.83 0.13 2391.2991278936224
449.94 -281.77 0.09 2403.9830359912153
226.79 -140.34 0.09 2389.2000508941
743.16 -271.23 0.14 2375.1507462852423
866.95 -329.26 0.11 2392.50853640726
79.08 -41.91 0.11 2392.292366682363
224.12 -125.88 0.08 2613.1094080596586
621.89 -285.48 0.06 2686.8073767094174
867.7 -310.32 0.07 2474.968153669397
624.81 -416.97 0.1 2384.4066129564826
213.89 -100.56 0.12 2393.7442796432915
312.43 -102.26 0.13 2388.656008736619
130.25 -48.68 0.14 2373.19747678636
582.64 -402.51 0.06 2928.8022083357437
473.93 -295.66 0.06 2556.1447753882057
553.73 -201.08 0.1 2385.393831020536
347.5 -193.8 0.11 2392.885108862661
171.57 -123.3 0.11 2393.1869155049294
121.63 -43.54 0.11 2393.0893005634107
331.2 -148.09 0.12 -590.7312318844724
148.87 -91.35 0.08 2414.0075683222835
57.53 -38.5 0.1 2385.8678514012927
695.67 -293.17 0.1 2383.782382605834
813.39 -390.53 0.12 -551.2322016087041
367.76 -192.34 0.07 2448.0478487006812
383.97 -174.52 0.08 2414.900728875072
500.11 -234.33 0.09 2384.954545172798
621.89 -395.23 0.07 2632.3558996329325
822.66 -500.87 0.07 2446.1233211842073
868.69 -366.76 0.08 2373.0571886110192
77.27 -42.77 0.05 3576.572766695082
877.11 -301.46 0.11 2606.8929610664227
632.08 -379.23 0.06 2309.8640646741424
874.89 -367.79 0.06 2703.6872964551103
620.08 -252.21 0.1 -49.60938238392919
425.3 -245.69 0.06 3947.5185244012832
222.45 -152.58 0.11 -328.58357207540575
976.18 -105.3 0.15 5531.0534418796815
888.18 -198.66 0.08 5884.43695932658
622.63 -157.97 0.13 5580.072913987306
971.48 -104.34 0.08 6412.057089264976
923.3 -37.25 0.1 5792.075165411417
934.28 -83.3 0.1 5733.940528009933
629.34 -79.21 0.12 5609.208856581148
386.44 -8.55 0.1 5751.129691429377
432.5 -73.19 0.14 5552.316171124103
643.49 -146.44 0.11 5757.814535853842
656.19 -146.75 0.08 5959.496743044681
622.21 -72.26 0.14 5558.393898169763
594.43 -33.86 0.11 5646.411560306173
737.02 -179.25 0.1 5834.540639176768
256.04 -29.94 0.14 5551.841046943322
728.01 -68.11 0.05 7471.61999665235
315.59 -67.01 0.07 6407.074970753105
133.15 -0.32 0.09 5963.24596413526
744.54 -32.69 0.06 6824.847738903661
918.23 -46.91 0.07 6269.330131338675
471.61 -49.52 0.14 5563.967432711599
292.35 -79.6 0.08 5902.193410347884
987.41 -51.99 0.06 5816.572683806789
549.64 -146.96 0.14 5575.388361433941
374.27 -46.62 0.08 6319.697594079002
172.03 -5.54 0.11 5652.378421100164
989.13 -109.92 0.1 5731.604415224974
867.25 -0.01 0.12 5676.5256277310455
782.74 -214.67 0.11 5724.492692231131
971.36 -100.21 0.05 5838.819190407495
534.06 -160.79 0.11 5830.409471373435
513.5 -100.1 0.05 6474.857861475588
563.48 -13.15 0.09 5721.2774803333095
978.97 -62.87 0.1 5810.523129914258
756.68 -166.16 0.07 5800.114245921485
735.66 -202.35 0.09 5741.963543549544
724.38 -126.48 0.13 5577.688853267142
650.51 -192.04 0.14 5548.7708684975105
600.22 -152.02 0.13 5605.201347838074
909.15 -240.43 0.1 5765.310217073395
523.65 -153.94 0.13 5597.794045005219
796.54 -189.82 0.14 5558.992954266729
659.37 -180.85 0.1 5769.972277216721
565.89 -21.85 0.11 5651.489826804496
734.9 -204.26 0.11 5769.134787901889
85.94 -19.99 0.14 5552.962887444333
862.19 -79.09 0.06 7076.869387171304
762.83 -156.88 0.07 6691.043781997184
