0.0 0.0
275.32 70.59 0.12 9541.854490672587
876.95 199.74 0.07 9222.36410684635
806.13 166.26 0.11 9575.359333591923
936.7 172.31 0.11 9486.372710490175
866.67 30.3 0.07 9279.675478675725
295.31 18.81 0.12 9588.235111118254
905.82 246.52 0.1 9567.197507905847
692.46 0.16 0.09 9476.38727098882
936.2 191.32 0.05 9531.631843676572
919.58 147.25 0.15 9666.12552716472
658.81 95.72 0.15 9676.393995117915
557.35 67.91 0.07 9074.61933339333
737.81 10.19 0.07 9248.817497237624
869.45 50.7 0.15 9669.256350383983
598.49 74.6 0.08 9337.237857153734
274.5 48.36 0.09 9578.44570966156
927.04 170.31 0.06 8851.915605676426
877.34 197.65 0.09 9541.573752039134
879.79 127.14 0.08 9296.114633260653
704.73 114.3 0.14 9636.560915133694
535.36 108.39 0.13 9664.004636023878
562.72 180.65 0.06 9499.732067076624
503.3 136.73 0.07 9451.426759274422
888.26 8.91 0.12 9563.077916916372
779.32 188.56 0.05 8850.56655991725
939.56 194.44 0.08 9407.210501693746
694.28 47.83 0.12 9537.454853515119
458.34 37.34 0.1 9410.909387838234
890.04 59.76 0.09 9352.959453284997
806.33 202.42 0.1 9508.02507284833
465.7 100.38 0.15 9699.45276676837
924.21 93.84 0.1 9436.705998572976
561.92 161.7 0.12 9607.164329664465
426.78 32.35 0.1 9415.277324592655
243.18 37.61 0.08 9191.839199302503
195.96 47.03 0.07 9489.23819135809
168.4 24.16 0.08 9619.951145656203
699.27 164.35 0.12 9550.275114030279
697.78 148.78 0.08 9562.172155848977
569.97 84.57 0.14 9629.427558016483
778.44 109.99 0.12 9535.845252994022
827.59 31.54 0.05 8908.29720511208
801.54 287.38 0.14 4906.648437789711
761.23 370.52 0.07 5771.331396261935
123.79 56.55 0.07 5547.317868135177
391.45 217.73 0.14 4905.848259889807
791.43 434.09 0.06 5729.956772341121
461.19 164.57 0.1 5087.531530019054
448.47 153.76 0.12 4988.893784418418
467.94 332.05 0.11 5033.266524183767
644.9 414.54 0.08 5455.243161892136
261.62 168.58 0.08 5584.647254056688
916.68 339.32 0.12 4991.762613528409
447.32 229.5 0.07 5255.581675679545
716.91 494.89 0.08 5259.55001476775
714.17 492.67 0.05 6669.905872198419
407.07 226.32 0.14 4915.401163858984
177.34 100.28 0.14 4907.378498608723
333.33 182.42 0.07 5286.331012111999
83.68 53.15 0.11 5038.345870583259
693.44 331.97 0.13 4946.711844262412
381.26 215.27 0.1 5121.0550074565
719.78 408.68 0.05 5569.295450665302
603.34 230.65 0.08 4359.673741211465
691.82 392.91 0.11 5102.504068651955
416.89 239.21 0.06 6199.52496765775
826.78 465.21 0.1 5092.128632750062
709.54 511.07 0.14 4910.91830277756
831.74 468.84 0.12 4982.254054299456
445.99 232.17 0.09 5312.781247457424
765.38 510.87 0.05 6846.227795039724
158.4 97.98 0.14 4911.043780516513
794.02 287.55 0.07 5255.741693628403
716.43 388.48 0.08 5539.972934019955
838.98 452.55 0.06 5375.104784103059
779.71 403.07 0.08 5525.999977292981
198.3 104.76 0.11 5104.271269574412
454.08 185.68 0.14 4905.529482491014
290.39 193.37 0.09 5374.501397307249
396.58 230.25 0.13 4941.683377474839
148.37 74.26 0.06 5808.417135502144
632.3 217.95 0.09 5150.783854519668
494.03 288.97 0.08 5214.12315350098
817.63 543.69 0.08 5528.897293409691
798.81 382.9 0.13 4945.981640432958
522.49 228.95 0.06 5367.743960927096
567.52 362.51 0.11 5028.719055181585
693.59 424.51 0.12 5006.512809902391
367.05 127.32 0.1 5099.877222642135
594.35 354.58 0.09 5355.579672548786
585.64 402.23 0.05 5425.592735351206
347.51 182.65 0.15 4876.091084263397
752.75 285.88 0.13 4944.764410828584
511.7 562.43 0.13 4287.650432814327
497.05 632.59 0.12 4331.482485914168
516.37 483.96 0.14 4230.185196532213
291.8 388.4 0.12 4362.366832446986
533.62 609.16 0.08 5063.003075016236
419.81 314.74 0.06 5731.8158859331725
138.65 153.12 0.15 4198.344171733579
415.69 333.93 0.07 5056.284931529168
755.28 557.05 0.1 4585.538015907556
388.61 309.71 0.13 4270.833567903048
529.18 645.88 0.07 5340.086015264047
657.45 643.54 0.15 4194.75125047449
289.71 275.46 0.11 4399.553731654665
202.52 257.4 0.14 4240.000926951383
609.71 651.34 0.13 4271.115751539424
514.23 555.61 0.12 4320.7137065068255
484.72 476.67 0.13 4270.30019966617
461.54 475.06 0.12 4317.38169989653
577.47 436.52 0.1 4434.724423674559
570.49 512.52 0.14 4230.876391090384
330.63 448.02 0.06 4944.734943228475
580.18 705.49 0.08 4660.133526310138
389.35 532.69 0.07 4691.483942025394
520.44 432.45 0.12 4319.222643875521
525.14 467.68 0.14 4233.695700492963
265.91 253.98 0.14 4231.537416265977
670.84 710.71 0.1 4564.780936286928
737.17 671.97 0.1 4605.523287621415
500.93 661.04 0.12 4322.2605080443445
216.31 165.39 0.15 4195.025585236813
578.9 494.83 0.13 4276.967608637084
263.61 220.49 0.06 5681.076055550783
538.63 647.34 0.09 4546.27225001987
440.57 356.18 0.1 4480.577625676829
139.69 120.63 0.12 4317.772175580372
501.76 578.51 0.11 4381.300897079982
412.46 515.62 0.09 4733.645905181687
349.64 393.84 0.09 4507.182868454155
719.8 611.26 0.11 4388.612103028328
510.86 614.48 0.12 4321.561962344771
747.96 566.64 0.13 4277.545799387893
604.86 538.73 0.08 4591.973981873074
572.44 567.06 0.09 4567.959326574799
138.27 119.48 0.07 4680.024049956768
541.36 414.93 0.07 5265.36091886852
446.91 468.85 0.11 4443.3173113965995
381.51 288.55 0.13 4270.520918867482
484.75 800.03 0.05 7233.533165360021
66.4 116.03 0.12 6983.131555263756
247.77 506.78 0.13 6901.6978165824385
318.71 706.45 0.14 6904.734887044791
283.45 484.15 0.11 6899.749426144941
468.93 852.14 0.12 6901.732530207464
131.49 251.78 0.09 7120.8072873199835
281.2 740.37 0.15 6906.039855429923
337.0 888.69 0.09 6973.5939824859115
382.86 876.98 0.13 6914.546891254541
492.46 865.26 0.1 6948.683128884786
466.59 764.31 0.15 6896.376185018666
28.51 60.48 0.11 6914.366640213037
443.81 755.18 0.11 6900.570684771412
460.94 657.54 0.09 6905.983926852268
312.74 460.38 0.06 7116.627694391329
417.78 742.59 0.08 6901.495297983839
342.7 886.13 0.13 6923.590802451163
318.36 835.26 0.09 6896.17722166965
385.6 630.5 0.12 6902.299699553916
270.87 695.5 0.1 6920.681027859397
103.49 191.03 0.05 6899.634159994395
317.81 489.45 0.09 6939.484466349804
188.15 466.87 0.13 6920.4663418537475
334.9 723.92 0.14 6899.121247960051
293.29 701.89 0.1 6915.113175029632
519.4 793.78 0.1 6902.501971388821
168.15 494.17 0.08 6954.468975864942
204.78 557.3 0.12 6921.5702098700085
186.57 294.91 0.1 6897.274190553957
162.11 409.44 0.07 7335.331565532922
270.75 672.06 0.1 6930.002045941289
116.02 277.82 0.14 6904.226941810934
199.8 537.78 0.07 7361.393593028919
332.76 648.97 0.07 7178.857483932769
391.07 742.18 0.07 7470.728924685912
356.69 554.78 0.08 6869.220651346848
313.9 885.5 0.07 7129.248458428638
483.52 734.45 0.05 6737.73040608605
474.73 786.47 0.1 6936.899680046132
419.27 701.97 0.1 7007.15722801228
483.94 712.47 0.06 7213.481350922008
191.48 407.19 0.14 6900.197746314915
160.87 285.4 0.06 7350.30338171528
423.57 876.12 0.09 6929.060891031602
23.08 644.83 0.14 2733.0310536316956
108.82 581.72 0.14 2733.1452920478678
1.79 847.08 0.12 2716.716269185689
150.41 940.88 0.15 2740.5061517566323
0.52 313.21 0.09 2745.064559671216
211.99 938.06 0.15 2740.5296599730873
56.03 377.0 0.05 3392.4708941528315
38.28 646.41 0.07 3062.4304535890005
14.38 636.33 0.12 2717.0939305635466
20.56 773.08 0.14 2732.9704253593627
105.97 346.47 0.14 2732.900306388371
131.95 569.44 0.14 2733.6615513588904
266.29 905.5 0.1 2732.8578801436684
63.09 216.39 0.09 2757.6742022753933
33.94 633.32 0.11 2714.189666875135
5.81 349.59 0.1 2721.266683372475
233.73 783.6 0.13 2724.5167488650663
222.92 847.13 0.13 2724.553561975691
172.1 767.02 0.12 2717.0755377088353
220.16 740.49 0.07 3388.8563114962853
61.43 708.8 0.05 4805.329115345939
92.09 874.09 0.12 2715.858156720396
28.5 456.65 0.07 3423.2578266471064
228.43 906.4 0.12 2715.699523830075
46.25 800.53 0.11 2715.7026107779407
98.3 357.58 0.14 2733.1049772228685
153.7 856.53 0.13 2724.5697003012983
59.13 901.64 0.13 2718.918721953236
101.15 557.46 0.1 2725.0327529177443
58.14 670.57 0.12 2717.190189686707
209.3 924.09 0.08 2744.173476171844
36.17 680.4 0.08 2660.5988059609917
14.25 924.46 0.06 3891.299835524261
92.92 423.94 0.09 2711.134365006856
167.48 976.29 0.06 2924.287406407856
54.63 625.23 0.07 3211.8741593535933
230.71 751.86 0.09 2879.2294236029406
12.21 252.48 0.08 2796.833763748326
53.25 260.41 0.06 2941.192328856194
163.53 522.15 0.08 3044.919364046342
9.5 608.43 0.1 2726.4013739740953
211.3 680.31 0.07 2953.273346606815
104.81 633.73 0.07 3095.8013852681624
37.03 624.82 0.08 2903.6208383910657
204.31 916.01 0.09 2792.9343285710574
13.29 996.06 0.12 -214.13473457815462
202.39 740.98 0.08 1474.8188937324487
235.92 872.17 0.13 -476.9889666163558
29.48 909.91 0.05 2272.6815085939506
111.57 376.51 0.07 2125.27465079176
50.99 881.51 0.09 824.7057688258606
31.08 873.75 0.12 -214.7492773141189
28.86 915.41 0.06 3297.859672046724
60.29 541.94 0.1 -1819.966266835016
51.08 226.41 0.1 -1685.1910731509684
238.5 884.71 0.1 -1477.4029211584211
237.62 827.08 0.1 -1731.8807330339432
-231.74 933.38 0.11 6481.085293536789
-151.47 916.0 0.08 6470.064081331575
-199.06 659.19 0.14 6367.851387164734
-35.78 513.3 0.14 6349.876167988389
-43.92 351.87 0.08 6623.736374938707
-33.82 892.68 0.14 6360.6126354670105
-127.97 555.82 0.15 6331.601672791831
-4.89 567.07 0.14 6354.913654845253
-217.37 838.44 0.14 6352.938904208613
-180.89 947.24 0.07 7184.833650248725
-92.49 288.27 0.08 6563.24288882554
-119.44 450.05 0.07 6611.830425968985
-171.97 737.24 0.1 6514.953229864481
-24.31 165.07 0.1 6625.407642442254
-59.71 733.78 0.1 6452.178220539222
-148.7 566.7 0.13 6370.406853218801
-280.27 862.92 0.11 6432.488084563258
-113.3 775.0 0.1 6595.206701503086
-125.3 925.88 0.14 6370.593689902828
-122.5 775.56 0.12 6452.342088828154
-107.4 536.77 0.05 7596.441160593105
-127.3 486.22 0.1 6632.146477251875
-109.25 843.96 0.06 7231.5996069191515
-36.7 440.28 0.13 6381.83357573094
-92.32 437.44 0.12 6395.626555781558
-223.52 827.82 0.13 6384.910169271792
-71.65 429.38 0.07 6800.171102169771
-54.97 786.03 0.15 6331.056726049329
-178.0 565.61 0.08 6882.8976807149575
-270.8 843.2 0.08 6493.035632126225
-20.65 624.12 0.15 6347.227248577075
-170.37 746.99 0.1 6479.508869205414
-54.92 676.94 0.09 6472.509580533733
-65.53 386.24 0.15 6343.707696179816
-13.7 728.53 0.15 6332.545114363191
-212.44 809.89 0.07 6481.041251273554
-207.7 868.67 0.12 6429.664608881831
-75.69 781.01 0.1 6470.993055225083
-14.31 56.74 0.09 6616.220557093978
-57.69 955.48 0.06 7234.968566459982
-56.07 758.12 0.08 6558.335608483058
-54.31 979.04 0.15 6330.53266554115
-57.35 829.79 0.08 6579.435497443408
-57.03 694.66 0.09 6670.816483513585
-243.07 450.72 0.15 3587.9219726153665
-101.07 146.53 0.08 4235.471115375259
-327.41 853.24 0.08 4234.60023628575
-429.23 608.52 0.11 3782.2271489482
-441.76 638.03 0.1 3857.8226486050585
-256.97 777.63 0.13 3682.1851355474996
-394.17 859.86 0.1 3849.5196241845897
-289.27 716.65 0.07 4224.939406612222
-339.0 786.72 0.11 3779.3886410744035
-76.17 167.88 0.14 3624.745495923894
-127.83 362.91 0.05 4436.1664897002665
-500.93 806.1 0.11 3779.907132635755
-179.5 460.85 0.08 4142.988597991978
-341.3 556.15 0.06 4887.853646619932
-167.99 499.86 0.11 3828.3715633823986
-295.47 806.54 0.14 3626.921061226944
-164.17 330.94 0.08 4179.804033738914
-264.46 784.1 0.06 4614.049676550792
-161.65 382.28 0.14 3624.5152248139716
-338.54 546.89 0.11 3805.729933073964
-315.34 492.21 0.07 4616.345177129802
-539.16 830.9 0.13 3674.7066615767467
-125.6 357.52 0.11 3779.5262039520953
-263.59 396.82 0.13 3673.4804006841296
-406.39 697.32 0.05 4998.693272929017
-346.53 557.35 0.15 3588.985515824311
-437.23 798.4 0.11 3788.630914427593
-298.45 527.41 0.11 3780.089416430924
-264.19 552.11 0.09 4019.994234863512
-139.82 354.5 0.13 3668.3741704183667
-412.93 714.46 0.15 3587.901147071154
-318.67 698.34 0.08 4311.842631642127
-37.03 89.98 0.13 3676.7084987540175
-253.07 652.99 0.09 3999.8782824422524
-339.32 747.87 0.11 3825.7279752927257
-221.8 632.0 0.06 4408.053649716623
-230.94 675.3 0.08 4352.550099082804
-149.39 298.34 0.11 3780.823551303316
-479.33 726.76 0.09 3935.654077392035
-132.87 298.27 0.07 4177.479055825808
-499.4 864.98 0.11 3833.6666854556875
-149.17 218.45 0.08 4053.224024923147
-166.33 323.98 0.1 3993.742783266426
-265.05 581.18 0.12 3718.442795025942
-480.54 771.17 0.14 3625.53708449028
-226.31 357.11 0.1 3849.290887157902
-348.35 692.97 0.07 4251.075380171314
-288.46 478.68 0.07 4853.332267829027
-207.02 375.22 0.14 3624.986367464523
-300.2 689.24 0.09 3940.1092244651986
-393.69 617.85 0.11 3800.6979074500696
-626.34 467.78 0.1 4218.298534841204
-569.55 539.8 0.14 3999.584519774297
-372.28 441.56 0.14 3995.1496935200853
-583.49 599.26 0.12 4114.851550922656
-481.96 394.8 0.06 4892.962026476296
-271.96 238.83 0.08 4457.048752248232
-484.01 477.83 0.14 3996.0206743931144
-140.36 153.88 0.06 5235.7767491628665
-445.01 537.57 0.05 4820.257058403646
-245.51 304.89 0.09 4348.098132451309
-650.01 488.01 0.06 4604.7877372899875
-168.1 128.75 0.15 3962.0050982208445
-643.49 650.9 0.1 4276.602885988883
-180.05 168.96 0.11 4135.0766197426055
-703.0 581.78 0.09 4270.979655393294
-159.76 191.83 0.15 3962.0336564120776
-606.09 560.96 0.15 3964.487732735432
-553.1 448.31 0.12 4091.599530695743
-538.62 397.15 0.11 4136.743303014836
-590.66 777.75 0.1 4247.284964022067
-585.13 528.47 0.12 4111.322648150894
-407.61 391.0 0.08 4606.60576606825
-417.82 403.66 0.1 4270.237950463014
-212.75 252.58 0.07 4514.32341367848
-510.69 419.97 0.11 4182.173007025522
-593.43 684.68 0.13 4043.1676476756675
-682.97 601.65 0.06 5251.357452555646
-594.82 433.6 0.12 4079.635147712109
-326.12 274.22 0.09 4392.539378001636
-618.09 585.92 0.06 4841.394833606088
-625.56 528.85 0.1 4199.151845620667
-560.67 752.75 0.06 4634.092972819846
-173.13 193.29 0.06 5462.701182473547
-360.95 282.01 0.07 4852.395411719452
-564.32 621.97 0.08 4385.201960735375
-724.03 629.48 0.08 4401.438706284849
-595.04 448.11 0.07 4909.892363952026
-484.99 472.55 0.14 3994.8212516883527
-247.42 196.47 0.11 4140.11365747666
-695.74 559.0 0.12 4091.0517459478833
-341.98 308.69 0.14 3995.458886801765
-81.75 79.19 0.07 4157.531436244906
-93.76 101.61 0.14 3995.6571464026106
-536.47 648.71 0.06 4602.1332980962425
-549.16 579.87 0.15 3961.938724557486
-476.86 540.91 0.15 3961.9248317993283
-562.36 482.28 0.13 4033.711081624035
-466.72 348.14 0.08 4841.550324252743
-260.61 252.17 0.1 4349.867684922877
-460.43 542.37 0.08 4545.996045658625
-605.44 620.51 0.1 2208.9625780067313
-424.06 160.37 0.05 7538.682218435728
-263.07 122.24 0.11 6189.53490738966
-606.27 373.55 0.15 6101.797973097791
-588.68 298.82 0.12 6212.099929538706
-765.06 546.93 0.1 6245.404766728593
-257.69 180.31 0.14 6123.98652455957
-677.01 464.38 0.11 6240.392057122482
-684.34 409.59 0.15 6097.549762407917
-772.99 477.43 0.12 6202.665673730438
-606.58 331.23 0.11 6196.708155330343
-525.74 211.77 0.1 6240.91382189782
-469.44 252.58 0.09 6563.164013048551
-785.04 317.69 0.09 6351.218156464645
-643.56 415.34 0.14 6141.218089180932
-320.71 104.37 0.1 6316.056359152282
-481.87 162.85 0.1 6421.444531071994
-375.54 135.46 0.12 6185.185055023828
-593.68 288.55 0.08 6417.634672352183
-293.94 137.4 0.06 6846.555108725119
-526.85 206.97 0.12 6220.4336497595195
-513.85 194.61 0.12 6190.1307906658
-789.06 279.64 0.09 6311.406460141487
-845.57 403.49 0.07 6395.945515561581
-95.8 54.51 0.14 6136.675087182537
-415.27 262.65 0.07 6578.795135457185
-733.48 342.13 0.12 6170.76724796196
-583.72 423.89 0.08 6280.842634253922
-806.15 337.63 0.07 6267.14265476812
-414.24 286.05 0.07 6513.927039565211
-689.77 251.12 0.14 6128.495900780437
-719.39 444.4 0.12 6232.145173237556
-182.39 69.62 0.12 6184.763207866061
-316.56 214.13 0.1 6345.349468913317
-600.0 356.14 0.07 6284.756329835633
-655.52 289.77 0.05 6272.357767331183
-709.37 384.4 0.14 6118.521335162505
-685.02 485.36 0.06 6452.252835046249
-268.1 137.08 0.1 6330.133273076849
-461.25 275.17 0.1 6234.776360618575
-517.6 172.65 0.11 6248.645674282758
-879.61 354.77 0.11 6305.2634582115
-380.51 202.57 0.1 6228.991149546226
-748.5 273.03 0.14 6120.729491224345
-33.84 19.84 0.08 6261.957992569805
-442.06 294.15 0.1 6218.622669232738
-299.13 169.71 0.08 6621.4381920771575
-777.45 45.81 0.06 4714.162180026767
-905.12 254.52 0.12 3193.82503569591
-594.75 130.22 0.11 3254.252701233679
-349.24 92.23 0.13 3152.2173772465308
-846.96 82.28 0.08 3944.4095218804837
-858.06 52.02 0.1 3313.837772544954
-475.67 72.56 0.11 3245.397664301952
-783.78 71.41 0.08 3844.937286037927
-820.39 139.46 0.07 3831.248426425563
-104.87 31.44 0.12 3192.4247470823116
-144.74 0.33 0.13 3148.9353824643226
-899.26 52.48 0.15 3089.7559893557313
-588.25 74.78 0.09 3424.9235246973994
-148.35 30.7 0.07 3752.3242236394153
-914.67 5.1 0.07 4199.277785293445
-507.88 137.8 0.14 3117.5777368560443
-360.21 21.21 0.09 3408.4645592835104
-472.96 46.65 0.08 3679.654340184824
-964.41 193.06 0.15 3089.6395793936263
-758.61 110.99 0.07 3951.671139942521
-742.43 39.6 0.14 3117.4610351471215
-308.58 18.54 0.07 4178.13539468659
-943.86 292.21 0.12 3209.5953382262314
-538.33 71.71 0.06 4077.944465284869
-645.78 146.14 0.09 3648.988784579859
-433.35 79.6 0.08 3755.46455741478
-943.73 290.94 0.06 4299.312622409622
-959.23 225.79 0.06 3905.4489169377584
-63.14 1.43 0.1 3337.5626973235894
-476.06 45.17 0.15 3089.6917477526326
-241.17 44.38 0.05 4485.694437964168
-552.2 163.22 0.15 3089.7977588542667
-449.89 72.05 0.09 3452.731199567087
-780.44 230.69 0.11 3300.643779410273
-494.56 18.03 0.15 3089.643171961344
-942.3 13.57 0.09 3475.5937666924247
-827.89 166.14 0.11 3251.533827517758
-903.08 113.14 0.14 3117.5155558783335
-724.15 48.8 0.13 3151.0843083984337
-634.18 138.29 0.15 3089.7585694187287
-759.54 189.71 0.1 3366.427292483485
-790.57 226.28 0.06 3889.7438371748767
-656.13 209.31 0.08 3863.758030741161
-170.18 15.79 0.1 3323.939358001747
-745.29 124.45 0.14 3118.616667950173
-994.32 25.07 0.1 3367.192239950403
-843.36 19.11 0.11 3248.490206617594
-878.72 236.38 0.12 3202.4767506197677
-746.3 133.83 0.12 3195.2891418577597
-570.89 118.04 0.08 3512.979225666568
-404.04 98.09 0.09 3551.3625447754443
-576.44 98.71 0.07 2371.393307894775
-876.64 269.08 0.13 -2409.8926517566047
-612.75 -139.68 0.09 4602.706318104058
-514.56 -103.61 0.13 4279.343343443605
-606.53 -37.32 0.09 4592.225163380517
-771.62 -29.58 0.13 4280.148359929595
-646.47 -33.6 0.09 4636.049779130692
-809.25 -55.29 0.11 4377.164273759713
-724.38 -55.83 0.13 4270.245987776083
-729.97 -37.31 0.06 5683.731682097787
-355.3 -101.91 0.14 4223.754044171932
-825.07 -224.29 0.13 4260.724449145926
-910.97 -157.09 0.07 5033.226449007923
-715.63 -145.74 0.06 4801.450864212869
-312.17 -93.46 0.13 4275.018740197289
-938.5 -225.01 0.05 5242.7251850077855
-674.62 -48.31 0.14 4218.568460307364
-566.33 -139.5 0.13 4277.905532554251
-651.55 -100.84 0.06 5297.488136447919
-400.54 -6.46 0.13 4283.156904767988
-987.96 -20.15 0.15 4181.155452082919
-450.54 -12.37 0.14 4218.04631723307
-558.82 -59.89 0.1 4478.354805542267
-607.88 -185.75 0.13 4277.234023907698
-627.29 -184.03 0.08 4829.685251896784
-704.58 -196.73 0.09 4705.552439001669
-768.16 -110.93 0.06 4798.293133486654
-498.5 -112.43 0.12 4324.670356742697
-733.89 -13.16 0.12 4310.432850746309
-791.68 -98.9 0.14 4227.1484211173265
-298.72 -62.48 0.09 4518.725514566147
-944.44 -75.25 0.14 4220.2555263250615
-708.24 -142.31 0.09 4513.963856359447
-859.98 -235.58 0.11 4376.029283455693
-68.46 -6.82 0.09 4671.5850248109555
-192.01 -57.99 0.07 4740.717573837359
-612.92 -134.35 0.13 4265.361153089576
-956.94 -212.2 0.09 4628.178750556649
-715.78 -160.16 0.11 4410.1664191068185
-848.53 -25.22 0.07 4890.913519776098
-741.53 -19.04 0.13 4275.826230127315
-518.95 -72.2 0.13 4270.558458751678
-863.81 -50.12 0.08 4826.283978795811
-633.85 -154.55 0.06 4984.760829220054
-939.88 -83.89 0.09 4530.237244363506
-938.84 -290.19 0.13 4263.326542941746
-964.43 -192.31 0.13 4261.879437048064
-415.13 -97.06 0.1 4438.531622115735
-587.56 -130.37 0.12 4336.018878456364
-574.82 -155.48 0.05 5205.76349420257
-890.01 -208.11 0.06 5485.062710495806
-841.69 -142.57 0.07 4723.564085157472
-769.35 -284.57 0.13 2632.9392982361646
-771.16 -326.86 0.06 4168.982025682182
-391.22 -157.21 0.15 2708.912898462284
-936.91 -325.91 0.13 2631.3859451900757
-164.74 -113.35 0.12 2609.6588478390877
-542.8 -204.1 0.05 3315.9582278032585
-236.85 -95.05 0.13 2632.6112658894463
-406.45 -209.52 0.15 2708.9132404077195
-694.36 -427.7 0.14 2665.698746299886
-724.64 -463.6 0.14 2665.7335250044116
-808.71 -547.55 0.08 2738.8356591919564
-528.1 -288.04 0.08 2873.473056761163
-743.54 -267.48 0.13 2632.3390468214907
-208.7 -144.09 0.09 2680.5711668359745
-808.39 -340.3 0.11 2604.4094702832886
-785.29 -350.76 0.15 2708.9131721977596
-153.12 -62.43 0.13 2632.27831779683
-477.83 -291.35 0.14 2666.1822849300474
-848.94 -520.24 0.1 2651.463597965189
-443.46 -174.47 0.14 2666.001849311838
-617.83 -285.55 0.06 3004.756532718543
-463.86 -306.45 0.13 2632.336301802896
-555.16 -222.82 0.13 2631.027747584242
-825.27 -420.65 0.12 2609.1337675498185
-856.64 -464.75 0.1 2645.755802135862
-501.01 -274.65 0.1 2617.4745442142403
-752.32 -492.57 0.1 2618.072919484838
-873.48 -468.38 0.11 2605.8027940282027
-384.67 -234.76 0.15 -1218.5727983667025
-135.27 -92.14 0.11 2603.42616196201
-775.23 -489.08 0.11 2604.0476163702197
-481.71 -325.79 0.07 3057.2768599477085
-800.0 -416.48 0.06 3938.699135730908
-520.73 -275.29 0.06 3427.582434956067
-890.35 -402.84 0.09 2620.9886834249633
-816.72 -346.26 0.06 3558.2554885163
-658.97 -379.24 0.11 -2.325814297073066
-741.04 -517.81 0.08 2734.7113016811927
-810.45 -570.24 0.06 2996.660441402085
-747.35 -299.83 0.09 2703.3047560807636
-544.19 -181.08 0.1 2621.2550336756362
-451.25 -164.18 0.09 2658.421535417274
-793.29 -512.78 0.07 3297.1783606078507
-465.47 -223.31 0.13 -642.6308997639894
-736.79 -348.94 0.11 -11.061580223474266
-593.98 -419.84 0.15 -1218.5714956513843
-485.43 -176.08 0.09 956.5575893954228
-393.23 -218.63 0.14 -933.6641925880849
-702.47 -502.52 0.15 -1218.5706649093481
-812.92 -413.56 0.09 789.4784774441173
-464.83 -570.26 0.1 3246.18116927901
-578.06 -603.74 0.1 3231.363529595078
-283.45 -383.55 0.14 3076.100332381566
-450.65 -558.91 0.05 3779.8844867068606
-544.35 -554.63 0.06 4528.263338259177
-373.0 -488.91 0.13 3095.837621219574
-518.96 -614.19 0.07 4200.66096519537
-370.01 -327.69 0.12 3122.7660507081623
-304.6 -326.57 0.12 3127.2384021533776
-623.46 -495.72 0.07 3544.364168273171
-330.95 -328.86 0.05 4102.204222491705
-637.4 -726.92 0.15 3060.6778559422837
-247.56 -300.63 0.09 3484.060470404197
-241.47 -228.49 0.11 3164.4693830830806
-454.98 -453.95 0.12 3126.0126551221515
-590.14 -631.33 0.1 3206.588813113717
-573.64 -432.32 0.11 3157.9268920743075
-260.41 -345.09 0.15 3060.675018547709
-296.25 -331.83 0.14 3076.045497072275
-500.99 -549.5 0.12 3129.09620998852
-135.3 -109.45 0.14 3076.244861999403
-743.55 -581.55 0.11 3162.567132600562
-711.69 -604.79 0.15 3060.6680887581892
-756.76 -602.61 0.12 3134.7805176137517
-516.56 -660.38 0.14 3076.879045808329
-205.27 -151.68 0.06 4578.484086943217
-219.82 -260.89 0.07 3676.8275224246104
-217.75 -200.36 0.05 3935.8228815448024
-322.68 -309.48 0.14 3076.3114421373916
-173.69 -166.54 0.14 3076.246207786976
-447.09 -404.32 0.05 4283.81245394098
-343.11 -436.83 0.07 3472.4943439606295
-691.23 -538.59 0.14 3076.2532880258045
-465.6 -435.5 0.09 3443.0825570489897
-705.32 -550.91 0.07 3915.945315783476
-616.27 -617.65 0.11 3163.9670608194647
-131.49 -149.59 0.12 3128.285225994644
-638.37 -633.8 0.11 3161.324978943806
-420.17 -390.59 0.05 4208.572014524156
-512.95 -424.67 0.09 3382.2630169746
-708.18 -606.12 0.05 5129.078978052513
-140.56 -140.05 0.06 4405.451555038817
-428.54 -356.36 0.05 4001.390001974366
-697.2 -600.14 0.1 3240.3880067566283
-376.81 -443.8 0.11 3193.530762276555
-289.84 -239.98 0.13 3095.743930229921
-529.63 -652.11 0.1 3244.205115833992
-479.2 -567.47 0.12 3130.8701829100296
-637.98 -759.51 0.07 3663.735233994777
-686.54 -548.52 0.12 3122.3172322801774
-678.89 -567.07 0.09 1253.1031723284982
-564.72 -649.92 0.11 863.8685797887133
-586.85 -607.99 0.12 -1964.7081557097217
-212.67 -560.65 0.13 4734.627281241317
-546.07 -829.33 0.14 4700.5571818968965
-326.78 -594.71 0.1 4955.4660087556385
-354.74 -625.71 0.13 4732.202607872469
-345.8 -826.69 0.12 4815.6839777330715
-378.31 -810.14 0.09 5274.618842738002
-415.77 -781.73 0.06 5414.279602092964
-259.93 -360.98 0.11 4881.421331528255
-337.97 -767.09 0.09 5018.228665490369
-289.38 -490.01 0.13 4731.805484262401
-420.14 -854.81 0.1 4981.164531107013
-541.27 -769.37 0.05 6052.184588279768
-343.39 -670.04 0.09 5154.363278005843
-375.38 -561.96 0.13 4730.554890657662
-259.11 -709.42 0.05 6248.244986923785
-419.65 -699.15 0.12 4824.059768500878
-95.86 -189.71 0.08 5308.217321513765
-410.58 -612.96 0.13 4761.252931823156
-475.9 -687.27 0.15 4653.665543780438
-173.07 -341.89 0.15 4660.318283288554
-109.06 -159.69 0.08 5321.843381420453
-118.92 -271.18 0.09 5048.244388129588
-170.62 -461.3 0.13 4730.461081011872
-233.8 -683.72 0.08 5151.3702298921235
-301.44 -666.25 0.13 4754.929353920956
-406.34 -850.26 0.11 4882.897508843848
-106.74 -204.09 0.1 5033.223411590523
-516.84 -774.31 0.13 4750.292530290008
-148.35 -392.94 0.13 4742.76644180224
-135.74 -397.83 0.1 4912.753012859666
-418.97 -620.67 0.08 4973.114112677282
-151.24 -336.38 0.13 4731.932384584881
-212.8 -523.09 0.11 4829.256123213689
-271.12 -473.64 0.14 4690.323865328241
-245.16 -625.05 0.1 5060.261277540369
-198.43 -361.43 0.1 4950.7290860000385
-410.2 -634.49 0.13 4730.933644984668
-215.65 -310.09 0.08 5203.800068039228
-360.4 -902.21 0.07 5840.994318652438
-136.94 -241.76 0.11 4854.826268911165
-133.25 -226.27 0.09 5034.728947357146
-244.17 -637.93 0.09 4960.592190075349
-329.6 -471.09 0.08 5034.74404747846
-119.45 -301.42 0.06 5349.098055988026
-572.98 -789.21 0.08 5500.06474707669
-319.94 -933.81 0.1 4890.70085640712
-245.42 -588.89 0.09 5226.931188154223
-311.97 -627.97 0.13 4755.664833909919
-236.97 -422.59 0.07 5110.112363974248
-117.37 -531.51 0.13 2728.1400166680546
-2.64 -15.46 0.13 2727.898447545047
-110.11 -349.3 0.08 2900.5160736289763
-59.22 -377.97 0.14 2726.249263777481
-145.92 -513.54 0.13 2728.0395153814684
-165.36 -885.12 0.12 2736.0620994833475
-94.78 -584.42 0.1 2779.7762597786927
-11.99 -873.43 0.1 2783.263421746366
-22.63 -368.26 0.15 2728.340546078452
-102.79 -986.63 0.08 3091.4749856513154
-141.25 -569.57 0.13 2727.9730756194344
-70.46 -496.18 0.11 2755.2064210819503
-154.53 -835.42 0.06 3384.7431744388537
-193.72 -633.93 0.06 3231.089212241608
-186.34 -964.98 0.13 2727.5769127965273
-138.83 -470.25 0.05 4172.077734865194
-62.02 -657.1 0.13 2727.949631133218
-48.14 -285.12 0.05 4006.4817955378926
-47.59 -190.75 0.06 3158.3173577543403
-94.58 -732.52 0.13 2728.123037002574
-97.6 -484.69 0.07 3466.2415617285164
-100.64 -756.91 0.14 2726.2126531629574
-56.63 -676.61 0.09 2894.267426450337
-46.71 -615.71 0.11 2753.157500535695
-69.38 -355.79 0.06 3539.0671306061095
-234.83 -831.8 0.07 2836.012990254333
-292.32 -921.32 0.05 4990.902365102049
-218.28 -808.7 0.07 3071.7752622724547
-130.41 -907.03 0.07 3394.2057643213
-116.22 -538.89 0.15 2728.2777875078864
-98.36 -947.06 0.14 2726.265676175717
-53.71 -778.75 0.1 3045.9504604869057
-46.23 -721.55 0.14 2726.2825820532835
-57.7 -851.77 0.06 2814.4429924382894
-1.5 -342.4 0.06 3278.3179850901006
-3.93 -283.95 0.13 2728.1580148993517
-79.69 -317.63 0.12 2735.623734546538
-123.64 -433.73 0.07 3072.715719728607
-168.78 -719.71 0.12 2735.6130130419574
-152.94 -784.77 0.09 2974.764736264117
-38.15 -925.12 0.08 2956.4807241693347
-78.49 -462.85 0.06 4135.06867318064
-10.88 -149.18 0.09 2841.6286565477194
-23.43 -919.69 0.1 2835.209777527694
-21.62 -205.56 0.08 2920.6408998550855
-110.33 -492.37 0.1 2841.472491923741
-117.88 -520.98 0.08 2934.606412265898
-88.87 -427.84 0.1 2774.5374390172624
-23.86 -543.03 0.08 2969.6527395558896
-167.63 -720.27 0.1 2779.6674744511024
-123.21 -935.72 0.05 4676.323117487729
-23.57 -329.41 0.07 1689.1487095795494
-39.39 -173.1 0.09 1032.0392468012246
-49.47 -393.3 0.08 1480.7468214368039
-162.56 -858.61 0.11 -2063.643530932156
-30.27 -883.75 0.07 956.2719989726859
-28.81 -388.54 0.11 -1937.6998386269793
16.11 -450.22 0.1 6046.179143065428
101.62 -839.78 0.08 6188.3439561055375
86.5 -760.0 0.08 6142.956561098086
195.93 -616.62 0.14 5968.263565090947
130.75 -940.05 0.07 6574.204134512725
242.15 -931.44 0.14 5963.806719265036
53.88 -854.42 0.05 7216.467931726753
89.3 -471.17 0.08 6420.9674471002745
38.78 -191.79 0.12 6000.540313856848
43.79 -760.66 0.1 6061.0774193520365
132.46 -790.1 0.09 6087.153992446601
105.41 -326.31 0.05 6180.443124254604
69.87 -749.54 0.13 5983.272620537409
239.81 -744.97 0.07 6595.957056622865
87.61 -972.78 0.06 6532.791569232102
64.01 -700.44 0.09 6287.3047988712515
80.54 -856.51 0.09 6126.076387551502
131.75 -827.81 0.07 6253.5766150339305
147.01 -500.66 0.09 6088.725750141313
65.09 -564.85 0.07 6488.8668687300715
58.34 -653.18 0.06 6632.47109992393
127.75 -593.13 0.15 5940.402620447122
25.08 -310.28 0.12 6001.206749295202
148.59 -610.23 0.06 6281.266305293671
95.14 -319.65 0.08 6115.461124790498
38.19 -695.51 0.06 6220.822203950778
59.01 -454.86 0.11 6056.367630909764
83.22 -293.63 0.14 5959.326897682904
99.88 -344.14 0.05 6411.354678602459
77.09 -777.94 0.09 6202.484190264856
11.33 -153.32 0.1 6046.413821865153
260.42 -871.38 0.12 6037.119965101372
161.02 -555.63 0.1 6056.8984800195685
186.18 -843.5 0.07 6225.545757294272
51.82 -205.12 0.05 6410.701232358864
32.0 -297.48 0.13 6008.919350132459
233.87 -816.75 0.13 5992.486845107214
164.66 -644.05 0.14 5965.166242847017
135.75 -973.67 0.06 6552.527082918235
130.47 -570.8 0.14 5977.308836938286
104.92 -754.59 0.12 6009.671550580209
26.21 -256.97 0.07 6433.14197252576
42.18 -651.1 0.14 5958.896247539172
91.11 -653.72 0.11 6040.612602912308
7.98 -236.26 0.11 6033.754693288542
54.34 -973.69 0.06 6552.60075250579
20.15 -863.08 0.12 6007.267617570338
95.98 -905.46 0.09 6213.018120085906
149.73 -813.41 0.14 5966.626762301023
509.1 -755.51 0.11 12300.236800972429
504.31 -805.42 0.13 12564.348482423753
140.27 -256.39 0.07 11561.390354565487
400.65 -881.73 0.09 11883.41872083938
333.22 -767.97 0.05 10544.942246551316
173.68 -394.7 0.11 12287.470701559978
516.79 -777.04 0.13 12641.74776440924
386.41 -572.26 0.07 11586.892839268967
456.41 -632.79 0.13 12651.790312158417
145.24 -279.33 0.11 12277.268511885371
154.97 -422.83 0.13 12607.785384851559
312.48 -760.73 0.06 10989.525134855692
342.47 -870.74 0.05 10983.279442327046
137.96 -412.47 0.07 11702.617136577215
233.83 -681.75 0.08 11671.62581667305
464.78 -724.31 0.13 12575.464602313306
282.71 -752.44 0.12 12452.66153421786
244.16 -377.7 0.07 11607.822013717023
258.68 -479.49 0.11 12280.16207629417
51.25 -102.39 0.09 11875.52275175196
307.96 -703.78 0.12 12451.169070883072
277.16 -719.8 0.1 12164.499950211619
94.46 -273.73 0.13 12639.390381341418
246.38 -605.25 0.08 11934.07387524811
252.52 -445.76 0.06 10994.248977352845
280.43 -501.64 0.14 12716.248735530513
499.47 -774.57 0.09 11872.577902184164
244.31 -596.91 0.1 12102.406990966703
474.41 -749.2 0.06 11228.450266558773
258.75 -502.54 0.12 12435.94807982686
374.43 -682.23 0.07 11630.525951125675
317.43 -557.85 0.1 12218.78604646336
146.99 -414.48 0.1 12101.730629836005
297.83 -793.93 0.15 12795.024280967958
480.9 -861.19 0.14 12714.661401843889
192.26 -584.9 0.06 10992.636971846861
307.9 -750.86 0.09 11882.129768607436
604.39 -618.68 0.07 7044.098709696229
367.04 -381.88 0.06 6992.418644755159
177.24 -170.79 0.09 7104.065654641588
151.48 -205.23 0.11 7123.4343677453635
606.69 -519.47 0.13 7029.481708659849
552.73 -533.13 0.1 7069.037351879493
609.37 -549.73 0.1 7177.629011150938
482.03 -605.93 0.06 7833.676251718357
694.6 -578.72 0.05 7697.694077446836
526.82 -399.05 0.1 7092.858639812324
481.61 -662.44 0.13 7051.467228497271
687.05 -516.86 0.09 7009.556239528476
440.28 -418.86 0.09 7111.89006754342
511.02 -374.46 0.12 7041.215807159877
521.69 -422.26 0.09 7099.88328358881
410.52 -410.07 0.06 6906.4756165257695
429.16 -583.47 0.14 7026.213452623204
434.37 -587.34 0.14 7026.146485787819
488.07 -590.14 0.06 7399.465412701615
486.32 -652.3 0.05 6817.267508403891
373.79 -362.13 0.08 7047.486679580543
308.36 -358.82 0.09 7024.547209231187
558.52 -421.75 0.11 7049.425845719136
458.7 -520.02 0.11 7070.272828737289
653.63 -549.38 0.13 7027.470320779932
650.12 -557.8 0.11 7048.539230657502
407.0 -359.81 0.12 7056.55879646734
455.68 -582.15 0.08 7089.911166154008
265.96 -352.05 0.07 7104.35623670832
310.77 -263.38 0.14 7026.195970032561
576.74 -524.31 0.11 7028.472189842407
325.63 -240.23 0.1 7067.908913859079
312.55 -262.64 0.05 7666.3416770874055
533.4 -578.4 0.11 7053.543433298875
646.68 -539.7 0.09 7268.6624034079705
579.04 -506.4 0.07 7198.145195748753
695.47 -564.3 0.08 7024.6389837756515
617.7 -562.4 0.11 7044.16405596654
427.01 -315.66 0.07 7055.680977537579
416.15 -477.51 0.12 7059.657317274246
307.63 -421.38 0.06 7431.813182560144
597.64 -781.62 0.12 7054.407620870334
316.91 -432.03 0.06 7858.432871517533
163.46 -216.99 0.08 7278.64840177684
628.47 -726.59 0.11 7067.261028563849
447.6 -611.03 0.12 7098.218193578224
674.06 -512.84 0.09 7049.228556782726
295.3 -260.05 0.06 6905.713242748943
79.08 -41.91 0.11 2640.760184249898
782.72 -300.83 0.13 2686.3662283379394
851.03 -402.98 0.11 2640.950582130504
347.5 -193.8 0.11 2640.6346776476735
621.89 -395.23 0.07 2622.197459774051
130.25 -48.68 0.14 2719.1219345466493
359.72 -183.42 0.15 2758.4392933475
868.69 -366.76 0.08 2570.8539743906167
874.89 -367.79 0.06 2657.0587468779195
584.01 -296.78 0.15 2757.7175692592123
866.95 -329.26 0.11 2640.7143714723857
821.22 -466.54 0.12 2662.4245502097447
213.89 -100.56 0.12 2662.8814900726343
312.43 -102.26 0.13 2687.516477908483
77.27 -42.77 0.05 3253.101664580648
375.73 -228.6 0.13 2686.516663817515
822.66 -500.87 0.07 2563.633224799193
553.73 -201.08 0.1 2618.896825417169
224.12 -125.88 0.08 2615.6151187256764
672.22 -231.64 0.11 2640.5652154826994
121.63 -43.54 0.11 2640.5915247097973
621.89 -285.48 0.06 2648.9706942821986
695.67 -293.17 0.1 2619.07244958395
624.81 -416.97 0.1 2619.0041310425013
773.51 -341.12 0.08 2648.3275355003157
743.16 -271.23 0.14 -998.9564847202305
857.78 -298.74 0.1 2618.9756122175736
171.57 -123.3 0.11 2640.57091012749
877.11 -301.46 0.11 2616.66835548116
148.87 -91.35 0.08 2575.742041813458
582.64 -402.51 0.06 2774.61100899437
57.53 -38.5 0.1 2618.8456236645557
383.97 -174.52 0.08 2575.8622831718912
449.94 -281.77 0.09 2595.7379977390706
588.56 -370.26 0.05 3595.017928007597
500.11 -234.33 0.09 2595.5454700291357
405.22 -143.21 0.13 -745.7229022714582
425.3 -245.69 0.06 3459.9448442411426
592.77 -338.93 0.09 2595.6859907187304
632.08 -379.23 0.06 2501.8309779615174
226.79 -140.34 0.09 220.13111667629664
867.7 -310.32 0.07 2571.4465412462223
473.93 -295.66 0.06 1110.0988192430034
367.76 -192.34 0.07 760.9942331979448
534.06 -160.79 0.11 5522.103384903181
256.04 -29.94 0.14 5309.061744130631
650.51 -192.04 0.14 5307.724153989464
432.5 -73.19 0.14 5309.268913538885
85.94 -19.99 0.14 5309.550976317309
909.15 -240.43 0.1 5509.08066835039
513.5 -100.1 0.05 6228.728365418765
796.54 -189.82 0.14 5312.18504999225
987.41 -51.99 0.06 5651.445617399264
737.02 -179.25 0.1 5552.754367262909
989.13 -109.92 0.1 5488.040978195364
315.59 -67.01 0.07 6076.696203175337
600.22 -152.02 0.13 5352.083115671712
976.18 -105.3 0.15 5283.541984800573
563.48 -13.15 0.09 5505.589897526443
643.49 -146.44 0.11 5479.046363269494
629.34 -79.21 0.12 5373.661927627826
622.21 -72.26 0.14 5311.923038689705
867.25 -0.01 0.12 5409.475268260457
172.03 -5.54 0.11 5417.862025705025
659.37 -180.85 0.1 5512.002448994925
756.68 -166.16 0.07 5611.706535144262
762.83 -156.88 0.07 6303.087548726164
923.3 -37.25 0.1 5525.892775394546
386.44 -8.55 0.1 5500.210870318433
471.61 -49.52 0.14 5314.363558963967
744.54 -32.69 0.06 6470.482961482769
133.15 -0.32 0.09 5668.296729749603
971.36 -100.21 0.05 5697.146273566954
724.38 -126.48 0.13 5338.7764101025205
523.65 -153.94 0.13 5348.486759394411
656.19 -146.75 0.08 5698.367681974852
918.23 -46.91 0.07 5968.759167011031
888.18 -198.66 0.08 5644.570692353225
734.9 -204.26 0.11 5485.711633772735
978.97 -62.87 0.1 5537.534040520963
549.64 -146.96 0.14 5319.384085091435
735.66 -202.35 0.09 5519.238686852965
374.27 -46.62 0.08 5963.559176456038
782.74 -214.67 0.11 5459.533594040448
934.28 -83.3 0.1 5489.494413690758
594.43 -33.86 0.11 5414.448879575854
862.19 -79.09 0.06 6683.627632517569
971.48 -104.34 0.08 6033.276639678697
622.63 -157.97 0.13 5339.923942562897
728.01 -68.11 0.05 7097.565902705845
565.89 -21.85 0.11 5417.3533928848465
292.35 -79.6 0.08 5657.24829388793
