0 0
628.47 -726.59 0.11 8186.905177
-219.82 -260.89 0.07 7989.999956
230.71 751.86 0.09 10786.962061
781.96 -275.64 0.15 6580.686302
755.28 557.05 0.10 10414.758685
-420.17 -390.59 0.05 7430.190528
192.26 -584.90 0.06 5494.520586
622.21 -72.26 0.14 7985.586426
237.62 827.08 0.10 5473.473554
-343.39 -670.04 0.09 9590.639860
481.61 -662.44 0.13 9097.620542
-513.85 194.61 0.12 8432.923391
888.26 8.91 0.12 7940.458753
-793.29 -512.78 0.07 9708.889183
-447.09 -404.32 0.05 7712.003408
-414.24 286.05 0.07 8198.582007
149.73 -813.41 0.14 8768.871223
312.48 -760.73 0.06 5442.270267
874.89 -367.79 0.06 6630.120121
-410.20 -634.49 0.13 6412.721747
521.69 -422.26 0.09 7972.366640
-168.78 -719.71 0.12 5606.810195
318.36 835.26 0.09 5883.678694
494.03 288.97 0.08 5979.983482
526.82 -399.05 0.10 8356.925328
971.36 -100.21 0.05 5494.257933
597.64 -781.62 0.12 8296.667110
778.44 109.99 0.12 5384.236359
-484.01 477.83 0.14 8084.167261
826.78 465.21 0.10 6568.681289
108.82 581.72 0.14 9045.036389
-33.84 19.84 0.08 5392.574162
265.96 -352.05 0.07 7411.365932
-380.51 202.57 0.10 6375.392329
89.30 -471.17 0.08 9822.109691
-479.20 -567.47 0.12 10129.653370
-607.88 -185.75 0.13 9897.365434
853.54 -311.74 0.11 5735.233251
-481.96 394.80 0.06 7862.458624
92.09 874.09 0.12 10434.399080
-443.46 -174.47 0.14 8355.718241
434.37 -587.34 0.14 6294.074254
-526.85 206.97 0.12 9910.045019
83.22 -293.63 0.14 6375.578019
195.96 47.03 0.07 9742.501980
-765.06 546.93 0.10 7150.222636
-215.65 -310.09 0.08 8335.748845
11.33 -153.32 0.10 5236.060538
643.49 -146.44 0.11 9483.146382
-758.61 110.99 0.07 8787.748061
-407.61 391.00 0.08 9201.514526
440.57 356.18 0.10 8071.268243
584.01 -296.78 0.15 6441.258011
342.47 -870.74 0.05 8352.181803
868.69 -366.76 0.08 5499.500342
697.78 148.78 0.08 10151.439706
-538.62 397.15 0.11 6161.576326
-127.30 486.22 0.10 10495.289789
-152.94 -784.77 0.09 10484.769523
-76.17 167.88 0.14 5210.843294
704.73 114.30 0.14 7434.541867
-809.25 -55.29 0.11 6735.512266
483.94 712.47 0.06 8667.333606
752.75 285.88 0.13 7287.940159
585.64 402.23 0.05 5650.508390
-95.80 54.51 0.14 9940.576864
519.40 793.78 0.10 5893.574337
69.87 -749.54 0.13 7138.254143
484.72 476.67 0.13 5636.321616
95.14 -319.65 0.08 6069.733480
384.57 -152.48 0.13 5402.382739
719.80 611.26 0.11 7545.565023
-154.53 -835.42 0.06 8834.525414
252.52 -445.76 0.06 5521.089828
-119.45 -301.42 0.06 6804.872489
334.90 723.92 0.14 5190.113936
87.61 -972.78 0.06 8533.580521
-253.93 -888.98 0.12 9420.135334
148.87 -91.35 0.08 6707.184555
216.31 165.39 0.15 6998.442775
567.52 362.51 0.11 5769.323619
-552.20 163.22 0.15 10502.036235
396.58 230.25 0.13 6096.314741
-326.78 -594.71 0.10 8442.443264
-733.89 -13.16 0.12 5452.907121
-349.24 92.23 0.13 7921.290238
794.02 287.55 0.07 5277.375446
-415.77 -781.73 0.06 7260.707843
488.07 -590.14 0.06 8962.397811
455.68 -582.15 0.08 7452.756519
-65.53 386.24 0.15 10257.363316
-109.06 -159.69 0.08 9405.844735
-573.64 -432.32 0.11 5746.816708
-135.27 -92.14 0.11 5174.009872
737.81 10.19 0.07 8041.351577
-507.88 137.80 0.14 7099.906276
385.60 630.50 0.12 5301.117970
281.20 740.37 0.15 9769.151006
-236.85 -95.05 0.13 7319.785060
98.30 357.58 0.14 8791.648271
53.25 260.41 0.06 7999.850506
390.75 -281.37 0.11 6777.795071
-856.64 -464.75 0.10 10054.580524
-412.93 714.46 0.15 6053.487031
-23.43 -919.69 0.10 10590.482401
565.89 -21.85 0.11 6090.190041
-559.90 -562.10 0.15 7085.286119
-92.49 288.27 0.08 7350.576627
130.75 -940.05 0.07 9681.443000
-283.45 -383.55 0.14 8170.542672
-247.56 -300.63 0.09 10640.979067
388.61 309.71 0.13 6131.211269
-538.33 71.71 0.06 7691.192170
-375.54 135.46 0.12 8091.598562
604.86 538.73 0.08 5317.607515
-113.30 775.00 0.10 9989.880872
57.53 -38.50 0.10 7523.017812
316.91 -432.03 0.06 10749.271432
-221.80 632.00 0.06 6664.857212
266.29 905.50 0.10 9121.237328
-569.55 539.80 0.14 9936.631654
-207.02 375.22 0.14 6398.123878
598.49 74.60 0.08 8103.567799
416.89 239.21 0.06 10223.179932
63.09 216.39 0.09 7227.647696
-165.36 -885.12 0.12 9340.670819
782.72 -300.83 0.13 9289.775481
46.25 800.53 0.11 9958.489238
-245.51 304.89 0.09 8021.408540
-562.36 482.28 0.13 6349.624876
-695.74 559.00 0.12 8406.495008
-643.49 650.90 0.10 9194.700188
-23.57 -329.41 0.07 6377.117993
989.13 -109.92 0.10 7371.760879
-472.96 46.65 0.08 8751.006894
-298.72 -62.48 0.09 5635.098374
270.87 695.50 0.10 6945.300603
85.94 -19.99 0.14 6968.615356
862.84 -424.23 0.13 6739.688921
-442.06 294.15 0.10 5670.906283
592.77 -338.93 0.09 8647.649115
-3.93 -283.95 0.13 5268.323021
-655.52 289.77 0.05 5423.140328
525.14 467.68 0.14 9051.410942
293.29 701.89 0.10 6675.236073
-35.78 513.30 0.14 5450.558735
-37.03 89.98 0.13 9750.054525
148.37 74.26 0.06 8745.654705
-518.96 -614.19 0.07 10745.143737
533.40 -578.40 0.11 7537.246388
-217.37 838.44 0.14 7094.347796
836.96 -512.17 0.09 5011.458818
-529.63 -652.11 0.10 8885.315988
-326.12 274.22 0.09 8838.618436
-230.94 675.30 0.08 9848.949257
-910.97 -157.09 0.07 8775.877624
242.15 -931.44 0.14 8129.079788
-259.93 -360.98 0.11 9065.957886
-140.36 153.88 0.06 9372.783055
-46.23 -721.55 0.14 5981.496740
-594.75 130.22 0.11 7686.637041
-848.94 -520.24 0.10 10326.716768
579.04 -506.40 0.07 8253.646382
934.28 -83.30 0.10 7429.745741
-585.13 528.47 0.12 10163.093210
-168.10 128.75 0.15 6266.281295
646.68 -539.70 0.09 10197.836248
148.59 -610.23 0.06 7013.080532
133.15 -0.32 0.09 9279.941271
813.39 -390.53 0.12 5838.678558
-743.55 -581.55 0.11 7426.780955
-125.30 925.88 0.14 9949.020231
154.97 -422.83 0.13 9265.005400
-816.72 -346.26 0.06 8885.523093
-618.09 585.92 0.06 7571.391134
695.47 -564.30 0.08 6237.730903
199.80 537.78 0.07 10090.867885
-376.81 -443.80 0.11 10540.937559
315.59 -67.01 0.07 9682.826035
-863.81 -50.12 0.08 8925.159571
694.60 -578.72 0.05 9493.965065
-63.14 1.43 0.10 7913.316337
-348.35 692.97 0.07 6997.622208
-182.39 69.62 0.12 8060.230046
-466.72 348.14 0.08 10790.565343
-370.01 -327.69 0.12 6926.912232
-825.27 -420.65 0.12 8758.861044
-223.52 827.82 0.13 8246.478155
233.73 783.60 0.13 6859.483830
465.70 100.38 0.15 10736.368347
419.81 314.74 0.06 10353.795662
761.23 370.52 0.07 9834.014409
261.62 168.58 0.08 10218.936026
247.77 506.78 0.13 5503.000758
318.71 706.45 0.14 7857.700470
-69.38 -355.79 0.06 8186.785097
-38.15 -925.12 0.08 7390.546097
171.57 -123.30 0.11 9322.498498
867.70 -310.32 0.07 6067.367746
691.82 392.91 0.11 9933.069392
-810.45 -570.24 0.06 5169.776434
158.40 97.98 0.14 8995.655623
-384.67 -234.76 0.15 5444.880162
-247.42 196.47 0.11 6693.486620
333.33 182.42 0.07 5888.208481
806.13 166.26 0.11 9585.180259
-518.95 -72.20 0.13 8980.448642
-151.24 -336.38 0.13 6802.507942
-218.28 -808.70 0.07 6623.890553
-208.70 -144.09 0.09 7840.731499
-464.83 -570.26 0.10 8972.017069
-944.44 -75.25 0.14 8184.644158
20.56 773.08 0.14 7453.089218
458.34 37.34 0.10 6174.503755
130.47 -570.80 0.14 10306.504087
92.92 423.94 0.09 7919.830499
657.45 643.54 0.15 5838.425598
-122.50 775.56 0.12 9911.825628
621.89 -285.48 0.06 6511.469069
549.64 -146.96 0.14 9685.478719
-68.46 -6.82 0.09 9244.253186
-859.98 -235.58 0.11 6602.973044
-650.01 488.01 0.06 5693.056382
-428.54 -356.36 0.05 6510.387512
-541.27 -769.37 0.05 8871.505399
138.65 153.12 0.15 10501.283512
-280.27 862.92 0.11 7052.750948
-148.35 30.70 0.07 7214.217636
263.61 220.49 0.06 10196.083625
-78.49 -462.85 0.06 10296.980921
-21.62 -205.56 0.08 6323.253130
888.18 -198.66 0.08 7441.862805
978.97 -62.87 0.10 8853.897783
-520.73 -275.29 0.06 8350.085511
474.41 -749.20 0.06 7927.195457
331.20 -148.09 0.12 10457.658870
405.22 -143.21 0.13 5097.951158
-1.50 -342.40 0.06 6574.695869
695.67 -293.17 0.10 9384.605129
-703.00 581.78 0.09 5119.902335
-686.54 -548.52 0.12 6389.026832
-845.57 403.49 0.07 7131.506921
533.62 609.16 0.08 10716.179242
-769.35 -284.57 0.13 5455.826487
244.31 -596.91 0.10 6372.980815
38.19 -695.51 0.06 6515.598127
-785.29 -350.76 0.15 7578.692368
310.77 -263.38 0.14 6319.412337
-233.80 -683.72 0.08 7714.571844
609.71 651.34 0.13 6337.054456
-292.32 -921.32 0.05 10599.474384
-484.99 472.55 0.14 6677.803419
448.47 153.76 0.12 7211.664369
-594.82 433.60 0.12 5880.350486
516.79 -777.04 0.13 10492.126943
-634.18 138.29 0.15 10035.252127
220.16 740.49 0.07 10096.140454
386.41 -572.26 0.07 8632.944686
312.43 -102.26 0.13 5537.631602
534.06 -160.79 0.11 10576.692584
-180.89 947.24 0.07 10785.555545
-173.13 193.29 0.06 10143.281617
-123.64 -433.73 0.07 6638.572306
561.92 161.70 0.12 9665.184024
447.60 -611.03 0.12 10245.891878
522.49 228.95 0.06 5873.114033
258.68 -479.49 0.11 6483.477482
570.49 512.52 0.14 7448.127749
624.81 -416.97 0.10 8407.167024
443.81 755.18 0.11 5218.978824
-775.23 -489.08 0.11 9355.631332
337.00 888.69 0.09 8053.334838
-691.23 -538.59 0.14 10166.074284
-94.58 -732.52 0.13 6788.066049
-278.42 -883.50 0.14 7794.895428
473.93 -295.66 0.06 5227.350285
-159.76 191.83 0.15 6455.639811
177.24 -170.79 0.09 8050.611417
-311.97 -627.97 0.13 10247.776527
-449.89 72.05 0.09 7947.946191
224.12 -125.88 0.08 9698.001414
-110.11 -349.30 0.08 5291.844990
-684.34 409.59 0.15 5426.855771
617.70 -562.40 0.11 6967.693751
-587.56 -130.37 0.12 9290.269273
-253.07 652.99 0.09 7968.996420
-612.75 -139.68 0.09 8171.789651
520.44 432.45 0.12 6163.414547
163.46 -216.99 0.08 9487.313573
1.79 847.08 0.12 8770.311335
356.69 554.78 0.08 5397.843278
-318.67 698.34 0.08 9546.663906
150.41 940.88 0.15 7248.844121
173.68 -394.70 0.11 6922.855954
58.34 -653.18 0.06 9001.693145
-410.58 -612.96 0.13 10654.348355
-876.64 269.08 0.13 5073.899484
-481.71 -325.79 0.07 8270.864981
509.10 -755.51 0.11 7523.956822
177.34 100.28 0.14 7710.463663
-964.43 -192.31 0.13 6611.067051
-92.32 437.44 0.12 6048.386083
-938.50 -225.01 0.05 7208.223234
333.22 -767.97 0.05 5201.404450
927.04 170.31 0.06 5207.633398
-263.59 396.82 0.13 8971.619864
-480.54 771.17 0.14 7595.688558
101.15 557.46 0.10 7709.183379
-417.82 403.66 0.10 9034.214489
5.81 349.59 0.10 5967.329133
-791.68 -98.90 0.14 10367.165736
359.72 -183.42 0.15 8514.986942
-783.78 71.41 0.08 10104.665770
606.69 -519.47 0.13 6116.378510
426.78 32.35 0.10 6395.107043
716.43 388.48 0.08 9919.021001
-785.04 317.69 0.09 8387.792620
-645.78 146.14 0.09 10775.063994
-566.33 -139.50 0.13 9973.099933
64.01 -700.44 0.09 9854.359851
374.43 -682.23 0.07 8981.421088
-289.38 -490.01 0.13 6757.536124
-300.20 689.24 0.09 5893.451359
-345.80 -826.69 0.12 9734.480700
-234.83 -831.80 0.07 5796.811356
36.17 680.40 0.08 9837.299668
-574.82 -155.48 0.05 7041.553453
381.51 288.55 0.13 5863.683068
292.35 -79.60 0.08 7624.981327
-943.86 292.21 0.12 10293.982687
650.51 -192.04 0.14 5132.365479
827.59 31.54 0.05 7398.873572
312.74 460.38 0.06 8144.787173
-93.76 101.61 0.14 7756.857392
-743.54 -267.48 0.13 8043.082908
-145.92 -513.54 0.13 8206.366348
737.17 671.97 0.10 10705.528698
-746.30 133.83 0.12 7409.571156
412.46 515.62 0.09 10096.058924
375.73 -228.60 0.13 9500.261143
-138.83 -470.25 0.05 8710.977062
-846.96 82.28 0.08 10708.863233
-170.18 15.79 0.10 6991.008231
56.03 377.00 0.05 6388.835458
822.66 -500.87 0.07 5278.573950
-772.99 477.43 0.12 9140.188395
373.79 -362.13 0.08 6729.983296
295.30 -260.05 0.06 5256.401659
-4.89 567.07 0.14 7651.815151
-39.39 -173.10 0.09 8849.400093
-322.68 -309.48 0.14 10569.281653
-123.21 -935.72 0.05 9942.791711
139.69 120.63 0.12 5565.007562
582.64 -402.51 0.06 7814.654873
349.64 393.84 0.09 5170.622749
-264.19 552.11 0.09 8394.853790
464.78 -724.31 0.13 7301.575499
796.54 -189.82 0.14 8072.292427
-724.15 48.80 0.13 5731.301678
367.05 127.32 0.10 6996.506252
137.96 -412.47 0.07 9502.085804
484.75 800.03 0.05 8287.728157
724.38 -126.48 0.13 5182.547521
563.48 -13.15 0.09 5592.291742
-97.60 -484.69 0.07 9746.073300
773.51 -341.12 0.08 10380.071329
50.99 881.51 0.09 8978.101953
243.18 37.61 0.08 5396.823027
-47.59 -190.75 0.06 5243.291670
307.96 -703.78 0.12 7734.057725
-394.17 859.86 0.10 5496.858070
500.93 661.04 0.12 6977.610279
-268.10 137.08 0.10 9346.764868
-637.98 -759.51 0.07 7878.965698
511.70 562.43 0.13 10138.348801
663.94 -367.13 0.14 8154.286134
-709.37 384.40 0.14 5925.662670
77.09 -777.94 0.09 8789.137806
-131.49 -149.59 0.12 9548.473862
-57.03 694.66 0.09 9693.565686
890.04 59.76 0.09 7002.558122
-808.39 -340.30 0.11 9694.656365
-241.17 44.38 0.05 7866.034097
-419.65 -699.15 0.12 10131.614495
-226.31 357.11 0.10 5462.247727
-500.93 806.10 0.11 5939.256723
-245.16 -625.05 0.10 10414.426861
123.79 56.55 0.07 8547.345418
-346.53 557.35 0.15 9993.003553
29.48 909.91 0.05 5194.411169
198.30 104.76 0.11 9982.285790
202.52 257.40 0.14 10753.793822
-578.06 -603.74 0.10 8218.867205
-771.16 -326.86 0.06 10735.695271
-994.32 25.07 0.10 9143.789062
183.50 902.56 0.14 8761.851487
-166.33 323.98 0.10 10643.251887
504.31 -805.42 0.13 5074.475179
-212.67 -560.65 0.13 7570.607820
-46.71 -615.71 0.11 7533.209506
172.10 767.02 0.12 6545.575059
-243.07 450.72 0.15 6327.557262
168.15 494.17 0.08 7353.555322
-316.56 214.13 0.10 9613.662936
-101.07 146.53 0.08 8889.764863
32.00 -297.48 0.13 10037.412347
838.98 452.55 0.06 5952.238997
65.09 -564.85 0.07 9199.672818
-404.04 98.09 0.09 9722.117202
743.16 -271.23 0.14 10483.723385
594.43 -33.86 0.11 5659.290433
-510.69 419.97 0.11 9540.575431
-144.74 0.33 0.13 8710.717394
-173.07 -341.89 0.15 10667.327733
-572.98 -789.21 0.08 10585.527731
-759.54 189.71 0.10 9118.975039
-424.06 160.37 0.05 10494.484557
111.57 376.51 0.07 9803.747683
936.20 191.32 0.05 9930.135292
342.70 886.13 0.13 9142.303066
427.01 -315.66 0.07 6867.112428
-959.23 225.79 0.06 6559.259081
246.38 -605.25 0.08 9835.194798
-939.88 -83.89 0.09 6203.206387
-741.04 -517.81 0.08 5904.233632
-820.39 139.46 0.07 7940.705738
-415.13 -97.06 0.10 5610.350143
9.50 608.43 0.10 8060.275137
28.50 456.65 0.07 10246.767380
445.99 232.17 0.09 9493.470224
138.27 119.48 0.07 5212.476522
-343.11 -436.83 0.07 5153.885722
594.35 354.58 0.09 9973.474495
275.32 70.59 0.12 6369.147016
-151.47 916.00 0.08 5328.905682
132.46 -790.10 0.09 6160.507871
-588.36 -729.93 0.14 5159.704950
-315.34 492.21 0.07 9594.838064
-170.37 746.99 0.10 7553.813511
693.59 424.51 0.12 8971.902429
-469.44 252.58 0.09 10754.549649
862.19 -79.09 0.06 10793.530212
-516.84 -774.31 0.13 9788.099615
-555.16 -222.82 0.13 9722.943101
-682.97 601.65 0.06 9429.907422
83.68 53.15 0.11 6945.955193
13.29 996.06 0.12 6948.059068
-542.80 -204.10 0.05 5898.558516
-719.39 444.40 0.12 10326.218829
-301.44 -666.25 0.13 10189.371429
869.45 50.70 0.15 7335.276139
-771.62 -29.58 0.13 10210.596718
976.18 -105.30 0.15 8780.303083
632.08 -379.23 0.06 6995.876899
140.27 -256.39 0.07 8414.681875
222.45 -152.58 0.11 9793.612802
-697.20 -600.14 0.10 8707.542849
58.14 670.57 0.12 6644.799005
-465.60 -435.50 0.09 10180.924818
-319.94 -933.81 0.10 5356.436649
-593.68 288.55 0.08 8202.601417
-14.31 56.74 0.09 9048.856220
-57.69 955.48 0.06 9998.849784
-22.63 -368.26 0.15 10722.037659
765.38 510.87 0.05 10734.367515
209.30 924.09 0.08 5273.643706
939.56 194.44 0.08 8862.008932
-460.43 542.37 0.08 8633.053994
-263.07 122.24 0.11 5334.503228
-463.86 -306.45 0.13 8049.014099
-808.71 -547.55 0.08 6101.001183
161.02 -555.63 0.10 6158.664838
325.63 -240.23 0.10 7641.100488
-260.41 -345.09 0.15 7345.250692
569.97 84.57 0.14 5530.843333
-433.35 79.60 0.08 9446.731242
-450.54 -12.37 0.14 6365.610860
461.19 164.57 0.10 6266.665447
-28.81 -388.54 0.11 8766.952314
514.23 555.61 0.12 6608.384637
558.52 -421.75 0.11 7304.092093
410.52 -410.07 0.06 5268.105002
-289.27 716.65 0.07 6684.835582
-378.31 -810.14 0.09 10734.399928
712.72 -325.05 0.11 9598.989015
-329.60 -471.09 0.08 5374.423584
312.55 -262.64 0.05 9395.481219
38.78 -191.79 0.12 5465.553275
-148.35 -392.94 0.13 8965.008175
-406.34 -850.26 0.11 9119.547103
483.52 734.45 0.05 5530.766359
-136.94 -241.76 0.11 7849.171047
-600.00 356.14 0.07 5548.972264
274.50 48.36 0.09 10226.336592
620.08 -252.21 0.10 8504.983239
61.43 708.80 0.05 10502.490301
-320.71 104.37 0.10 9078.215700
821.22 -466.54 0.12 7631.689347
-445.01 537.57 0.05 6170.056729
-806.15 337.63 0.07 5157.363781
-207.70 868.67 0.12 8953.078240
42.18 -651.10 0.14 6053.325045
416.15 -477.51 0.12 8614.302567
-708.18 -606.12 0.05 10045.485619
674.06 -512.84 0.09 6794.340799
-499.40 864.98 0.11 10060.968096
-514.56 -103.61 0.13 10127.917188
-48.14 -285.12 0.05 8228.922130
-260.61 252.17 0.10 10579.816944
879.79 127.14 0.08 7565.413089
-606.09 560.96 0.15 10548.991981
59.13 901.64 0.13 9111.342948
650.12 -557.80 0.11 7250.751599
-212.80 -523.09 0.11 5228.325312
382.86 876.98 0.13 8253.156843
492.46 865.26 0.10 7976.332307
735.66 -202.35 0.09 6227.102742
510.86 614.48 0.12 6819.675929
-43.92 351.87 0.08 8140.280143
-770.96 -498.02 0.10 9427.348039
-789.06 279.64 0.09 7660.156651
-626.34 467.78 0.10 7104.863347
-564.32 621.97 0.08 6108.370016
-100.64 -756.91 0.14 9809.070260
131.95 569.44 0.14 10774.244991
-890.01 -208.11 0.06 9431.442702
916.68 339.32 0.12 7605.925199
226.79 -140.34 0.09 7690.299258
446.91 468.85 0.11 10102.729286
-107.40 536.77 0.05 10220.344066
139.94 514.84 0.10 6454.952818
-339.32 747.87 0.11 9755.446737
-98.36 -947.06 0.14 8014.605372
127.75 -593.13 0.15 6226.461053
389.35 532.69 0.07 5472.313234
-162.56 -858.61 0.11 10123.249954
-638.37 -633.80 0.11 7106.644127
172.03 -5.54 0.11 6155.292933
468.93 852.14 0.12 5054.288750
131.49 251.78 0.09 10068.808188
153.70 856.53 0.13 9601.204507
-71.65 429.38 0.07 8800.601841
456.41 -632.79 0.13 10786.287997
258.75 -502.54 0.12 6712.762228
-67.65 -260.63 0.12 9251.822264
513.50 -100.10 0.05 8229.141490
-337.97 -767.09 0.09 7458.669504
-133.25 -226.27 0.09 7818.016930
497.05 632.59 0.12 8383.667267
186.18 -843.50 0.07 7124.355122
-498.50 -112.43 0.12 8293.434842
14.38 636.33 0.12 6275.181375
104.81 633.73 0.07 8383.019864
131.75 -827.81 0.07 7418.080471
-62.02 -657.10 0.13 9012.706819
-171.97 737.24 0.10 8526.600618
407.07 226.32 0.14 9943.687302
211.99 938.06 0.15 8221.778133
-595.04 448.11 0.07 9470.715579
-102.79 -986.63 0.08 9361.407301
-588.25 74.78 0.09 7072.924903
367.04 -381.88 0.06 6312.027519
164.66 -644.05 0.14 8459.604402
458.70 -520.02 0.11 8310.361662
-308.58 18.54 0.07 9961.310629
37.03 624.82 0.08 8642.286125
-689.77 251.12 0.14 8874.272646
307.63 -421.38 0.06 9112.131288
407.00 -359.81 0.12 8431.469687
588.56 -370.26 0.05 9210.508753
562.72 180.65 0.06 9840.534084
295.31 18.81 0.12 9040.383467
244.16 -377.70 0.07 8803.716462
-560.67 752.75 0.06 6009.180830
-312.17 -93.46 0.13 9629.682567
-643.56 415.34 0.14 10389.632845
-153.12 -62.43 0.13 8169.738173
7.98 -236.26 0.11 6663.083797
-304.60 -326.57 0.12 9254.056720
-588.68 298.82 0.12 9574.202019
-296.25 -331.83 0.14 5476.741492
-94.78 -584.42 0.10 5186.351989
801.54 287.38 0.14 7325.224977
228.43 906.40 0.12 10619.352493
-24.31 165.07 0.10 10408.297466
-198.43 -361.43 0.10 8311.967756
734.90 -204.26 0.11 9680.924316
270.75 672.06 0.10 7337.342962
-475.67 72.56 0.11 5631.292033
-685.02 485.36 0.06 7056.750507
670.84 710.71 0.10 10080.067415
552.73 -533.13 0.10 7677.853433
529.18 645.88 0.07 10433.773355
918.23 -46.91 0.07 9084.276996
-858.06 52.02 0.10 5857.580537
-375.38 -561.96 0.13 6237.056673
-293.94 137.40 0.06 9205.928709
-475.90 -687.27 0.15 6926.383970
-546.07 -829.33 0.14 10111.788842
-127.97 555.82 0.15 6919.248604
503.30 136.73 0.07 9515.844928
211.30 680.31 0.07 6826.304761
-241.47 -228.49 0.11 7833.123891
876.95 199.74 0.07 7799.957218
798.81 382.90 0.13 7608.563633
-289.84 -239.98 0.13 6084.972776
866.67 30.30 0.07 8304.166402
-873.48 -468.38 0.11 10414.094737
95.98 -905.46 0.09 8941.792372
-715.63 -145.74 0.06 5259.369156
936.70 172.31 0.11 6525.013348
-135.30 -109.45 0.14 10099.005554
145.24 -279.33 0.11 6275.150336
-617.83 -285.55 0.06 5292.284720
202.39 740.98 0.08 9884.639800
-117.37 -531.51 0.13 6244.879592
-987.96 -20.15 0.15 5704.309178
-606.58 331.23 0.11 6284.399984
971.48 -104.34 0.08 10773.153477
-593.43 684.68 0.13 9501.720407
51.82 -205.12 0.05 7271.198329
86.50 -760.00 0.08 6693.298233
419.27 701.97 0.10 9361.431820
-70.46 -496.18 0.11 8599.157504
-178.00 565.61 0.08 10308.452568
51.25 -102.39 0.09 5306.790552
923.30 -37.25 0.10 8570.829799
440.28 -418.86 0.09 8191.703886
-95.86 -189.71 0.08 9298.168166
-259.11 -709.42 0.05 9441.579661
-117.88 -520.98 0.08 6807.362051
79.08 -41.91 0.11 6275.795293
-20.65 624.12 0.15 10744.474287
-841.69 -142.57 0.07 5796.183513
-49.47 -393.30 0.08 8644.511883
425.30 -245.69 0.06 10628.821759
-476.06 45.17 0.15 8790.595852
603.34 230.65 0.08 8344.379057
-437.23 798.40 0.11 7349.721811
188.15 466.87 0.13 8868.724786
-106.74 -204.09 0.10 10014.600450
-164.17 330.94 0.08 8302.404895
-539.16 830.90 0.13 9300.428885
909.15 -240.43 0.10 8103.664673
-878.72 236.38 0.12 9318.630097
-943.73 290.94 0.06 8731.076651
260.42 -871.38 0.12 9277.246939
-777.45 45.81 0.06 10157.568950
-118.92 -271.18 0.09 8080.583946
-56.07 758.12 0.08 7276.311916
-170.62 -461.30 0.13 6190.255713
-148.70 566.70 0.13 5019.318239
204.31 916.01 0.09 10617.075075
523.65 -153.94 0.13 8197.158394
33.94 633.32 0.11 6834.038115
659.86 -387.88 0.13 6394.596170
423.57 876.12 0.09 7039.521223
-576.44 98.71 0.07 6024.147838
313.90 885.50 0.07 8707.347029
-231.74 933.38 0.11 9104.786034
-355.30 -101.91 0.14 9540.019757
444.46 -213.00 0.10 6273.767218
-360.95 282.01 0.07 9159.534267
91.11 -653.72 0.11 7205.838456
553.73 -201.08 0.10 7093.041935
-879.61 354.77 0.11 10414.527793
386.44 -8.55 0.10 7820.103559
535.36 108.39 0.13 10742.173539
709.54 511.07 0.14 8961.901286
-161.65 382.28 0.14 7049.467191
-711.69 -604.79 0.15 8811.554314
-450.65 -558.91 0.05 5034.638283
374.27 -46.62 0.08 10357.807794
716.91 494.89 0.08 6974.748961
-173.69 -166.54 0.14 10109.892514
-270.80 843.20 0.08 6016.146290
-13.70 728.53 0.15 7460.881794
728.01 -68.11 0.05 10712.173806
-141.25 -569.57 0.13 8836.233330
877.34 197.65 0.09 9858.211366
-59.22 -377.97 0.14 8829.654705
658.81 95.72 0.15 8618.826943
332.76 648.97 0.07 9045.177952
-606.27 373.55 0.15 8464.528112
486.32 -652.30 0.05 5176.286104
-167.99 499.86 0.11 9861.351931
-812.92 -413.56 0.09 8567.532717
26.21 -256.97 0.07 8850.461948
632.30 217.95 0.09 6235.883115
501.76 578.51 0.11 6837.763253
-288.46 478.68 0.07 10629.101520
-752.32 -492.57 0.10 6861.820808
53.88 -854.42 0.05 10054.961706
480.90 -861.19 0.14 9213.656296
-741.53 -19.04 0.13 9730.655656
-517.60 172.65 0.11 8980.064716
16.11 -450.22 0.10 5207.159977
644.90 414.54 0.08 9273.141138
-623.46 -495.72 0.07 6567.998439
-494.56 18.03 0.15 6428.497247
-217.75 -200.36 0.05 6152.287517
-616.27 -617.65 0.11 7733.702449
629.34 -79.21 0.12 5237.112327
-825.07 -224.29 0.13 5850.955253
80.54 -856.51 0.09 7360.713577
238.50 884.71 0.10 9587.690925
-516.56 -660.38 0.14 7529.032350
-512.95 -424.67 0.09 9304.555746
-606.53 -37.32 0.09 7966.022247
-544.19 -181.08 0.10 7703.977117
-914.67 5.10 0.07 10053.991784
135.75 -973.67 0.06 8630.508123
59.01 -454.86 0.11 8112.872675
762.83 -156.88 0.07 10718.501900
-593.98 -419.84 0.15 7499.360656
-149.17 218.45 0.08 6123.899467
147.01 -500.66 0.09 6223.424210
-420.14 -854.81 0.10 9060.056593
-564.72 -649.92 0.11 10205.485215
103.49 191.03 0.05 6692.578940
-400.54 -6.46 0.13 10497.649865
38.28 646.41 0.07 8098.722536
719.78 408.68 0.05 6574.378857
116.02 277.82 0.14 7730.011552
-715.78 -160.16 0.11 8930.342968
-418.97 -620.67 0.08 5325.094819
-125.60 357.52 0.11 5843.395718
-56.63 -676.61 0.09 9048.750430
-269.52 -112.09 0.15 6657.776964
866.95 -329.26 0.11 6733.652769
-570.89 118.04 0.08 5879.406071
-964.41 193.06 0.15 5954.244223
-583.72 423.89 0.08 5963.410117
43.79 -760.66 0.10 6424.278344
66.40 116.03 0.12 10772.301827
-57.35 829.79 0.08 7582.938895
831.74 468.84 0.12 5787.442406
-724.03 629.48 0.08 6513.215495
-109.25 843.96 0.06 9986.568792
-327.41 853.24 0.08 8881.414784
14.53 398.68 0.14 9686.461890
-57.70 -851.77 0.06 6097.790016
-637.40 -726.92 0.15 5774.721676
-583.49 599.26 0.12 10372.380215
621.89 -395.23 0.07 7946.686366
-127.83 362.91 0.05 5430.168728
604.39 -618.68 0.07 6721.185763
-702.47 -502.52 0.15 8038.623404
25.08 -310.28 0.12 5679.689217
699.05 -499.10 0.14 9499.804637
-476.86 540.91 0.15 5479.317681
-53.71 -778.75 0.10 7229.445525
23.08 644.83 0.14 8192.543575
-708.24 -142.31 0.09 5335.316169
-271.96 238.83 0.08 7534.368278
-139.82 354.50 0.13 6353.837019
168.40 24.16 0.08 10548.816624
467.94 332.05 0.11 6417.224958
687.05 -516.86 0.09 5090.353970
756.68 -166.16 0.07 5641.157451
-694.36 -427.70 0.14 9742.886362
-768.16 -110.93 0.06 5215.387614
653.63 -549.38 0.13 5137.645993
-179.50 460.85 0.08 7835.023769
817.63 543.69 0.08 9840.829001
-605.44 620.51 0.10 8247.510765
-415.27 262.65 0.07 8668.495194
-461.25 275.17 0.10 6680.291880
290.39 193.37 0.09 10165.599202
466.59 764.31 0.15 5573.519105
-132.87 298.27 0.07 5990.815393
-372.28 441.56 0.14 7180.909710
-421.95 -178.33 0.11 9300.904064
499.47 -774.57 0.09 5085.527980
101.62 -839.78 0.08 7472.394435
572.44 567.06 0.09 7594.625599
-903.08 113.14 0.14 6515.697191
-501.01 -274.65 0.10 6642.605179
283.45 484.15 0.11 5022.352472
-724.38 -55.83 0.13 8927.587955
-790.57 226.28 0.06 6429.773399
-295.47 806.54 0.14 9064.021100
239.81 -744.97 0.07 9795.830072
791.43 434.09 0.06 8378.633149
-299.13 169.71 0.08 9981.418501
576.74 -524.31 0.11 5363.846759
600.22 -152.02 0.13 8707.775783
-360.21 21.21 0.09 6321.304056
-658.97 -379.24 0.11 8498.404329
277.16 -719.80 0.10 8327.573332
-724.64 -463.60 0.14 9633.599138
-827.89 166.14 0.11 7256.116322
693.44 331.97 0.13 7779.720442
167.48 976.29 0.06 7403.286319
-736.79 -348.94 0.11 7959.946123
-354.74 -625.71 0.13 6894.739262
454.08 185.68 0.14 6515.982056
-843.36 19.11 0.11 6627.010731
919.58 147.25 0.15 6241.016553
162.11 409.44 0.07 9956.268643
-236.97 -422.59 0.07 5242.823821
-271.12 -473.64 0.14 7214.242681
-164.74 -113.35 0.12 8252.131755
-677.01 464.38 0.11 8699.457252
-360.40 -902.21 0.07 10687.729250
-528.10 -288.04 0.08 8923.525697
-525.74 211.77 0.10 6963.163672
-536.47 648.71 0.06 5662.243253
-465.47 -223.31 0.13 6428.969428
471.61 -49.52 0.14 8686.026609
-2.64 -15.46 0.13 9344.435801
-212.75 252.58 0.07 6276.357288
28.86 915.41 0.06 10679.373650
163.53 522.15 0.08 10155.784487
-205.27 -151.68 0.06 10248.872031
391.07 742.18 0.07 10616.242049
308.36 -358.82 0.09 5919.917553
-75.69 781.01 0.10 7256.312522
60.29 541.94 0.10 10704.265851
924.21 93.84 0.10 7234.170129
577.47 436.52 0.10 5121.811767
415.69 333.93 0.07 9049.874190
511.02 -374.46 0.12 7257.563551
905.82 246.52 0.10 9903.843186
289.71 275.46 0.11 8308.292503
460.94 657.54 0.09 6295.719933
-10.88 -149.18 0.09 6905.225901
-391.22 -157.21 0.15 7867.859226
-59.71 733.78 0.10 6428.344667
-265.05 581.18 0.12 5524.387590
-116.22 -538.89 0.15 8098.710393
-167.63 -720.27 0.10 5111.335433
-800.00 -416.48 0.06 10122.490090
698.10 -319.63 0.14 8992.057610
77.27 -42.77 0.05 9234.811994
568.49 -193.26 0.11 6851.153004
130.25 -48.68 0.14 9049.253954
-33.82 892.68 0.14 8744.656037
538.63 647.34 0.09 6997.164390
-745.29 124.45 0.14 10224.355681
186.57 294.91 0.10 5435.144190
-678.89 -567.07 0.09 8261.767228
317.43 -557.85 0.10 9375.252690
54.63 625.23 0.07 9185.294436
-625.56 528.85 0.10 5527.284440
-627.29 -184.03 0.08 8955.847988
-119.44 450.05 0.07 7280.808483
694.28 47.83 0.12 5750.129291
151.48 -205.23 0.11 9909.562647
-140.56 -140.05 0.06 9719.229079
381.26 215.27 0.10 7874.527660
213.89 -100.56 0.12 6247.727265
-257.69 180.31 0.14 8006.074390
280.43 -501.64 0.14 9310.004604
235.92 872.17 0.13 9781.344168
265.91 253.98 0.14 7950.077544
-406.39 697.32 0.05 8137.529661
233.87 -816.75 0.13 8595.290835
20.15 -863.08 0.12 6865.359879
747.96 566.64 0.13 8601.510175
482.03 -605.93 0.06 10666.833632
-441.76 638.03 0.10 6426.962401
-938.84 -290.19 0.13 7244.273440
779.32 188.56 0.05 7072.723434
-477.83 -291.35 0.14 5353.505674
-586.85 -607.99 0.12 10324.421213
744.54 -32.69 0.06 10113.800733
-149.39 298.34 0.11 6149.275371
-245.42 -588.89 0.09 10324.310003
-553.10 448.31 0.12 8475.827692
516.37 483.96 0.14 6722.370596
-936.91 -325.91 0.13 9400.756163
-479.33 726.76 0.09 5610.318466
-36.70 440.28 0.13 7884.646754
400.65 -881.73 0.09 5747.721759
432.50 -73.19 0.14 6801.540284
-612.92 -134.35 0.13 7887.076081
692.46 0.16 0.09 9110.486705
-298.45 527.41 0.11 5983.193305
0.52 313.21 0.09 5484.382196
-500.99 -549.50 0.12 9749.798622
580.18 705.49 0.08 7051.751749
-848.53 -25.22 0.07 7754.143874
146.99 -414.48 0.10 6339.457346
282.71 -752.44 0.12 7813.315440
54.34 -973.69 0.06 8630.865688
447.32 229.50 0.07 5273.641249
-646.47 -33.60 0.09 8740.363361
-244.17 -637.93 0.09 5454.970285
104.92 -754.59 0.12 7182.995398
609.37 -549.73 0.10 9989.711142
877.11 -301.46 0.11 6874.244324
714.17 492.67 0.05 10318.416060
195.93 -616.62 0.14 9073.764132
987.41 -51.99 0.06 5466.336111
-674.62 -48.31 0.14 6984.474922
867.25 -0.01 0.12 9381.163825
-180.05 168.96 0.11 5824.745344
191.48 407.19 0.14 6217.151538
-193.72 -633.93 0.06 6139.409211
-212.44 809.89 0.07 5447.199152
297.83 -793.93 0.15 6707.290042
-110.33 -492.37 0.10 10781.843509
-373.00 -488.91 0.13 6707.599690
-135.74 -397.83 0.10 6925.035500
-54.97 786.03 0.15 6500.692677
-451.25 -164.18 0.09 6181.845529
806.33 202.42 0.10 8948.889263
-130.41 -907.03 0.07 9377.137929
699.27 164.35 0.12 7134.683760
-429.23 608.52 0.11 6428.450915
541.36 414.93 0.07 10111.940239
-79.69 -317.63 0.12 5956.566051
449.94 -281.77 0.09 8804.849844
51.08 226.41 0.10 7035.618774
-890.35 -402.84 0.09 6200.282344
-780.44 230.69 0.11 10732.192672
28.51 60.48 0.11 6845.267104
-549.16 579.87 0.15 5666.786304
557.35 67.91 0.07 5952.954982
659.37 -180.85 0.10 8190.807972
347.50 -193.80 0.11 7387.146432
317.81 489.45 0.09 7313.206500
-942.30 13.57 0.09 8483.013247
-748.50 273.03 0.14 7062.750010
-192.01 -57.99 0.07 6081.121567
-11.99 -873.43 0.10 6599.493966
-330.95 -328.86 0.05 6989.843746
857.78 -298.74 0.10 8133.769956
622.63 -157.97 0.13 5999.213814
367.76 -192.34 0.07 5345.889524
307.90 -750.86 0.09 5684.821197
330.63 448.02 0.06 6870.546857
160.87 285.40 0.06 9309.649027
779.71 403.07 0.08 9820.100071
-905.12 254.52 0.12 6612.184843
-590.66 777.75 0.10 8357.257188
782.74 -214.67 0.11 8809.797307
-756.76 -602.61 0.12 10774.215956
-558.82 -59.89 0.10 7903.339628
-544.35 -554.63 0.06 10101.063760
656.19 -146.75 0.08 8150.560211
-256.97 777.63 0.13 10656.225879
-651.55 -100.84 0.06 8685.117306
-742.43 39.60 0.14 5700.369572
121.63 -43.54 0.11 10791.889315
347.51 182.65 0.15 9339.538881
-485.43 -176.08 0.09 10064.829053
578.90 494.83 0.13 8473.464406
461.54 475.06 0.12 5345.211381
291.80 388.40 0.12 10550.688483
-341.98 308.69 0.14 7552.233084
12.21 252.48 0.08 5435.132474
-899.26 52.48 0.15 9999.953013
391.45 217.73 0.14 6787.325348
-393.23 -218.63 0.14 7966.079622
383.97 -174.52 0.08 6748.571115
500.11 -234.33 0.09 9376.162896
474.73 786.47 0.10 7591.922238
-454.98 -453.95 0.12 8842.123671
-590.14 -631.33 0.10 5451.398692
-656.13 209.31 0.08 10227.514641
-406.45 -209.52 0.15 7495.897597
737.02 -179.25 0.10 9186.648546
99.88 -344.14 0.05 7274.336471
-481.87 162.85 0.10 10700.318643
-104.87 31.44 0.12 5126.265260
417.78 742.59 0.08 6337.383131
-199.06 659.19 0.14 9668.506634
94.46 -273.73 0.13 10419.554576
-30.27 -883.75 0.07 9858.571257
429.16 -583.47 0.14 6328.254925
-729.97 -37.31 0.06 10108.983286
-733.48 342.13 0.12 6665.387247
204.78 557.30 0.12 7993.021137
-705.32 -550.91 0.07 9518.630995
-393.69 617.85 0.11 8428.030725
-633.85 -154.55 0.06 6992.596013
-54.31 979.04 0.15 5913.224670
105.41 -326.31 0.05 5934.995230
851.03 -402.98 0.11 5347.741394
-704.58 -196.73 0.09 9658.671783
-186.34 -964.98 0.13 10620.387076
-341.30 556.15 0.06 9163.811759
-339.00 786.72 0.11 5807.303966
14.25 924.46 0.06 10035.816507
-264.46 784.10 0.06 7960.163180
31.08 873.75 0.12 6179.366213
-88.87 -427.84 0.10 7810.390011
222.92 847.13 0.13 8679.035943
233.83 -681.75 0.08 6571.743493
105.97 346.47 0.14 5497.028804
-81.75 79.19 0.07 5369.135168
672.22 -231.64 0.11 7924.361142
-54.92 676.94 0.09 6112.928182
-747.35 -299.83 0.09 8730.477296
-338.54 546.89 0.11 8760.405607
-956.94 -212.20 0.09 8616.044341
-23.86 -543.03 0.08 9137.463537
256.04 -29.94 0.14 6667.562597
