500 500
462.26 983.32 0.10 9260.908332
172.15 221.73 0.07 9252.558741
467.36 315.86 0.26 9921.413006
237.60 613.53 0.25 8900.301158
145.75 414.39 0.30 7130.664933
462.49 327.40 0.03 6871.929874
33.56 413.24 0.23 5316.693722
219.66 157.53 0.28 10137.155960
657.48 935.04 0.13 8109.599180
228.89 378.54 0.15 8113.629456
813.18 973.11 0.16 8599.291921
661.81 224.60 0.14 8352.426979
822.26 119.91 0.02 10764.008346
513.61 293.45 0.12 8839.777101
284.22 879.48 0.24 7034.456989
176.84 127.97 0.22 8344.311227
530.28 233.32 0.12 10071.114555
279.39 136.77 0.29 8626.982646
729.77 259.20 0.04 7477.812295
917.13 203.18 0.05 7832.752327
808.38 297.85 0.19 6968.234307
221.98 680.74 0.26 9272.559063
91.82 118.86 0.18 10607.978177
625.74 971.59 0.08 10227.061173
706.61 783.95 0.08 9222.464228
165.09 300.06 0.18 8747.321485
187.25 358.55 0.08 5738.135076
987.33 606.31 0.10 8992.773595
805.41 625.25 0.11 8312.939585
104.35 561.86 0.30 5035.349229
260.54 68.16 0.27 8599.406848
188.72 907.32 0.03 6740.925862
327.78 985.42 0.03 9260.219139
838.36 102.77 0.25 7140.016555
509.97 464.30 0.27 6919.276556
844.88 746.51 0.25 6754.239312
701.68 126.75 0.28 7796.433834
451.07 982.17 0.29 10060.209424
153.40 420.44 0.06 7885.721994
838.73 286.21 0.26 8692.371911
185.34 341.17 0.19 6315.402067
966.97 462.09 0.29 7913.914875
395.83 306.04 0.17 9727.743709
605.60 751.03 0.02 9115.143977
969.40 291.38 0.13 7431.412758
604.89 500.96 0.28 9979.373969
112.73 938.12 0.12 9368.243150
360.41 89.26 0.15 5376.083864
512.68 263.38 0.18 8916.681987
133.79 567.25 0.14 10430.359172
835.17 617.54 0.08 5483.476191
409.17 815.74 0.08 6525.934498
697.32 567.54 0.26 5168.036634
713.72 598.21 0.22 8149.802212
951.43 754.37 0.06 6572.295430
874.73 803.44 0.22 9871.154993
642.70 173.01 0.19 6783.826021
118.01 866.27 0.19 8840.503858
103.69 983.66 0.12 6999.470005
771.77 114.45 0.22 9738.007542
81.17 326.89 0.17 8412.287767
619.45 898.65 0.12 5253.419636
748.52 391.88 0.27 10457.172107
205.05 202.38 0.21 5942.932773
288.21 390.33 0.17 6590.391637
442.02 372.06 0.21 8990.687888
193.09 717.22 0.04 8413.452675
130.37 633.32 0.16 6516.866011
180.24 617.71 0.05 8153.766765
251.11 856.12 0.22 7339.504184
938.06 129.14 0.08 7437.099224
593.44 550.05 0.07 9399.907139
868.88 651.10 0.22 9239.309264
259.12 595.13 0.17 10090.020753
93.17 975.58 0.23 6923.085309
39.53 814.20 0.15 10368.289711
407.54 467.76 0.04 7773.000767
864.30 376.17 0.20 7146.296427
421.47 931.60 0.03 6997.573695
268.98 640.93 0.07 9920.686156
548.61 289.20 0.23 10381.088698
980.98 963.31 0.16 6801.300898
416.82 952.48 0.17 5367.241197
896.72 468.23 0.14 5095.643175
629.81 54.81 0.15 10394.222290
989.28 387.67 0.17 10292.624347
786.99 119.60 0.12 5732.795394
957.14 685.49 0.25 6785.266987
187.27 714.32 0.14 5442.967021
121.40 138.81 0.10 5528.857668
477.02 725.04 0.24 5134.012317
902.16 650.73 0.23 9658.846447
704.31 443.96 0.09 10044.555809
868.81 910.28 0.24 9245.034977
405.30 0.87 0.19 6704.967091
944.51 616.87 0.25 10322.175560
331.85 640.56 0.02 9582.877233
745.86 709.64 0.16 10679.210200
196.57 650.53 0.09 10470.911741
216.41 315.31 0.15 5964.688774
773.94 22.58 0.14 8866.599666
265.69 467.52 0.02 5854.898406
833.18 822.79 0.06 6109.993657
735.49 242.80 0.22 8069.759634
134.44 725.19 0.29 5472.033766
593.44 145.09 0.29 9462.732377
657.14 666.06 0.28 9662.948753
424.41 906.67 0.26 10249.575448
873.99 707.31 0.21 6126.779225
822.57 22.75 0.22 7048.250910
652.97 698.38 0.17 9286.455551
926.00 981.22 0.09 10679.975433
943.62 433.13 0.20 8432.029695
394.70 579.91 0.06 7392.215609
332.94 923.65 0.23 7702.889767
968.99 567.33 0.29 10152.921130
794.46 985.34 0.13 5884.654091
490.77 303.81 0.22 10349.146639
881.68 917.90 0.07 10624.199626
428.16 639.66 0.26 5687.499780
931.66 726.34 0.21 5576.180325
128.13 550.14 0.28 7497.172607
774.78 215.85 0.12 9748.833171
7.83 257.85 0.26 5742.720530
760.17 833.70 0.05 9486.692565
396.57 172.39 0.29 9114.812690
24.23 367.58 0.17 9224.521180
697.87 745.12 0.08 6864.020080
29.82 264.49 0.13 6420.001455
280.34 685.04 0.22 5376.004243
236.77 745.00 0.17 7178.974799
298.77 532.41 0.13 7034.590348
396.73 118.91 0.19 7709.866195
306.12 700.48 0.19 9078.058653
277.91 678.49 0.09 10083.502720
279.64 428.50 0.27 5041.817913
958.15 451.32 0.21 10615.848390
82.32 954.35 0.16 7216.178462
608.72 608.11 0.03 8729.661386
467.28 32.34 0.22 7065.895896
646.36 732.46 0.20 5667.373912
672.75 122.82 0.12 8115.520511
864.34 444.45 0.14 5489.289597
517.84 744.78 0.17 8014.956422
658.18 204.67 0.26 9546.061028
541.12 429.12 0.06 6138.042369
879.54 826.99 0.28 9843.626652
459.81 689.25 0.13 9782.364617
462.76 250.57 0.28 6463.381147
794.95 276.67 0.26 9355.997905
455.17 178.19 0.16 6279.395009
563.15 479.98 0.18 8025.381893
755.69 726.55 0.16 10581.952567
364.11 298.84 0.15 6747.604670
680.83 802.33 0.18 10257.497174
418.85 185.91 0.26 7815.838770
669.72 992.37 0.27 6149.599376
737.51 593.46 0.09 9107.881002
7.96 848.73 0.18 10336.461554
80.29 208.46 0.18 9915.785096
110.22 335.21 0.08 7638.079110
179.93 982.95 0.25 8700.027204
559.32 366.34 0.28 6106.955711
257.46 931.95 0.10 7517.519929
605.52 815.13 0.28 7047.672999
211.44 106.02 0.29 5705.441165
262.89 714.17 0.02 8692.673196
913.26 117.52 0.23 6248.743262
492.09 61.89 0.25 6388.893823
589.71 995.78 0.07 6861.822863
573.95 84.65 0.18 9831.459619
175.43 246.95 0.29 5814.938279
204.65 820.55 0.26 5831.440617
815.89 260.46 0.12 5639.418468
350.77 54.23 0.22 7377.908414
119.82 776.28 0.03 7069.227274
422.16 807.49 0.21 5251.901473
879.28 305.42 0.09 6270.886628
403.92 85.11 0.18 8480.140111
586.67 503.01 0.15 9130.567718
79.60 984.96 0.24 7040.788864
242.96 73.48 0.24 8255.363771
33.79 771.14 0.04 5993.121590
290.77 747.10 0.09 5993.841359
494.80 697.21 0.23 10492.164611
827.94 483.72 0.17 8555.862911
18.15 831.12 0.18 10398.360322
614.37 99.90 0.25 9935.721806
924.57 420.51 0.18 6301.544760
159.53 867.15 0.27 9991.907051
652.06 311.48 0.28 6940.269866
385.68 14.88 0.23 8747.710830
143.44 51.38 0.28 9462.332183
160.76 273.87 0.12 6153.746033
27.38 727.11 0.02 10334.879895
303.73 141.82 0.12 5690.345703
929.88 804.57 0.25 10485.746685
33.68 619.51 0.17 5540.210513
768.24 470.41 0.11 6764.777144
536.61 328.57 0.23 7366.839839
997.26 236.90 0.19 9892.294350
172.24 369.97 0.07 7636.438726
746.77 526.84 0.03 5931.129136
885.24 355.68 0.10 8497.925364
514.00 942.40 0.26 8958.175563
325.40 604.53 0.25 6106.257869
429.91 733.86 0.27 9570.968359
274.62 840.32 0.02 5492.769546
713.41 618.48 0.07 9564.112526
342.44 765.43 0.20 6009.223689
447.03 533.81 0.30 6162.979216
80.56 828.02 0.09 5780.965466
35.23 802.38 0.28 6954.713195
559.78 931.05 0.14 7490.503266
992.72 726.11 0.26 8154.723818
910.87 553.65 0.01 7401.460822
688.25 470.60 0.09 8795.898745
403.51 324.94 0.11 7232.468970
725.89 851.88 0.19 8538.829316
260.87 692.47 0.11 5664.737280
510.70 367.81 0.19 8813.524968
154.96 505.10 0.16 9110.731656
227.35 251.86 0.29 6880.127353
307.93 365.93 0.14 5627.719913
570.36 467.03 0.05 9010.931241
262.78 637.86 0.25 10129.474385
553.11 321.26 0.16 9116.118444
233.84 566.27 0.14 6463.743865
460.81 658.27 0.03 5607.961599
76.69 885.20 0.07 9442.470768
957.31 988.90 0.17 7208.355149
150.78 59.83 0.30 8956.047870
130.56 762.68 0.12 5495.615670
149.30 863.00 0.24 8613.092747
395.55 167.34 0.27 10021.038986
69.60 399.17 0.20 9530.713954
261.44 643.99 0.10 6125.828191
485.66 441.79 0.03 9178.191736
557.17 827.48 0.08 6487.370525
340.26 407.44 0.03 10195.410774
568.74 968.28 0.13 5631.059874
373.86 856.38 0.29 6848.552030
354.42 642.62 0.07 8641.752441
37.19 602.67 0.20 9050.776573
738.91 548.44 0.21 7654.973807
616.46 856.76 0.23 6134.566044
919.98 97.38 0.23 10161.571206
465.60 388.57 0.11 8072.951435
599.74 312.63 0.08 8030.007052
811.38 57.42 0.26 8059.018899
554.77 1.47 0.06 6759.972156
600.82 444.00 0.02 8287.222901
862.54 810.93 0.29 9669.216507
531.93 577.85 0.27 9532.598465
300.35 225.84 0.09 8655.731538
323.17 583.23 0.03 9361.762887
171.10 414.74 0.04 6702.472042
841.50 268.72 0.13 7333.713610
502.10 444.03 0.27 6310.186988
33.60 172.20 0.10 10101.406193
80.12 131.76 0.27 9354.256663
915.69 891.46 0.19 5918.464574
774.99 651.64 0.12 5637.001086
994.77 486.03 0.05 5358.346472
293.46 220.35 0.30 10000.984082
749.82 282.47 0.09 10207.532385
656.73 243.03 0.19 7448.616214
620.96 233.57 0.08 7797.320694
522.68 865.23 0.15 5498.868595
571.13 131.52 0.11 5696.726908
752.23 737.74 0.21 7937.938922
180.71 31.55 0.17 6474.495555
292.71 994.95 0.13 5262.300677
512.26 57.83 0.06 7683.697291
14.64 918.78 0.29 7045.756943
678.79 259.15 0.17 6474.696158
457.01 405.24 0.02 9963.466814
343.61 957.94 0.27 6625.962103
124.22 600.28 0.27 5624.585081
313.96 155.20 0.28 8642.705505
339.33 85.45 0.02 6778.591331
938.91 178.47 0.03 6835.799195
512.83 591.85 0.02 9308.872917
124.33 115.82 0.01 9812.597661
14.65 526.32 0.12 10238.916009
654.79 554.86 0.14 7725.200182
585.67 575.73 0.20 5351.967651
877.23 686.21 0.17 5588.340279
154.32 638.11 0.11 7687.925604
598.96 403.76 0.03 8922.681742
465.53 688.20 0.15 9365.083717
661.79 779.24 0.23 10419.760377
555.40 682.70 0.03 9783.655442
101.82 62.62 0.14 5339.244617
75.64 170.83 0.22 9382.403879
264.44 655.98 0.13 9115.470404
558.08 969.74 0.27 6434.615936
412.45 602.00 0.21 7862.614052
533.79 736.71 0.28 5533.823374
916.09 654.67 0.19 5197.889666
191.12 862.43 0.16 10740.864545
231.76 657.39 0.27 7469.536795
405.99 227.69 0.02 10437.891331
377.12 514.62 0.12 8067.140019
191.85 424.88 0.27 9622.361962
192.96 873.35 0.10 8813.269038
240.72 961.60 0.15 10294.076273
196.10 913.87 0.07 10021.480129
750.91 525.65 0.07 9009.140608
319.93 271.86 0.26 5574.271295
932.38 344.43 0.06 8533.541990
643.99 33.98 0.07 6322.505843
674.45 804.30 0.04 8890.749067
33.89 429.91 0.10 5263.341479
42.85 412.18 0.16 7462.885575
0.29 710.03 0.02 6440.861697
68.94 766.95 0.06 8027.241554
837.96 36.65 0.28 10227.569944
846.85 614.29 0.28 9533.238341
195.93 507.78 0.22 10010.094395
681.21 812.78 0.25 6151.600252
464.69 339.71 0.14 9501.210905
749.77 478.01 0.02 5702.932018
612.21 667.45 0.17 9752.111691
376.24 403.07 0.20 6299.611730
759.15 368.44 0.13 5879.407869
473.41 975.26 0.09 6803.943094
564.38 120.24 0.08 7912.398139
703.70 902.22 0.18 5635.706860
368.43 76.16 0.18 6986.334613
26.63 481.21 0.08 7005.949216
911.97 737.47 0.02 7994.277990
976.58 471.42 0.10 5824.404360
594.74 318.05 0.14 10359.761123
750.33 913.71 0.23 5786.152120
993.28 89.85 0.08 5940.869295
35.50 515.24 0.17 9210.074217
424.68 96.68 0.13 6451.644489
459.62 632.65 0.22 10245.285551
788.70 290.21 0.26 6216.698791
814.02 971.73 0.08 9668.029594
30.90 443.48 0.09 9096.390385
85.41 3.92 0.04 6678.193432
648.99 184.96 0.17 6361.355887
170.22 752.21 0.15 6300.196473
994.78 231.91 0.06 9111.866234
886.22 154.86 0.27 10271.110593
386.47 928.80 0.04 7381.668555
181.68 914.73 0.04 10565.340300
686.65 136.25 0.25 6007.585062
454.09 761.27 0.26 6104.143334
350.33 497.59 0.28 6737.963813
763.27 526.51 0.06 9561.938768
600.13 535.76 0.30 10388.359539
853.63 460.20 0.07 5049.911362
539.45 55.58 0.18 8016.502620
268.67 372.01 0.01 9007.255920
40.57 504.26 0.14 6270.018601
136.15 839.17 0.16 10005.606568
666.56 525.33 0.12 7554.531787
912.42 633.16 0.22 7166.971776
72.60 551.66 0.27 5747.161090
594.79 110.81 0.14 8408.821478
15.36 484.10 0.22 9453.359316
550.25 625.99 0.21 5760.962203
636.48 358.43 0.11 5138.490465
522.33 473.69 0.21 8921.920376
674.45 314.63 0.20 9386.361003
328.66 425.43 0.18 6500.767243
148.62 653.33 0.10 9609.637162
329.14 977.86 0.18 7782.125081
926.33 978.62 0.08 8320.541384
478.55 271.51 0.22 10434.979603
595.72 694.23 0.15 9574.475311
505.63 595.63 0.15 7961.097679
991.98 219.51 0.05 10717.036021
399.79 298.55 0.16 9550.093360
911.24 646.08 0.13 9232.738814
192.32 127.89 0.05 9712.293117
902.99 100.27 0.04 7480.615082
582.79 920.23 0.24 10459.870096
533.20 923.48 0.17 8815.970549
159.99 402.08 0.16 6952.787279
343.95 413.45 0.02 5546.371026
834.48 391.86 0.09 8184.979506
505.61 325.52 0.12 5244.366620
168.40 29.96 0.06 6275.840305
518.59 459.73 0.11 6428.567787
332.03 882.78 0.06 8002.028620
365.87 102.24 0.11 9660.869144
550.38 101.53 0.09 9937.497784
799.79 920.46 0.02 8641.162823
322.58 555.26 0.08 9928.848247
275.32 219.50 0.05 5784.975329
721.68 873.80 0.28 8859.083616
70.07 660.21 0.12 6627.614777
627.07 724.13 0.18 6809.245758
554.83 770.52 0.09 7632.042236
819.77 958.16 0.04 7203.194928
82.22 591.19 0.04 5246.716889
330.14 723.13 0.12 5551.589775
56.19 166.02 0.13 7136.871599
12.30 899.56 0.22 7957.245535
498.62 177.95 0.02 7021.543853
95.72 11.19 0.03 6615.934543
82.37 507.08 0.15 9481.733258
350.35 831.06 0.06 9704.686042
125.44 64.42 0.07 5921.221781
210.85 595.79 0.19 7316.660729
167.95 838.46 0.04 8021.706957
20.23 964.07 0.27 7068.538321
435.44 268.63 0.14 5359.751198
159.80 632.66 0.15 6192.956970
473.02 938.45 0.26 8278.593824
806.62 244.75 0.06 6143.608037
111.71 516.82 0.02 9873.522869
680.98 547.09 0.03 9017.879608
931.44 944.56 0.12 9403.359821
139.95 665.16 0.23 10082.012681
769.33 843.32 0.04 10559.707007
821.53 889.71 0.16 5195.769496
612.10 354.14 0.09 10056.921756
476.85 379.64 0.22 8815.346855
27.49 518.56 0.10 6123.536125
44.79 469.52 0.16 9030.581353
289.99 683.48 0.11 7198.201304
897.82 367.98 0.23 5586.439330
990.18 299.10 0.08 9563.648842
445.98 458.70 0.17 7625.156606
422.35 161.48 0.24 7141.994868
80.26 332.39 0.05 10342.768066
869.53 75.12 0.08 8175.308454
801.38 550.61 0.25 8897.842233
256.51 850.13 0.26 10159.037796
784.54 168.16 0.24 10244.835244
682.92 674.88 0.21 6609.291263
263.53 669.96 0.14 9419.287078
718.02 81.72 0.23 9861.993693
117.89 315.21 0.28 9258.520788
55.44 478.89 0.24 6965.419532
489.55 22.39 0.03 7167.401186
970.72 614.46 0.14 5424.949772
869.27 418.27 0.24 6902.153245
513.65 837.28 0.05 9754.164811
752.45 149.58 0.22 9419.399322
491.61 982.85 0.04 9718.484546
328.63 698.60 0.10 6240.629069
450.29 172.66 0.02 5316.583297
177.10 19.50 0.19 9479.954939
338.31 624.12 0.06 5769.889760
436.07 150.14 0.04 7890.114909
548.51 542.29 0.10 8324.807019
224.47 340.41 0.26 10016.730055
505.21 90.03 0.04 6845.769908
103.65 195.55 0.24 10068.362057
778.63 748.18 0.03 6157.678442
922.90 185.79 0.24 7715.393617
627.23 299.60 0.10 10092.365016
24.45 683.41 0.29 10615.191176
44.40 370.42 0.10 8822.097794
953.26 355.38 0.09 5979.206008
597.75 635.39 0.14 6484.193877
785.76 614.29 0.04 6056.819002
591.10 592.19 0.04 9436.925108
655.08 0.65 0.25 9859.233659
717.26 720.50 0.21 9574.299439
106.37 489.33 0.12 8537.310715
826.40 798.23 0.02 9928.813068
438.03 861.52 0.29 10459.388861
284.94 731.72 0.23 9195.968655
387.24 651.12 0.20 7024.818475
548.74 453.29 0.22 9666.739149
819.58 968.75 0.02 8589.678552
682.62 497.76 0.04 7507.905720
181.59 898.68 0.17 6038.619114
489.94 355.73 0.15 5439.666532
326.76 479.03 0.28 6822.902495
805.63 249.06 0.08 5778.003923
889.71 112.29 0.28 6461.511191
124.96 841.43 0.16 6343.336815
736.96 665.50 0.21 9773.232463
934.07 894.56 0.09 5360.795929
17.94 710.75 0.23 9448.228857
928.08 270.95 0.15 9454.287318
468.81 902.30 0.29 6115.905491
6.41 676.27 0.06 8427.609967
586.30 193.27 0.14 6585.596239
15.16 263.47 0.10 6065.791166
822.28 60.28 0.02 7247.387308
354.82 998.15 0.25 5411.090850
603.92 609.10 0.18 5943.942587
812.75 473.35 0.07 7506.111471
187.93 840.74 0.02 7074.683606
454.90 679.34 0.24 10393.612664
201.05 130.91 0.18 7321.259138
698.98 976.02 0.22 6869.437279
337.83 506.01 0.21 6389.875614
649.07 702.05 0.17 7753.155310
795.05 341.22 0.24 6597.575879
237.90 453.92 0.14 7834.169914
