0 0
-329.87 570.57 0.09 9112.730935
-365.72 540.79 0.12 9294.498568
-524.25 -661.54 0.08 10618.657661
229.01 218.77 0.06 6617.377620
108.24 -305.81 0.11 7823.836077
136.02 514.25 0.13 10171.699128
407.47 -775.57 0.13 7548.855836
374.30 -845.85 0.13 7789.537376
771.43 -92.68 0.13 6840.669982
-832.42 385.23 0.07 7385.295501
-621.00 -656.15 0.10 9077.163578
720.72 -463.43 0.06 6124.605329
45.42 -796.80 0.13 8268.127707
-529.74 97.27 0.11 6727.797474
-778.49 -119.34 0.09 8423.874739
-401.86 567.77 0.11 9709.512748
-426.76 7.03 0.11 10451.191121
-91.45 531.19 0.11 10578.592695
-489.03 -60.85 0.07 6934.661103
-413.23 -208.28 0.10 6709.069386
78.50 -279.95 0.09 7534.269153
659.31 -548.28 0.12 8618.281138
-316.07 669.52 0.10 6657.859866
451.65 278.58 0.10 9826.934028
79.93 -462.50 0.07 8829.647609
-215.60 911.21 0.15 6459.595817
335.07 -569.70 0.08 8911.529515
-511.05 -795.37 0.14 8166.705669
221.52 -567.05 0.05 8998.943933
-2.59 -866.30 0.06 5174.744278
-673.26 -304.95 0.09 10003.673396
-654.01 133.00 0.09 10110.103976
-128.45 -855.81 0.12 6874.306987
174.48 104.13 0.05 5796.814990
-867.24 121.14 0.09 7299.591860
108.28 416.75 0.11 7688.688752
484.72 -233.04 0.07 7482.578518
-85.49 -894.17 0.07 6179.554433
-229.69 767.91 0.07 10564.127665
859.51 -369.69 0.13 7850.090298
663.52 447.20 0.14 7126.859224
-541.65 342.67 0.08 5414.693465
479.81 865.95 0.10 7201.366689
-733.16 162.82 0.11 7443.642198
-742.59 522.60 0.08 10030.976103
172.60 -588.67 0.14 9437.221356
-340.36 134.96 0.08 9920.041282
599.31 758.83 0.07 9760.729815
468.45 582.58 0.12 8936.468951
-354.59 -844.32 0.14 6676.927855
557.93 -237.43 0.06 5025.725965
732.31 -251.68 0.11 5490.318881
-334.88 -900.03 0.09 5601.616171
-415.51 -82.92 0.09 9751.337506
-710.06 -144.86 0.09 8567.158076
-674.63 399.20 0.06 6134.920129
234.91 305.21 0.12 7509.076358
-417.39 660.61 0.14 6851.713774
-592.56 -796.17 0.12 9902.669411
-241.39 251.97 0.11 8814.807887
459.34 497.38 0.06 10637.525833
-254.13 -638.89 0.12 8587.243657
379.04 -604.20 0.14 10796.943783
-84.55 -204.65 0.10 7550.194001
609.04 130.49 0.11 8674.665179
898.21 303.07 0.06 6699.811760
-299.43 679.67 0.06 8386.415532
-453.99 -584.85 0.06 10345.198549
483.82 -113.86 0.06 8192.589384
806.86 531.82 0.05 6054.457171
70.15 -112.21 0.15 9824.629013
124.29 -191.41 0.05 5909.284449
-115.53 -725.62 0.07 6806.766230
173.98 663.74 0.10 5415.819947
830.26 396.27 0.13 6159.513460
-828.72 227.73 0.13 7305.687070
-813.30 289.21 0.12 7798.281513
828.83 -537.65 0.14 9342.784071
-577.73 -239.68 0.07 6513.179770
609.87 276.32 0.13 10648.949325
705.62 242.07 0.14 7369.600875
150.70 -540.40 0.10 9759.226736
857.86 223.27 0.08 7669.451779
-545.85 -185.12 0.06 9396.360040
773.74 580.84 0.10 7932.562100
652.57 564.27 0.08 9923.398680
750.63 104.51 0.08 7265.526614
369.69 820.81 0.09 7859.981109
-577.71 -503.78 0.09 9122.729205
262.99 -524.94 0.05 5233.659272
-166.79 301.31 0.08 5407.861747
-871.27 -228.14 0.06 10427.889875
713.17 72.58 0.06 10518.433115
320.47 79.45 0.13 6752.875266
595.11 443.58 0.08 9537.695903
390.09 760.02 0.13 8717.458903
104.16 801.51 0.10 8659.050185
42.46 63.92 0.10 5285.994663
303.51 -185.19 0.06 10430.841423
-756.74 467.01 0.11 6012.517464
-958.32 -281.56 0.12 6756.008958
287.75 710.53 0.08 8370.333745
129.38 -164.20 0.11 9161.883425
-136.41 -703.29 0.05 5707.482341
306.32 219.66 0.07 6261.167091
-724.87 115.17 0.13 8090.548534
279.96 -268.30 0.08 5615.250009
3.06 -640.34 0.14 10104.771632
254.09 -120.75 0.08 8576.391669
102.57 568.17 0.11 8874.622539
378.87 -68.91 0.10 8303.688741
216.06 668.99 0.05 6492.759920
-553.02 31.34 0.13 5522.174195
-192.06 807.26 0.09 7346.803155
120.26 -402.29 0.06 8811.946086
-350.51 923.57 0.05 10541.367214
-835.26 -179.74 0.08 5668.208416
984.00 -60.82 0.14 8958.929910
939.25 41.45 0.06 5384.239291
-711.43 648.76 0.08 8119.362915
-63.31 372.79 0.13 6372.077976
-49.76 295.06 0.14 7119.906150
611.14 720.10 0.12 7692.769069
-0.76 859.26 0.07 6506.796543
-826.82 -320.12 0.05 6483.558507
-305.60 839.11 0.08 5622.629274
97.32 -451.67 0.13 10389.081891
34.26 -495.84 0.13 9346.638409
680.18 605.66 0.06 9318.414981
-296.13 -600.01 0.15 5369.050198
882.87 408.25 0.11 9759.206277
-176.79 -219.44 0.09 9702.218185
-633.95 -288.20 0.08 5831.022492
136.50 -381.87 0.11 9645.501149
591.68 594.77 0.10 8158.366362
217.85 862.53 0.06 8091.517304
880.64 336.56 0.07 8717.215609
-312.21 211.09 0.15 10631.952190
324.18 21.06 0.10 8390.558062
-90.20 585.07 0.11 9665.570071
561.33 -252.62 0.12 7348.377628
-473.10 438.63 0.12 5333.956554
-722.89 195.25 0.09 8475.028051
332.22 695.58 0.07 9930.030496
174.53 -906.35 0.13 6780.843477
-627.39 28.58 0.11 7240.546047
-601.43 650.86 0.11 9327.284756
699.95 -531.34 0.08 5908.998206
-663.29 -682.38 0.13 6421.802769
492.30 269.31 0.08 10572.992716
596.34 561.16 0.08 7183.917936
-509.96 -698.01 0.12 9743.347729
-179.60 193.00 0.14 7850.949553
-240.58 541.76 0.09 7673.140419
70.45 402.38 0.13 9606.089290
607.58 -342.33 0.08 9438.458062
-666.29 -312.68 0.11 5267.918024
-301.83 -232.92 0.10 7981.955603
-525.79 61.37 0.15 9879.943445
855.87 436.68 0.13 5577.679888
-770.02 581.46 0.07 10120.427552
-125.65 966.69 0.09 10042.668292
39.53 540.17 0.11 5560.524088
-256.04 91.63 0.08 7423.566314
-477.38 861.56 0.06 6089.644981
-20.98 -965.77 0.12 7000.606044
-576.28 -96.36 0.10 8086.371685
-371.36 868.50 0.10 8774.407867
-712.65 164.90 0.07 5592.660943
773.22 460.78 0.12 6875.649912
233.63 759.92 0.08 5370.883584
-735.11 615.45 0.15 10752.169979
282.82 -648.76 0.15 5175.057505
-528.86 445.43 0.08 8826.531334
-725.07 -182.57 0.09 7200.955360
1.74 548.45 0.06 6768.280524
-70.64 -854.61 0.07 6668.456730
190.96 -449.79 0.13 7698.393724
-891.66 58.04 0.09 5658.932086
120.81 -830.40 0.08 7100.963926
768.88 35.91 0.10 9736.759795
-444.84 -488.96 0.14 5719.388588
264.48 64.87 0.14 6126.706967
-371.91 789.34 0.13 7779.818647
-552.87 246.02 0.08 10039.339527
-226.74 -85.15 0.14 6232.371080
-557.24 99.39 0.13 5105.209412
18.70 551.85 0.06 7393.191955
732.96 -586.99 0.07 8370.938754
666.84 495.47 0.07 6931.873955
-79.10 22.81 0.12 8243.223495
62.80 -311.54 0.13 10644.475779
44.17 410.88 0.10 10190.840891
942.04 -44.83 0.08 6908.529619
132.83 -817.01 0.08 6560.100265
-256.49 -889.95 0.05 6203.847875
-659.92 173.51 0.12 8597.531542
857.94 -202.54 0.13 8618.788895
-35.17 590.84 0.06 9148.080402
223.88 192.50 0.06 6093.870351
849.06 -324.33 0.13 7204.061192
-494.01 -639.11 0.09 8172.045278
437.41 -297.72 0.05 10391.231669
-40.24 -658.03 0.06 5552.157769
226.17 -93.38 0.09 9763.974742
935.96 -121.73 0.06 10294.879994
677.80 -468.58 0.05 5927.382865
-572.74 549.07 0.07 6822.557010
-658.96 464.18 0.08 6183.354544
-804.06 -14.33 0.10 9962.903696
477.86 702.97 0.11 8492.964033
-526.00 659.24 0.06 5038.303418
-497.43 -723.68 0.10 8353.566080
300.23 -222.56 0.14 10034.144570
-479.15 -286.51 0.09 8097.943843
112.68 188.69 0.07 5940.321681
-408.07 -745.56 0.06 5694.315362
266.94 -944.13 0.12 9954.044374
631.46 406.75 0.10 10052.613765
-427.88 -682.00 0.06 7911.305713
-529.13 430.09 0.06 7774.869033
63.02 939.35 0.07 10307.174173
664.22 324.09 0.14 5761.157445
837.08 -191.17 0.13 9140.738834
-925.28 60.35 0.13 7936.498201
470.41 -210.43 0.08 5480.411874
-851.44 141.84 0.13 7976.343548
958.49 34.02 0.14 8336.233265
-405.62 -285.74 0.05 10445.237030
842.81 81.29 0.12 7798.597712
-305.15 772.57 0.07 6058.729275
133.74 379.52 0.10 7633.938702
-87.51 738.49 0.15 5530.181142
-266.77 764.71 0.10 7485.655334
-116.74 -837.94 0.13 7567.798339
-128.43 -309.28 0.09 7039.906019
-803.74 325.42 0.12 9587.606584
291.01 -201.97 0.14 6804.825202
-887.01 -178.91 0.06 8345.009561
-358.89 -665.58 0.06 10466.818030
-937.73 147.08 0.05 6944.694682
641.94 554.47 0.14 5379.925895
84.58 988.10 0.08 6938.777443
-870.86 -214.80 0.14 6951.956277
-96.64 533.09 0.12 8653.065828
429.57 160.25 0.07 7417.749618
746.23 -328.19 0.12 6398.365339
768.25 422.81 0.14 8784.908651
-528.39 819.21 0.10 9726.517857
754.43 -413.07 0.15 9538.027341
-903.70 90.10 0.14 5499.960693
-130.69 -494.48 0.14 5954.080114
-230.09 430.58 0.10 6980.373526
174.24 -427.75 0.09 8585.249718
226.78 58.08 0.11 9217.313958
-241.36 -475.79 0.05 5399.754412
18.49 -255.13 0.09 6260.310489
-734.88 -3.70 0.07 5028.933578
-50.68 225.67 0.15 7986.184340
205.79 248.73 0.12 8285.674375
826.42 73.58 0.09 9757.193081
-527.52 -518.86 0.14 10349.712276
314.14 779.93 0.10 7794.490088
326.38 577.05 0.12 8230.561284
213.29 -301.47 0.08 8215.506180
-456.58 -550.37 0.07 8941.253218
561.43 -498.99 0.08 10132.978983
-252.44 -712.53 0.14 7346.191634
625.95 605.80 0.12 8013.781522
-820.04 281.74 0.11 9043.636254
761.65 158.01 0.10 5515.325268
950.20 -262.48 0.13 7385.839402
-574.85 -655.15 0.12 9096.793944
680.53 163.29 0.07 10092.780267
-180.44 -615.28 0.14 7116.952048
619.98 586.80 0.10 6628.944344
-652.72 356.72 0.12 8605.218775
785.48 195.88 0.07 5669.659077
368.47 351.60 0.07 5300.823157
-457.26 744.72 0.06 7361.090155
-753.92 133.93 0.09 6522.903074
611.83 -659.20 0.07 10564.729837
928.57 36.83 0.12 6742.957454
-511.68 -91.92 0.10 9426.065080
808.29 498.66 0.06 10549.064866
-303.75 870.07 0.05 5942.603327
187.47 718.59 0.11 8538.233534
753.39 -495.23 0.06 7241.141394
646.61 6.15 0.14 9210.881009
-736.36 197.60 0.15 9822.449823
-173.16 568.60 0.09 9264.793324
646.17 357.75 0.10 7664.358532
269.30 342.00 0.12 9863.283897
552.97 -452.32 0.05 10398.750080
376.12 1.52 0.11 5820.768794
300.39 469.32 0.14 9406.844912
296.29 806.91 0.14 5595.037673
-562.02 -606.80 0.13 7560.648541
395.48 360.34 0.08 5317.066266
405.97 -645.65 0.13 7125.401457
-517.39 -837.44 0.13 7929.245319
432.16 -170.90 0.12 7975.013035
-697.46 -434.14 0.08 6223.164361
305.81 -844.21 0.06 9813.425704
-561.10 -134.91 0.12 8314.523509
218.64 350.90 0.06 9296.122954
468.60 -28.49 0.08 5665.998670
428.71 705.26 0.08 6412.289671
-826.40 259.49 0.07 5272.978748
-252.41 316.17 0.14 7326.507959
-521.56 376.16 0.11 5128.910788
210.73 -868.60 0.14 6409.110896
-925.84 95.10 0.09 5001.365031
934.18 254.77 0.15 10127.060529
389.10 -382.51 0.10 10129.332995
-226.79 -597.81 0.12 6845.827134
878.52 -195.75 0.10 7543.082602
-818.64 -570.95 0.09 8533.905678
427.68 -312.95 0.14 8219.664256
-273.13 -352.81 0.09 10336.771037
-108.45 -751.62 0.09 10038.420517
250.59 -482.99 0.09 10651.779402
-296.14 687.69 0.14 7895.994073
-771.76 -88.76 0.15 6987.546194
-401.75 -768.73 0.08 5650.832506
9.26 908.63 0.09 10562.667748
-354.90 -54.81 0.07 8781.933752
472.11 -256.28 0.13 6943.984119
-346.59 -143.75 0.14 8296.286517
-550.01 -63.44 0.14 6841.932898
374.50 732.68 0.14 5975.495073
-471.19 -267.15 0.10 5048.674256
-441.95 -23.77 0.06 5667.978632
-58.99 -655.69 0.15 5959.501117
248.30 -204.32 0.05 9284.149792
366.14 121.70 0.07 5817.420392
-342.92 -578.72 0.07 6332.528116
-517.90 -190.21 0.14 7968.933383
82.46 195.39 0.13 8716.293849
-934.97 213.27 0.14 7547.904819
835.63 -300.55 0.15 8846.366732
-478.85 814.47 0.15 8819.820075
-168.37 -520.74 0.12 8168.870096
-697.58 -61.69 0.15 10320.480955
335.93 642.33 0.13 8648.757619
-271.06 705.16 0.08 5150.241572
805.10 -496.49 0.12 8822.746231
329.96 425.38 0.09 8750.724388
455.22 125.94 0.10 6084.639200
105.51 -724.69 0.07 8812.285665
374.35 -526.95 0.12 8263.498912
-234.43 501.76 0.13 7449.076354
-658.72 -76.10 0.09 7486.542962
-28.61 699.10 0.06 8977.020845
-502.08 -396.69 0.12 6660.464989
-265.72 -669.44 0.07 6607.858656
88.94 -657.98 0.11 9744.213397
-506.30 -304.45 0.05 7817.225059
336.73 -65.26 0.11 8743.110460
239.44 95.10 0.14 10009.796521
212.62 147.41 0.08 10117.483941
226.66 -669.97 0.10 9634.481095
-857.68 -352.65 0.14 8415.324044
391.31 127.85 0.08 8606.638976
-758.16 -310.89 0.10 10484.840595
39.26 968.79 0.06 9903.287904
-622.24 -781.24 0.06 5305.159158
-243.96 -182.57 0.14 10239.302159
376.36 -699.43 0.06 6142.384962
29.25 -686.18 0.09 6977.658629
230.84 -10.34 0.05 5019.488927
-586.79 -154.27 0.14 5167.222937
-558.23 -671.67 0.13 9390.328117
-627.10 -211.85 0.06 10359.703402
-24.21 -389.36 0.11 9249.439442
-371.28 -728.24 0.15 5378.631622
373.13 -705.12 0.09 10584.587353
-512.22 450.11 0.10 9787.371454
-435.74 -838.07 0.06 9725.305139
306.71 -476.59 0.14 10651.194008
686.71 -411.88 0.10 10780.490038
551.94 -698.24 0.13 10080.618205
-578.75 59.70 0.06 7462.469636
-803.33 406.48 0.09 10503.868019
-206.39 399.71 0.07 9470.780937
679.53 -530.65 0.12 10292.976365
109.97 918.21 0.12 8435.055412
98.14 -782.96 0.11 6959.962060
151.03 -82.26 0.11 8759.804285
-484.52 498.59 0.08 5878.801406
410.47 436.24 0.15 10292.406277
-874.56 185.61 0.09 6053.945659
534.48 141.71 0.14 6811.338176
-106.40 150.18 0.06 6664.070124
-350.63 -661.73 0.15 9213.254615
-566.28 -17.32 0.07 7026.169638
-691.74 -361.52 0.06 6992.531124
-237.23 60.30 0.10 5306.008837
-206.89 753.99 0.11 10687.776473
-11.39 936.57 0.08 5996.352156
167.00 -319.82 0.11 9295.736824
318.66 465.09 0.10 10291.187791
489.23 -664.89 0.10 7377.965392
33.72 -637.38 0.09 7830.318726
419.12 602.35 0.14 6869.043152
-405.85 369.01 0.08 8027.758114
-924.44 271.71 0.14 8963.387349
580.90 776.99 0.10 7420.848757
-511.65 572.92 0.08 7083.503510
-570.49 370.93 0.11 10460.985168
-130.50 944.11 0.06 7413.189476
-139.00 30.91 0.14 6092.367612
-538.68 -614.48 0.06 8490.262042
46.88 -856.09 0.11 8358.878129
-420.99 867.11 0.12 8283.909876
525.09 -822.75 0.14 10634.830422
-480.40 -532.36 0.13 5122.284311
-412.31 458.23 0.06 5131.124501
533.22 231.35 0.09 5457.952873
-177.47 -88.94 0.10 7183.599309
761.79 -349.37 0.05 6034.924122
-681.46 -697.01 0.11 6277.631214
455.28 -33.00 0.11 10715.530792
188.25 -727.90 0.08 5843.767863
-498.05 -0.19 0.13 6743.927610
899.40 25.32 0.13 9834.729580
568.33 -191.04 0.08 7209.197841
493.33 168.22 0.11 9892.923024
-462.03 297.75 0.07 9857.560904
-743.05 -599.77 0.06 5391.938638
694.74 638.71 0.11 8691.677014
-31.02 -187.85 0.08 10670.388152
321.08 -508.88 0.11 6090.062015
-327.60 -337.60 0.13 5161.419644
497.48 -498.66 0.12 5133.582262
-517.44 564.19 0.07 8754.112660
-299.22 -262.96 0.09 6645.365246
892.34 388.87 0.11 6649.077778
-849.98 -210.46 0.06 5116.929461
603.08 571.26 0.10 8010.997071
-17.12 -2.12 0.12 8027.075674
-297.87 -370.97 0.05 8120.026337
804.48 -210.07 0.14 6290.277770
-776.08 -71.97 0.12 6333.543966
-95.93 -3.94 0.12 9418.893239
-96.36 -124.14 0.14 9240.292947
6.78 -846.13 0.06 10267.235454
316.81 687.99 0.11 5132.176375
-812.85 -96.25 0.06 7087.187867
116.47 -758.51 0.07 6545.910417
788.89 612.51 0.06 5103.606246
-592.36 69.89 0.10 5882.975937
522.31 188.70 0.11 5830.929890
333.97 -434.76 0.10 10182.533263
-190.19 28.12 0.06 5399.067177
653.12 -440.49 0.07 6439.070235
809.97 -82.08 0.11 9309.144119
-5.31 628.50 0.05 5160.619579
-10.96 -473.96 0.05 6654.702332
-75.86 568.96 0.11 9263.939657
-21.53 342.95 0.10 8810.248391
-51.39 940.26 0.12 9228.172310
762.18 -400.26 0.07 5276.754886
52.31 214.98 0.11 6807.827369
-302.44 416.14 0.06 7461.885293
202.39 645.38 0.10 7374.619999
983.98 -78.73 0.07 7219.875974
71.44 -208.65 0.11 5853.768171
-90.70 -358.54 0.07 7345.442805
-748.25 -351.18 0.08 6075.763492
-483.89 301.72 0.06 8827.799890
973.33 -173.07 0.06 6523.638811
558.06 332.24 0.13 7386.977329
-542.18 384.42 0.06 8930.565706
-341.36 268.69 0.06 10328.121097
511.60 719.56 0.12 5263.429442
-534.45 -429.30 0.11 10479.457186
331.07 382.35 0.14 8222.542792
-151.86 -929.13 0.08 8365.756241
-133.94 722.51 0.13 5528.752176
768.13 232.62 0.08 7461.041293
-362.01 123.17 0.11 7769.323892
117.32 -225.84 0.15 9028.693753
-704.58 -429.56 0.12 9584.568596
-124.88 137.84 0.08 8673.210882
-828.63 -527.23 0.12 5946.015949
683.41 -57.86 0.13 5111.363619
520.21 39.65 0.12 6085.973557
-888.96 -150.07 0.12 6188.487469
-636.58 87.99 0.13 10157.895855
-925.70 182.20 0.14 7714.922736
31.29 -603.83 0.11 9205.540035
-72.95 -684.94 0.08 8520.020047
-234.21 -814.88 0.12 7980.498439
-291.81 -89.76 0.13 8400.859640
399.97 809.27 0.05 8201.701382
787.79 561.07 0.08 8405.076267
-588.53 751.50 0.13 5849.222418
734.61 -260.78 0.12 6313.012487
-64.32 453.36 0.10 9890.012742
-405.75 -323.60 0.07 6366.878791
-22.64 -46.32 0.12 5617.668528
-321.41 -790.78 0.10 8462.580187
-342.56 445.88 0.13 7324.057392
265.47 -59.99 0.12 10140.614606
-299.29 -128.95 0.09 7855.574214
204.79 480.10 0.15 7192.665454
-8.96 312.76 0.05 10546.282528
-322.63 483.42 0.12 5325.448682
115.77 -435.33 0.09 6154.326690
-91.61 -443.84 0.05 7509.772162
15.54 -123.51 0.10 7264.816319
827.87 -133.56 0.07 7429.956443
-135.60 192.11 0.05 10518.613335
-771.66 -315.81 0.07 8201.614228
827.33 412.40 0.07 9962.043119
-130.62 -793.38 0.10 5381.828222
-60.56 504.18 0.08 5124.237898
-285.50 -608.42 0.07 6227.427040
349.64 -927.62 0.12 5128.262277
-228.28 -555.12 0.09 10751.282703
-228.59 237.56 0.13 9623.077706
890.38 -335.94 0.08 10619.571036
233.50 -669.08 0.15 6331.060716
675.24 -121.27 0.10 9445.950216
-561.79 -795.01 0.14 9669.993285
173.59 -918.83 0.06 9212.162324
-758.27 189.42 0.13 10588.768705
487.98 -693.47 0.07 9582.930401
390.70 -907.65 0.13 5457.698219
32.62 619.97 0.14 7917.215106
867.80 26.39 0.10 8952.137089
-125.52 719.97 0.12 10781.607404
-73.98 749.98 0.10 5462.917875
184.52 823.80 0.15 7227.080044
441.07 -637.20 0.11 6353.085618
214.36 -502.20 0.14 8194.998382
-976.44 86.16 0.08 9000.188835
-744.47 81.43 0.10 8391.256575
348.24 -261.34 0.15 5078.654838
-404.56 384.41 0.06 5877.688307
507.48 331.21 0.10 8981.892817
862.43 -350.66 0.07 10030.152565
-331.21 -95.07 0.08 7102.627305
-478.26 491.37 0.13 10633.513713
-185.14 -519.26 0.09 6199.136447
799.37 375.28 0.11 8081.594457
464.37 50.91 0.14 10697.103906
594.45 -541.07 0.13 9970.036985
-77.73 492.26 0.14 8074.450884
216.66 -903.94 0.08 7680.144556
191.81 -718.49 0.08 10245.281125
787.98 -196.20 0.06 9727.669197
121.89 -571.58 0.14 8549.182825
-789.16 39.65 0.10 8171.659222
-380.17 236.33 0.07 5046.262360
622.69 177.26 0.10 6305.054371
351.24 7.57 0.07 8417.959499
765.62 554.82 0.13 7230.644819
255.60 676.45 0.10 9467.789016
395.76 -430.92 0.14 9826.531607
235.91 306.03 0.06 7704.463712
555.99 -762.14 0.08 10409.971659
-12.03 589.14 0.06 7628.898294
-11.03 432.51 0.11 7804.250632
-246.98 302.95 0.08 7872.141519
799.16 -353.99 0.09 9482.867144
297.39 270.72 0.07 9818.827905
712.80 -495.24 0.12 6287.580494
-620.95 305.64 0.08 10431.896464
-198.92 -159.69 0.09 10454.184769
-380.84 323.72 0.14 5316.326178
510.26 -519.04 0.07 8661.098474
-463.86 -480.10 0.07 8813.267095
-496.04 475.03 0.11 5149.573291
-76.30 742.12 0.06 10173.454261
439.22 251.30 0.07 5423.847895
381.90 472.04 0.15 9041.795838
60.32 -377.08 0.15 5512.101708
-176.60 -544.00 0.14 5392.121561
343.30 -545.41 0.15 8113.452423
133.42 18.59 0.14 5964.119485
863.44 502.92 0.11 10181.316078
913.79 389.07 0.11 5909.265633
719.73 -504.24 0.13 6211.081828
655.85 -400.46 0.10 7491.244608
701.63 44.37 0.08 6076.085255
-143.15 -922.17 0.06 7542.712589
196.64 -822.59 0.09 6981.406965
-265.84 -499.28 0.08 7905.165871
-179.94 -402.82 0.09 6985.466745
-301.65 581.53 0.07 9671.657656
674.57 -74.83 0.15 7603.714315
-715.08 -264.81 0.08 7496.530732
-209.97 336.93 0.10 7762.288984
415.62 -19.79 0.13 9000.977489
-116.98 50.02 0.08 6549.916186
-500.48 -405.45 0.05 6232.419474
-947.09 64.38 0.14 5299.031078
-315.17 604.64 0.12 5412.080423
-44.69 -704.52 0.13 5141.488945
-513.43 -44.20 0.14 7919.175573
-200.77 239.02 0.10 8494.394181
97.58 135.42 0.15 9143.710391
-194.70 -529.85 0.06 5915.630253
-649.47 570.41 0.05 6691.945457
55.83 21.01 0.12 5704.877116
-515.73 -756.39 0.08 10629.224705
138.77 -286.65 0.12 8278.853944
-125.03 -635.05 0.13 8139.828471
799.30 -50.60 0.06 7620.552474
-591.27 -225.28 0.14 7447.894804
-83.57 -387.91 0.06 6788.643394
771.63 271.00 0.12 10652.339347
-316.99 -133.62 0.14 5339.016214
-855.53 498.46 0.08 9293.441777
382.57 -289.60 0.13 8523.408841
525.71 -629.62 0.07 9631.431163
111.72 90.40 0.11 10468.549001
56.49 -3.41 0.07 6456.729205
378.58 -307.50 0.12 7008.428437
-276.38 932.05 0.09 10742.594476
-309.35 645.48 0.12 5052.837575
-990.22 122.45 0.14 8455.403765
-71.96 833.22 0.14 6999.687627
-771.58 502.58 0.10 5698.488983
576.61 131.19 0.06 7996.617073
648.88 -272.02 0.07 10708.684202
-222.71 291.84 0.08 10181.060113
-141.93 -473.71 0.10 8758.957553
784.40 402.50 0.13 7821.038312
-890.98 327.63 0.10 6717.037450
182.19 -316.75 0.08 10200.037038
-548.97 -588.18 0.12 7643.327742
-464.54 334.85 0.06 8485.761363
794.35 -234.32 0.07 5609.774698
952.59 -75.85 0.06 5813.414370
-439.59 -500.20 0.06 8278.577747
500.61 -607.75 0.09 6283.263808
886.08 -340.22 0.13 7721.663834
299.68 -937.47 0.12 6886.024058
368.28 681.49 0.11 7202.220408
-607.65 481.20 0.15 10094.104143
814.79 -507.17 0.07 5874.041725
-731.67 429.40 0.13 9111.022211
863.46 -14.21 0.08 6779.866939
61.60 -971.11 0.11 8452.594864
-320.57 -86.13 0.08 7781.059664
218.74 544.13 0.14 7059.969693
242.21 -664.54 0.14 8077.644805
-380.67 -846.13 0.08 7275.471767
-315.16 -420.68 0.09 6753.455285
-689.59 545.65 0.10 8834.482463
-478.00 -372.79 0.08 9216.300451
549.54 95.66 0.15 8248.957185
317.51 315.39 0.09 9609.910317
-253.46 -268.48 0.07 5937.098744
-188.76 -717.89 0.06 7336.109802
-788.87 -378.54 0.07 7516.031903
-955.73 -271.15 0.09 9062.031767
376.28 801.93 0.09 8008.372879
-838.56 245.06 0.08 6070.827334
-529.44 -415.17 0.08 7329.248333
515.39 465.39 0.10 9079.808158
-625.46 667.87 0.06 5190.907492
201.05 -658.40 0.15 6169.739316
415.01 380.40 0.13 7787.146958
919.98 36.45 0.14 8383.273506
-555.91 -204.27 0.11 5740.371207
-629.26 365.43 0.13 7286.182527
-46.77 -707.02 0.09 5907.190303
640.19 427.72 0.11 6614.695901
-555.73 -98.20 0.07 5627.879518
752.61 -158.41 0.10 5086.131374
703.77 696.38 0.07 10178.119686
132.15 345.97 0.06 9296.255986
189.67 -213.69 0.05 8789.566319
-504.89 -453.77 0.08 7822.831004
-17.71 -842.61 0.07 6944.809166
-742.58 -135.00 0.06 9012.187124
-676.62 444.42 0.08 5132.272705
247.79 -965.94 0.15 6928.570457
46.65 301.64 0.12 6272.694810
889.52 64.16 0.14 7905.005071
-777.22 455.92 0.11 5434.002947
-188.12 518.40 0.06 7352.115353
-367.66 207.45 0.13 10016.615018
-460.67 -426.06 0.09 6694.732230
-583.33 -231.21 0.08 9147.193263
-420.07 852.74 0.13 10253.007562
618.87 657.88 0.12 9675.050391
265.45 -587.50 0.08 9472.330353
-710.38 139.76 0.13 7504.217213
-71.44 558.44 0.12 5841.484006
-555.03 715.08 0.09 5137.487009
569.36 543.25 0.15 5457.031537
-11.66 233.57 0.08 5628.017660
-117.79 918.12 0.07 5733.785346
969.47 -125.41 0.14 7287.457636
-562.84 -754.14 0.09 9563.230374
-196.45 382.35 0.11 6106.665275
-187.91 -704.37 0.07 9915.032186
620.89 -59.08 0.10 10132.604031
-25.41 122.31 0.12 10207.694958
-810.56 -87.28 0.08 8430.374971
36.43 639.08 0.06 5290.616295
683.78 314.05 0.12 5713.056729
31.60 -490.34 0.09 9448.900997
-788.41 -33.11 0.05 7092.030811
-47.04 161.19 0.08 9642.732135
948.69 304.28 0.12 6388.110859
-571.15 387.69 0.10 10751.148930
368.67 -14.33 0.12 7559.545269
-415.46 486.09 0.05 6629.818793
-104.49 415.71 0.08 7514.729670
226.00 147.26 0.13 6967.082056
985.33 -155.98 0.11 6603.349881
-208.52 -489.65 0.11 6801.693087
-673.41 656.43 0.13 9797.664513
-334.52 -345.03 0.10 9823.022087
-128.14 872.65 0.07 5079.823461
357.86 -537.90 0.14 7658.693384
-53.50 76.85 0.05 9852.446833
603.58 -641.24 0.10 5254.504845
330.13 6.15 0.05 9303.903561
-298.33 952.07 0.05 5726.658532
431.38 -322.92 0.12 6081.133175
-833.96 -524.98 0.08 8232.191935
-917.99 172.44 0.14 6631.494704
757.11 528.00 0.15 5003.613734
498.31 -456.83 0.12 9904.431437
510.14 -433.74 0.08 7458.480172
-116.75 -28.74 0.11 8808.199553
367.14 -94.25 0.13 8880.519113
300.75 407.40 0.08 9531.886780
-734.47 -84.90 0.10 7132.344510
665.31 -388.99 0.13 5548.534186
-225.65 31.60 0.06 6900.111178
-102.96 -555.43 0.09 7297.692699
61.49 -47.87 0.05 6168.034235
-430.90 -149.87 0.10 5096.192135
-930.16 -225.97 0.15 8061.809813
42.93 864.03 0.05 10255.999488
474.17 -731.41 0.10 6065.569865
-381.94 -496.74 0.10 9424.588178
-31.03 -183.38 0.12 5847.266055
-355.65 -522.69 0.09 6648.012570
-217.35 94.84 0.10 6753.405276
599.42 -466.75 0.14 6174.500698
-297.29 291.69 0.13 8745.483641
278.86 -680.47 0.13 6174.248314
-344.23 -604.39 0.10 7817.582085
480.06 -724.93 0.08 10100.662627
37.50 -782.58 0.10 9301.483846
88.75 399.82 0.06 7876.618729
567.08 669.57 0.09 9889.449708
-218.02 485.80 0.14 5817.073310
-700.94 -124.53 0.15 8481.275310
-319.22 642.93 0.10 8662.548374
-147.56 -565.72 0.07 10398.681496
-427.35 -788.98 0.11 5853.907536
-431.04 855.08 0.06 5315.593352
-141.97 300.35 0.13 7901.591145
187.51 4.80 0.13 9156.408265
171.13 -554.18 0.11 9797.823099
3.04 -474.13 0.15 5323.008660
-454.99 866.34 0.08 7026.037225
-590.97 -465.99 0.06 8985.360751
617.47 78.87 0.10 9320.087619
-558.37 -93.22 0.12 10118.776526
-651.22 140.71 0.06 7619.780109
783.23 -493.11 0.15 6686.106681
887.56 249.49 0.07 7999.796792
-383.66 -196.26 0.07 9459.300806
189.09 -920.43 0.12 7051.126110
-378.95 738.64 0.10 7571.242102
-546.74 99.87 0.07 7195.208401
-316.49 -519.18 0.11 9541.342430
122.11 -787.65 0.13 7602.750649
-287.42 -312.63 0.13 10777.163952
-658.06 -79.43 0.14 9633.118906
-446.44 572.34 0.07 8329.682247
-592.67 667.62 0.13 6491.083541
-800.07 279.38 0.06 9556.846461
-242.64 434.04 0.11 6738.545123
214.38 -897.27 0.13 10076.452922
227.70 -393.53 0.06 10324.373184
115.68 305.14 0.13 7671.099817
784.28 454.58 0.13 8757.159199
-450.29 -309.18 0.05 9462.744712
-299.55 669.82 0.12 8155.875210
-409.29 -81.09 0.12 10759.252547
856.25 251.14 0.06 5712.191939
598.67 181.05 0.08 7563.106918
-109.55 444.47 0.07 10524.861674
-923.40 35.56 0.05 10463.773879
-282.92 594.83 0.06 10160.986359
662.07 -108.08 0.09 10719.603906
486.28 869.53 0.05 8799.799099
423.32 26.27 0.11 6910.612665
-528.88 430.72 0.19 9602.446432
-467.03 844.99 0.17 9712.610958
-84.21 -386.66 0.16 5214.351235
472.98 645.71 0.16 8258.689513
273.68 -333.72 0.18 10218.272725
341.45 234.86 0.16 10484.678287
230.19 -582.02 0.17 10017.835584
-64.30 -447.77 0.17 9477.079909
-248.36 -565.45 0.17 9517.100021
412.59 -418.60 0.18 7611.075480
-509.06 -476.58 0.19 8565.914382
694.70 586.99 0.16 8961.878006
-183.93 -843.02 0.15 9926.423812
311.31 390.87 0.15 6884.661600
784.83 -205.66 0.20 7137.142574
-631.96 328.31 0.19 9563.567070
641.99 -391.06 0.16 7093.143450
619.94 702.26 0.18 8312.708707
952.18 -142.40 0.20 5093.775762
888.52 2.42 0.20 9692.449316
252.71 -82.78 0.18 10779.082433
-374.53 516.04 0.15 9025.943295
435.82 25.32 0.15 5057.489283
-891.73 -299.44 0.16 7785.244590
-623.21 245.00 0.15 8391.182001
-191.83 412.29 0.17 5396.900490
-299.84 -273.72 0.16 9852.992727
-929.63 291.26 0.17 7297.004034
246.93 210.85 0.17 7794.361053
100.54 200.27 0.17 6289.770056
719.01 -497.81 0.19 6997.988469
-246.38 277.47 0.16 8776.116218
-125.68 702.88 0.18 6981.328645
363.39 243.04 0.19 5053.395050
-116.74 60.20 0.16 7233.206931
617.95 496.96 0.17 8765.605864
298.98 -13.34 0.17 7393.076879
-200.52 532.65 0.15 6010.649088
583.34 -466.07 0.16 9021.333239
771.93 590.90 0.15 6926.451187
98.97 51.79 0.20 5356.075145
-876.27 37.20 0.15 8372.605883
-242.53 -656.80 0.16 9640.328878
339.93 -541.31 0.20 10583.856134
-464.65 244.26 0.19 6527.960788
-537.44 -779.65 0.16 8489.925781
-54.59 -85.13 0.19 10406.855847
-741.40 129.63 0.19 5190.401417
392.86 838.91 0.18 5203.349387
-534.24 789.46 0.17 7007.961152
278.47 640.66 0.18 9541.644271
742.85 -57.63 0.16 8401.419024
-713.31 -428.07 0.16 9438.164463
-345.56 128.58 0.18 6211.192434
197.79 188.90 0.18 8557.634906
-450.23 -450.10 0.15 7373.630658
-360.01 378.44 0.18 7349.904717
-93.40 738.02 0.16 8148.407591
-297.27 940.16 0.20 5499.762035
-124.39 -754.01 0.17 5230.134737
-262.36 -769.71 0.16 5032.669081
-714.31 460.41 0.17 9253.451844
-585.08 317.75 0.17 7706.585891
187.40 542.33 0.20 5098.478918
-20.20 387.42 0.19 5278.937302
-382.57 -758.12 0.17 6597.479888
93.17 -107.64 0.19 7371.941889
-702.24 -326.69 0.16 9156.689688
-326.69 652.45 0.17 7427.771065
421.01 -682.56 0.17 8077.772126
-249.02 -16.85 0.17 9571.891655
-180.19 -922.18 0.17 8552.912372
-846.61 122.81 0.18 5243.373238
403.92 -364.95 0.16 5775.078206
728.51 -7.86 0.16 10129.346244
-210.71 108.56 0.19 9082.985492
-208.96 -522.50 0.17 9275.950971
767.55 482.25 0.18 6953.627511
408.71 130.15 0.17 5425.753641
-814.53 -263.65 0.20 6604.867422
-76.81 859.19 0.16 7752.460757
-197.10 888.14 0.18 7577.258658
-505.47 -267.25 0.19 10753.591296
-307.65 773.86 0.20 10244.829623
791.22 -141.57 0.19 10188.457177
859.16 -490.67 0.16 8191.498553
125.05 -549.24 0.18 6235.148772
463.73 -682.27 0.19 6216.281530
574.55 -475.69 0.18 9264.019518
513.71 182.95 0.17 5826.157077
-542.98 -97.03 0.18 8818.745708
154.53 206.13 0.17 7165.859253
-265.54 336.70 0.18 6251.777070
294.32 275.14 0.18 6433.323413
-388.52 861.87 0.17 8682.862776
28.77 -870.33 0.18 7630.193615
475.58 -402.44 0.17 5199.873562
964.09 -45.22 0.18 9723.538479
-116.16 -53.10 0.15 5367.595236
83.97 989.99 0.17 6964.888219
-792.26 -152.28 0.16 6516.169636
83.48 -242.23 0.17 6121.371495
-292.44 295.66 0.15 8591.348323
204.60 -275.61 0.19 5154.691915
-12.33 982.67 0.16 5380.254844
-8.16 -740.21 0.16 5489.698263
-234.60 563.96 0.18 7161.891140
925.68 199.97 0.19 5257.897088
-301.91 262.80 0.15 9969.543886
-99.10 -557.45 0.15 8680.924334
-234.83 860.24 0.15 10531.015279
930.99 134.55 0.15 9281.715309
445.11 -133.11 0.19 7007.957318
525.71 212.67 0.16 9271.746247
-887.31 52.95 0.20 5736.236830
263.74 -860.03 0.15 5346.870077
402.83 319.65 0.18 7046.113773
-723.54 681.36 0.20 6934.198284
-200.73 293.96 0.18 8042.820014
-654.00 623.36 0.17 8011.623387
-196.98 -305.55 0.17 10399.135857
256.62 -332.12 0.18 5830.188327
917.25 92.07 0.19 9026.085084
-862.66 464.55 0.20 6000.102574
-615.58 707.58 0.19 5041.561010
-391.94 -573.10 0.19 7923.176488
-397.78 170.49 0.18 6354.892777
856.15 43.09 0.19 10226.456330
51.99 664.73 0.18 5472.338794
677.72 -685.98 0.19 7272.193161
778.78 -562.33 0.18 10798.457118
327.04 -75.47 0.15 7676.556778
-838.30 406.36 0.18 9906.237690
-292.12 -637.16 0.18 5342.005347
-389.46 752.38 0.19 8753.417123
-717.72 619.80 0.16 10373.437495
-565.21 656.86 0.18 6518.552085
577.80 -17.99 0.15 5430.957456
-353.47 -661.39 0.18 6366.407693
-384.21 -500.80 0.19 7798.231624
540.77 457.81 0.18 8328.523292
-543.19 180.98 0.18 8554.313942
-899.35 -180.69 0.15 10268.267564
-719.89 -691.67 0.16 6397.158697
-323.87 523.62 0.19 8706.434476
241.53 553.39 0.19 6974.351421
-960.32 -255.27 0.18 9496.151806
193.72 434.69 0.18 8026.695965
-554.35 -72.67 0.18 7983.766859
165.83 840.73 0.18 10717.838803
142.22 225.62 0.16 8080.397899
-580.24 -685.43 0.17 7429.145120
-661.58 228.54 0.18 8838.695589
-698.03 -644.73 0.18 5637.909313
-369.90 -594.15 0.17 10533.884958
680.63 -98.12 0.17 5191.395474
719.92 -686.66 0.19 6024.936489
719.83 -348.19 0.16 8530.346566
-746.55 -63.49 0.18 7393.468028
-274.95 647.73 0.16 6125.071610
142.40 -889.92 0.22 10724.238256
694.63 -114.87 0.23 8167.814611
639.74 231.93 0.24 7195.956346
-808.18 -361.47 0.22 5712.601078
-381.63 111.82 0.21 7097.036732
-532.07 699.85 0.25 10647.499385
571.77 -620.07 0.23 9048.690306
544.59 317.18 0.23 6229.020921
-901.98 -338.61 0.24 6180.835580
-503.46 -330.41 0.24 9881.956741
-462.49 -606.17 0.24 9344.392399
-300.17 337.88 0.20 5714.800507
727.13 337.38 0.23 9593.485604
330.87 345.68 0.21 9287.130959
399.72 -909.29 0.23 5226.456173
93.59 -280.18 0.24 5960.458053
-655.26 717.97 0.23 7132.321913
0.11 287.55 0.23 10397.991231
-356.15 852.27 0.25 9389.134736
88.08 -847.49 0.24 8157.046542
-15.89 -84.42 0.22 5616.059549
-351.83 -347.25 0.24 8605.419361
-624.90 -51.91 0.23 9394.271590
103.87 -381.01 0.24 7877.809500
-367.51 -271.82 0.20 6748.806358
218.49 437.98 0.23 9790.974902
446.89 -686.79 0.23 7206.408546
-12.07 -837.98 0.22 8493.543019
803.12 -199.55 0.22 5898.769056
62.93 -145.66 0.24 6514.504849
118.50 786.16 0.23 5082.389196
-491.52 205.40 0.22 9439.174679
-676.83 -486.39 0.20 5430.924511
91.93 651.56 0.23 9099.074089
-538.31 -803.56 0.24 6602.236249
-438.54 91.92 0.22 5560.699382
-448.22 -38.22 0.23 9013.715642
-716.50 -273.75 0.21 5327.356242
755.95 241.09 0.21 7229.761116
212.36 326.44 0.21 5169.612318
