0 0
-739.41 46.24 0.11 6365.611918
-765.67 347.12 0.08 9375.642632
218.11 646.92 0.11 9229.381774
-293.41 -143.56 0.06 7901.612012
774.01 193.71 0.06 9003.756977
-58.48 -476.02 0.05 5788.692940
367.34 -523.78 0.13 7514.218187
-435.19 -799.88 0.14 6842.926119
-341.06 423.48 0.11 5725.632058
176.94 664.13 0.10 5762.328867
-457.64 279.50 0.06 10185.157948
-358.51 -767.45 0.13 8948.536846
424.04 -371.27 0.08 5096.531991
-544.94 358.96 0.12 9095.856721
459.17 479.51 0.12 7610.036535
-196.09 -77.74 0.09 10665.130245
-989.18 -130.61 0.14 5761.462346
391.43 -65.41 0.07 9182.746858
10.95 -122.28 0.07 10053.463597
155.25 -429.55 0.07 8668.609344
-26.11 -968.73 0.06 9317.000178
-154.27 220.03 0.09 9477.775095
-514.97 281.70 0.07 8657.163128
211.16 672.29 0.06 5113.032335
-344.13 -67.35 0.06 9641.878982
-56.84 690.88 0.10 6898.145730
961.00 267.86 0.09 10595.244507
282.71 -381.71 0.15 8313.457455
-633.39 514.30 0.09 9714.415634
269.06 428.07 0.10 7396.334032
-313.23 -139.02 0.10 8527.419166
-493.42 -597.40 0.12 10041.509894
164.45 -591.64 0.11 6460.579754
-308.04 -9.05 0.14 6385.621532
80.72 754.90 0.15 9328.431755
556.50 -586.24 0.15 5235.292457
-623.30 -201.74 0.10 8041.608485
-575.17 636.15 0.13 7685.065898
353.85 -686.15 0.14 7571.301259
394.56 -266.87 0.07 5194.174658
-115.57 -823.20 0.06 9166.735951
-9.86 325.03 0.14 7137.664156
-475.22 232.88 0.07 8751.321987
-395.06 273.61 0.13 9620.712535
-600.54 -517.17 0.07 6421.061862
530.48 -603.25 0.12 8123.631838
360.82 44.25 0.11 7901.089151
-799.00 -285.23 0.07 10252.299277
-451.13 109.31 0.14 6867.140854
656.54 426.16 0.11 5400.693333
350.00 68.76 0.06 9236.112949
883.05 -123.61 0.09 9119.906761
-205.66 -203.64 0.13 5052.603215
142.06 862.56 0.14 5442.812204
-537.93 -354.97 0.11 8272.672572
-45.47 -217.23 0.06 9201.562084
-596.59 772.57 0.08 5386.595309
240.03 -566.87 0.13 8136.340460
-425.69 883.52 0.13 5211.974614
48.67 434.82 0.07 8234.625714
-136.74 -399.34 0.10 10112.589893
-89.37 229.03 0.13 10004.210458
426.07 -634.06 0.10 8326.290099
-514.42 -683.60 0.15 7377.754123
-530.31 327.81 0.07 10198.436338
-585.61 -304.53 0.14 8637.856101
-660.55 -457.67 0.10 6308.852959
-737.48 -471.48 0.14 10684.347848
32.82 -967.31 0.07 6562.293290
100.31 -892.88 0.10 8177.245495
204.50 167.05 0.07 5092.754672
-607.95 582.17 0.13 5798.282275
-577.48 531.75 0.12 6090.248653
268.81 802.35 0.10 7876.078573
-94.17 576.81 0.08 5801.922197
257.32 -66.01 0.07 5716.557835
-680.45 118.60 0.09 8311.601869
940.91 -31.96 0.10 6245.514525
-102.29 277.16 0.08 6222.702242
-195.27 429.42 0.08 10313.355940
-206.75 -90.09 0.14 9343.643444
-235.32 -607.58 0.09 6709.927672
757.22 149.42 0.15 8320.810071
188.65 640.17 0.13 5542.219488
541.59 296.59 0.14 10023.425594
-834.44 -477.41 0.14 6238.802299
343.62 -824.17 0.10 6231.640836
582.33 -464.53 0.08 6762.535933
-263.27 -263.05 0.11 5109.695387
125.10 92.34 0.15 8693.542863
-364.96 151.81 0.12 5127.331604
-510.67 -768.34 0.10 7346.383717
-334.15 -918.32 0.12 8152.619896
225.31 -498.30 0.14 6837.283050
49.27 -371.00 0.14 7077.931962
-89.14 848.52 0.08 6314.954433
126.89 281.54 0.10 7489.988036
-67.23 216.42 0.14 10243.342157
-12.15 564.45 0.11 9763.653974
424.17 510.02 0.09 7426.753139
-357.46 769.85 0.12 5702.155013
477.03 29.23 0.09 6261.403952
-104.47 -512.01 0.06 8217.932968
-751.43 515.24 0.14 9274.188933
-697.08 176.16 0.15 10216.319926
18.44 97.48 0.14 9962.154944
-525.80 -349.54 0.08 6872.301373
66.30 974.81 0.13 10518.572407
850.76 -53.75 0.11 8845.182838
60.60 -100.39 0.14 7473.439907
-148.63 -387.62 0.13 6162.606037
304.49 678.52 0.09 5012.061615
723.51 -606.35 0.09 8470.042042
872.42 -157.97 0.14 9790.795611
49.63 -890.27 0.07 8360.761345
861.33 414.73 0.05 9606.354825
142.79 651.15 0.07 7978.344887
716.91 -386.65 0.15 10718.541658
-365.33 -507.10 0.06 5584.146980
46.93 -923.35 0.15 7560.341203
-304.90 75.55 0.09 5723.960348
251.99 -25.40 0.10 6903.295608
-411.51 -438.36 0.15 5120.796187
755.25 -48.23 0.15 5092.359032
-269.69 110.93 0.05 5389.412482
-773.76 -516.76 0.13 5336.930316
608.45 498.52 0.09 9860.142513
157.75 -749.84 0.09 7013.719190
724.43 236.60 0.14 9320.849933
-823.70 131.52 0.14 6988.918551
914.75 16.80 0.06 5620.068253
875.23 454.83 0.07 7153.628660
183.51 -127.02 0.08 9184.149194
-238.78 -250.93 0.05 10084.047608
861.83 462.84 0.10 10475.951675
573.37 118.30 0.07 7331.273561
657.26 106.77 0.08 9165.666586
-883.73 -292.04 0.08 7947.044185
-59.20 573.17 0.12 8101.071418
-360.73 912.85 0.08 5593.049369
-882.80 154.48 0.08 9823.708577
879.63 -63.75 0.07 8737.290063
778.43 -92.12 0.08 8223.094121
-475.02 738.72 0.07 5492.822761
-407.56 -667.18 0.10 8864.952842
7.37 149.59 0.05 7187.640942
-94.71 -388.02 0.11 8726.785215
-59.44 715.21 0.06 10665.698054
271.84 788.19 0.08 9272.616654
-748.71 384.85 0.06 9586.539537
5.57 422.79 0.05 9976.502136
-703.14 -303.29 0.06 8765.470259
-310.05 -345.78 0.14 8597.144575
467.85 -449.05 0.15 9407.242068
720.86 216.40 0.10 9715.121803
-633.68 128.38 0.09 10648.773584
14.84 350.52 0.08 7041.529293
-13.36 -564.93 0.12 5615.609221
-972.37 113.04 0.12 9286.049903
780.58 -424.66 0.14 8354.719725
-350.28 -101.41 0.08 5217.572936
-89.70 485.77 0.14 10477.958808
-739.15 -394.93 0.08 6322.650074
526.23 780.67 0.07 8197.417319
-310.87 742.76 0.08 8704.484316
-696.25 573.31 0.09 6099.156258
-493.19 737.19 0.10 8699.190330
58.51 -802.24 0.14 10457.035618
512.95 653.26 0.07 5809.004961
963.92 -242.72 0.09 5252.698178
520.30 -798.20 0.14 8301.782972
-564.08 -110.00 0.15 8402.399306
-26.41 998.79 0.11 7687.849291
52.62 359.61 0.09 7678.184171
264.74 904.30 0.09 10313.439701
-534.89 646.63 0.06 6630.919427
-353.77 -430.25 0.14 8086.906121
-481.31 726.66 0.12 6298.194494
-341.80 232.35 0.11 8514.128137
397.54 -591.25 0.07 5730.237422
596.94 489.95 0.10 6508.402384
-142.94 361.44 0.06 8479.687403
228.78 -54.57 0.10 9950.076233
-646.66 42.11 0.07 9076.378391
-710.58 159.57 0.09 6517.539870
101.18 -419.10 0.07 9433.158009
-271.86 203.55 0.09 8573.547153
968.06 -195.09 0.14 5511.182220
-298.60 -488.66 0.12 9076.179933
69.75 -551.32 0.09 9112.316581
539.99 -795.81 0.11 6601.712944
-773.18 160.89 0.08 5639.297324
257.04 -196.36 0.06 9001.194516
-86.97 883.61 0.05 10625.092006
202.26 -369.63 0.12 8892.792589
391.38 -228.50 0.07 7583.823053
-74.43 988.06 0.11 7869.867337
-162.32 -204.79 0.12 6005.427516
109.34 -927.63 0.11 7030.574158
-166.57 509.07 0.14 7870.362586
-239.28 -947.85 0.05 5399.353521
-424.06 -178.78 0.12 6254.913690
-331.24 708.86 0.14 10405.769138
-93.87 -389.33 0.10 7279.588729
-21.75 -963.00 0.08 10180.203663
-920.97 17.03 0.12 8728.740237
-101.82 797.49 0.14 6284.119338
486.88 372.80 0.12 8095.194078
-73.08 306.39 0.10 8999.020268
-663.33 -561.41 0.11 10272.815852
61.45 887.88 0.08 6151.754023
-425.03 -356.51 0.09 6638.637300
283.06 252.10 0.06 5818.800206
283.77 134.57 0.05 5545.000023
434.26 -779.54 0.12 10574.211117
619.98 593.03 0.07 10485.595190
-166.36 -238.37 0.07 7447.908177
-704.02 513.60 0.07 8422.393545
-260.96 507.48 0.14 9340.066253
229.14 827.43 0.12 8891.235044
-925.79 -115.19 0.11 8077.079228
-175.23 -801.14 0.11 9535.508056
-794.09 151.84 0.14 10075.555084
-34.17 -722.63 0.07 6954.217797
824.06 194.96 0.14 8552.506179
-997.17 41.51 0.12 6100.035897
92.58 827.31 0.11 8893.265515
283.95 359.10 0.07 10136.602672
851.26 -265.08 0.07 7659.654671
-612.41 -310.47 0.08 8172.370103
-52.48 910.94 0.07 7714.624178
888.65 228.52 0.11 9185.753549
-297.69 381.22 0.13 8584.694073
-486.19 -502.58 0.08 10733.956944
353.65 623.10 0.14 8929.249601
-309.50 79.81 0.11 5117.725304
-160.75 -198.08 0.13 5119.535977
-490.11 797.00 0.08 9193.167444
-182.67 61.91 0.14 9104.767203
-728.49 136.71 0.15 8935.582232
-730.16 266.80 0.14 5199.549481
259.32 -227.46 0.06 9147.742461
-79.05 -797.14 0.10 8634.657894
411.50 290.51 0.09 6313.790316
514.34 371.24 0.07 6072.379781
413.87 -620.85 0.11 8534.083117
242.26 520.82 0.07 5769.301493
-6.75 723.77 0.15 7446.544149
-254.37 531.64 0.07 9930.198298
-58.23 686.51 0.09 5230.522979
-853.61 401.13 0.08 9764.628370
631.21 435.07 0.10 9107.444485
-938.54 -65.03 0.13 7545.344492
126.94 -824.53 0.13 5790.336307
-876.87 178.74 0.11 7013.130378
616.34 -759.64 0.08 5737.394626
578.16 782.46 0.11 9493.075025
898.66 27.59 0.07 5111.584657
-96.70 70.16 0.07 8685.634675
355.34 762.60 0.05 7069.048204
424.88 -51.60 0.05 8499.884124
372.57 191.46 0.06 6598.546921
-623.60 301.80 0.06 9255.100057
153.68 959.50 0.07 10510.094785
-157.20 -274.09 0.14 10144.587197
519.31 27.01 0.15 10590.712468
640.10 -526.11 0.06 8263.554861
-225.78 -676.07 0.11 8081.545707
728.16 -528.18 0.10 6480.116736
-778.82 -29.35 0.14 5557.243931
-258.10 -809.56 0.13 7846.677855
-538.93 519.27 0.13 8503.339153
589.44 -623.17 0.12 8602.971639
-384.53 -908.19 0.10 9177.057613
-549.32 493.95 0.09 7706.269171
893.79 -127.34 0.05 6442.839987
847.62 350.08 0.13 9832.891101
-35.74 18.50 0.09 10726.556636
-23.28 195.06 0.09 10394.313723
138.15 312.49 0.06 8591.405500
114.53 191.71 0.14 5794.117734
212.05 821.48 0.14 10660.327372
-304.46 -44.48 0.11 7784.406491
244.79 845.30 0.12 10130.985658
269.03 -132.44 0.09 5022.226186
86.31 402.67 0.12 5094.406945
606.77 -710.39 0.09 8838.692989
-609.99 272.64 0.14 7678.437157
555.16 324.35 0.12 7646.884881
719.48 121.04 0.08 6295.797987
-414.66 162.43 0.06 8824.585502
-276.50 231.21 0.09 8698.413242
-487.10 302.65 0.14 8495.653453
-629.01 -469.93 0.14 6106.561064
-488.01 -137.19 0.11 5827.154373
-580.39 -513.46 0.10 5453.361635
447.93 -584.92 0.12 5790.530200
336.90 723.39 0.08 9866.324196
523.82 135.72 0.13 8094.032794
-114.42 -540.88 0.08 9954.135549
-501.63 -125.64 0.07 8377.833050
-473.72 461.83 0.08 8455.529535
-240.36 -631.96 0.10 6316.124946
766.69 215.04 0.06 8169.753628
231.67 597.77 0.07 8345.416845
196.62 415.50 0.12 5972.803018
-452.31 -116.48 0.06 5674.385470
747.88 234.74 0.09 5265.749196
498.01 774.84 0.07 5981.972446
-383.91 -369.26 0.08 10082.227556
142.27 -543.78 0.12 7234.817196
-831.91 -461.56 0.08 6898.431123
-494.80 -308.97 0.10 6524.789346
-20.39 623.38 0.13 6056.587981
-744.59 -274.82 0.10 8736.483705
-536.35 480.05 0.09 7606.026868
-632.49 -536.22 0.12 6935.975106
315.94 267.19 0.12 8182.923865
539.39 -637.99 0.12 5304.975755
-278.44 -521.94 0.06 10240.905675
269.71 305.19 0.07 6920.798856
212.63 -461.60 0.11 6110.503989
-441.78 217.18 0.10 9105.278805
-823.14 -295.73 0.09 9324.121127
633.71 354.64 0.05 8876.398018
489.98 -22.85 0.07 6211.471261
-138.30 -795.24 0.12 9464.809074
-791.49 -40.68 0.08 10169.020662
-204.89 -1.10 0.06 8116.690173
-335.38 450.90 0.14 6220.658530
167.02 -919.04 0.08 5644.937481
161.06 501.78 0.12 7389.486903
-313.08 229.06 0.12 7876.831904
86.12 -11.77 0.09 7596.729821
-281.06 -315.95 0.12 6323.178980
-28.22 443.98 0.15 9512.630176
-404.39 901.64 0.14 6275.808777
654.11 -177.12 0.11 7592.919156
691.07 359.35 0.08 7144.903801
-451.50 -788.74 0.06 10048.411015
689.87 243.83 0.08 5489.184562
-570.89 141.30 0.11 7270.436373
-806.09 -280.52 0.11 9445.180977
-487.21 -277.88 0.11 8458.601203
-269.29 -544.56 0.08 7100.615400
-958.14 270.65 0.15 6114.666144
869.28 459.46 0.07 5016.976688
296.28 -182.70 0.07 5146.510211
-206.32 513.20 0.15 9095.874989
-743.45 -41.43 0.14 8012.089682
190.27 411.61 0.11 7318.504031
718.68 199.44 0.14 5572.913576
-140.19 -183.88 0.14 8119.585546
-333.73 458.82 0.10 5983.638054
-183.06 548.56 0.12 8263.895484
714.81 -405.91 0.09 8752.909348
-453.39 378.08 0.10 6183.740357
-752.34 -436.30 0.06 8234.989483
-714.55 472.49 0.11 7569.745447
684.23 -694.06 0.05 6848.822025
-747.70 222.62 0.10 9046.761385
-212.30 117.30 0.10 9452.363840
-771.95 340.30 0.05 6337.546922
-524.32 -98.74 0.12 5896.319905
-343.05 233.27 0.08 10398.613420
-191.61 -174.32 0.11 6028.925861
365.91 -728.92 0.12 7335.151357
798.69 -451.99 0.08 10485.402880
122.76 113.48 0.14 6390.723363
-733.86 -409.39 0.15 5486.741492
931.10 -95.80 0.13 6225.866762
-647.34 438.04 0.08 6634.097464
622.95 -486.65 0.11 6005.848203
-869.69 386.11 0.11 7550.858932
-271.75 -930.89 0.09 9449.294925
-680.07 -441.64 0.14 5703.106995
476.74 177.72 0.06 6785.674067
216.27 -29.96 0.06 7508.993112
-2.40 383.36 0.10 7565.840237
-225.66 526.10 0.14 8013.433811
-24.36 167.50 0.10 9813.347549
-346.71 810.13 0.11 9893.502812
184.83 165.11 0.05 7265.108090
-247.39 693.55 0.10 5161.154726
99.00 -166.45 0.08 8394.664838
-827.34 -413.70 0.08 6390.477605
-289.47 438.82 0.06 10718.169947
-827.58 263.99 0.09 5291.492354
381.54 820.39 0.07 9824.118015
101.56 -161.36 0.10 8790.825045
149.31 -547.25 0.09 5633.719884
345.66 -362.20 0.12 10164.216722
-507.42 -767.00 0.12 9305.805128
-429.98 -329.61 0.13 9840.143765
585.11 557.09 0.13 8558.183738
303.76 212.82 0.06 6887.350215
462.00 -739.38 0.08 6137.895641
-42.18 565.53 0.14 10657.858311
223.68 232.15 0.06 8521.831410
10.44 604.38 0.06 9353.912140
534.42 -781.89 0.07 6398.794998
-378.65 -150.92 0.05 8612.190695
-597.77 332.89 0.07 6791.272367
390.80 -695.76 0.15 6226.335755
-374.90 690.87 0.12 6525.564826
-311.44 549.26 0.08 8263.350795
328.26 588.70 0.09 8470.693417
752.39 431.82 0.11 8819.744410
551.57 473.05 0.09 10681.166920
-137.99 919.92 0.07 6635.961695
-56.44 565.51 0.12 6423.864125
943.57 109.54 0.11 6032.286907
352.91 -291.94 0.12 5632.101280
-152.62 -761.78 0.14 6503.530747
368.88 -354.56 0.05 5952.533916
-356.41 443.16 0.14 8958.207166
671.90 202.06 0.09 10181.943459
-126.08 32.71 0.13 8380.347003
-127.59 180.90 0.14 5898.959785
883.69 17.36 0.12 6525.157164
493.08 133.68 0.09 6595.292820
633.43 640.51 0.09 6142.840300
-734.25 -52.22 0.07 9099.909871
-419.59 -440.65 0.14 9344.585091
580.60 222.09 0.15 5106.748158
499.28 -350.26 0.11 5357.777159
367.75 -563.79 0.09 6702.424770
-509.19 199.85 0.07 7296.606710
274.46 -88.06 0.09 5576.044823
-730.34 -582.65 0.13 5954.520727
-281.41 148.90 0.08 9834.749816
509.99 329.20 0.11 9816.099092
692.79 678.90 0.10 6672.547659
843.01 297.86 0.07 7768.874899
411.84 -423.17 0.07 8849.578914
899.29 262.32 0.09 7704.560231
-855.07 64.93 0.09 5639.395838
-178.00 -102.16 0.09 9821.490505
-540.17 -423.41 0.12 6856.195257
715.66 -181.43 0.12 7583.635682
255.40 -465.98 0.10 6983.931857
140.29 -548.73 0.09 6909.023216
-142.11 -42.61 0.06 7949.527000
597.08 -332.73 0.05 5136.576379
-112.26 215.28 0.12 10526.574433
639.55 -343.11 0.10 8177.638807
330.11 -526.45 0.07 8137.420696
43.46 -685.90 0.12 10553.727358
884.11 -424.96 0.15 6728.930516
510.03 -308.94 0.05 9570.935141
198.00 671.34 0.06 6174.680540
-286.12 -231.24 0.06 8965.108540
-93.50 -421.56 0.05 5328.398296
458.03 -3.95 0.15 8703.030348
-491.66 97.84 0.09 6537.249487
-380.41 39.39 0.08 9017.050489
714.61 53.19 0.08 8391.603095
-40.64 41.19 0.12 6943.543158
-554.94 -241.89 0.07 6173.915052
52.37 335.02 0.07 9448.861478
74.72 -292.03 0.10 7187.735277
-378.37 107.00 0.13 5142.667558
-74.20 -419.68 0.09 7461.515065
942.23 4.48 0.12 8018.941297
594.92 -703.55 0.10 7042.541588
-456.71 384.41 0.11 6910.296353
332.93 265.99 0.13 5898.221834
-460.58 122.43 0.15 7378.052161
395.25 -286.91 0.14 8847.271863
-352.34 934.39 0.13 7818.283402
-528.16 -766.18 0.13 10251.370942
-239.14 -210.57 0.05 8515.079611
141.34 -163.12 0.06 5238.054968
-215.18 745.37 0.06 8153.595912
-198.38 -526.10 0.09 7747.149906
503.25 -374.03 0.12 7664.978620
-954.72 295.53 0.11 6033.344120
-730.02 497.29 0.13 7988.173799
333.43 -697.19 0.13 9019.406660
79.67 994.25 0.13 6173.758701
-621.25 -651.40 0.10 9775.274546
92.24 -549.76 0.12 10608.482169
715.15 356.18 0.09 5027.290155
262.26 -866.55 0.08 6015.822855
-2.78 937.56 0.14 10722.411005
-501.39 850.54 0.06 9923.000843
-683.16 450.10 0.08 7820.251153
-23.17 240.04 0.12 5029.039456
711.79 80.83 0.08 7341.322172
740.94 512.64 0.06 6448.192880
787.36 431.78 0.09 10429.129381
971.69 49.93 0.07 8261.922127
-828.24 238.29 0.10 7087.626021
-65.66 -416.33 0.13 10720.167709
-4.79 -783.94 0.10 6032.492658
769.24 -637.36 0.11 9298.353519
-26.85 939.23 0.10 5312.476824
-721.48 -41.64 0.06 5355.390181
228.59 -750.96 0.14 5133.343907
103.05 489.38 0.11 10230.907530
50.33 -171.51 0.14 10758.761059
530.16 532.62 0.14 7267.682687
125.53 229.41 0.12 10696.090848
-671.91 304.40 0.12 7076.114279
-255.68 159.22 0.12 9029.248614
51.99 -390.25 0.13 7812.392398
-568.70 -329.70 0.12 8596.549127
-246.07 837.92 0.09 7583.398961
-17.26 937.73 0.14 6401.876422
167.97 -444.03 0.14 5916.452874
-92.00 -38.41 0.13 9353.713697
63.77 -469.27 0.08 9135.279877
-577.41 -186.99 0.13 8363.708937
-494.96 -532.97 0.10 6780.603058
627.59 183.92 0.09 10552.837525
769.21 437.06 0.14 5801.587045
-527.48 -252.56 0.12 8585.422190
230.31 -27.84 0.13 9806.844406
-353.85 -25.24 0.05 5075.845359
739.35 -200.00 0.14 6412.498288
386.89 769.98 0.10 10314.754538
-190.66 796.02 0.10 10014.535709
779.67 29.28 0.13 6810.990780
-739.01 634.01 0.12 5674.476120
599.46 578.13 0.08 7358.746089
-882.96 -369.47 0.11 10542.387704
-928.71 -65.42 0.14 6938.953347
675.81 179.33 0.07 10471.787211
473.84 455.53 0.11 8206.714819
236.36 -314.31 0.12 8442.183388
-541.22 -663.93 0.08 7366.898381
-796.51 551.56 0.12 8917.304012
698.81 -483.65 0.10 9174.419948
-348.28 -526.13 0.14 6748.174020
-454.95 -338.39 0.06 9206.435219
705.27 -282.23 0.15 10159.156174
477.36 792.31 0.08 9833.191289
-627.25 254.87 0.14 10601.059340
140.77 597.53 0.10 8977.589574
-225.49 796.77 0.09 8774.243971
-349.38 862.37 0.11 7839.363088
-256.85 -370.79 0.09 7011.412120
283.05 426.55 0.08 7233.681279
-52.43 701.69 0.14 9353.826696
174.54 599.77 0.07 6377.825283
426.31 -709.34 0.05 8486.496803
407.33 -420.25 0.07 7176.381798
-165.97 -216.37 0.12 7431.767151
-519.02 -649.34 0.05 7412.710928
-220.21 -108.52 0.09 5118.777099
581.13 610.05 0.12 8010.335820
580.20 720.14 0.12 5949.821555
-420.20 -617.65 0.09 10036.062481
-200.87 -296.98 0.07 8952.659069
-710.61 -5.25 0.08 8660.464382
-858.87 247.06 0.05 8889.392722
262.23 -916.64 0.05 10168.836064
-297.83 344.44 0.07 8964.271444
-649.52 350.48 0.07 10613.071124
-546.99 -193.08 0.08 8538.752053
-600.04 -193.44 0.14 6102.858167
447.85 320.01 0.07 6078.814888
-86.28 -756.36 0.09 10545.390294
-162.63 -810.56 0.09 5954.496783
654.49 43.54 0.11 6016.051668
-103.95 -37.23 0.15 5793.674727
-406.37 766.21 0.08 10274.851694
-844.58 457.27 0.10 5924.566084
-611.81 -703.05 0.09 10190.549359
500.20 -802.50 0.14 5354.997300
591.42 291.43 0.08 7425.862691
-664.86 416.94 0.07 6844.362679
527.04 97.97 0.12 5977.241403
-157.40 539.06 0.15 6701.362999
208.59 429.05 0.07 5988.455959
-99.57 -260.59 0.06 10646.748877
-422.73 9.40 0.06 7981.116022
739.43 251.10 0.06 6301.367843
544.25 75.85 0.07 8405.762605
428.95 11.35 0.07 9042.112366
138.78 -290.07 0.11 5302.996858
-414.23 -259.24 0.11 7031.619297
-335.46 99.87 0.14 9746.133737
534.07 -785.24 0.14 5940.580892
880.21 206.73 0.06 6046.744142
48.42 617.68 0.07 5625.402703
-557.43 -148.66 0.10 8961.265240
-145.64 934.58 0.10 7032.915381
-4.76 -926.15 0.11 6441.807906
255.10 -390.27 0.13 9859.051293
-251.68 915.42 0.10 5257.465467
534.15 -44.94 0.05 7495.559076
136.37 143.69 0.07 7597.907685
593.99 -175.33 0.14 7305.604673
-783.43 434.05 0.13 5553.234267
-480.51 21.20 0.11 6834.651698
-125.37 -456.56 0.11 5967.899022
-587.70 449.00 0.15 8777.940223
-87.80 -475.01 0.08 9474.449942
-303.86 -163.52 0.05 6947.848973
172.99 -394.41 0.09 7306.653390
-640.17 48.08 0.08 6565.200160
391.55 450.55 0.13 7019.260979
-407.35 780.22 0.13 6831.355105
295.24 -923.40 0.11 7817.875711
602.85 169.74 0.13 9603.520754
-344.46 -865.57 0.05 8758.996889
716.09 -281.36 0.10 5575.937150
731.64 -339.17 0.06 6898.827193
686.88 272.23 0.09 9334.354658
228.23 -837.73 0.12 6623.677238
687.77 638.98 0.12 7493.207765
-169.57 36.07 0.14 9533.323718
392.86 -534.97 0.12 7456.058762
411.48 -647.68 0.10 5157.188774
604.88 583.05 0.09 5431.855294
828.27 109.99 0.15 9359.216437
709.09 -258.37 0.12 8670.693761
649.51 -582.38 0.12 8268.673946
295.04 307.64 0.09 5171.247141
374.12 -444.83 0.15 7356.547300
-757.17 392.56 0.05 9639.883893
622.75 153.12 0.13 8308.357189
974.29 -135.94 0.12 5715.814666
-474.09 452.41 0.08 7586.404820
572.50 282.39 0.07 5720.451686
161.42 -218.40 0.14 5575.767974
-240.40 40.76 0.06 7824.440534
347.88 803.47 0.06 6250.508367
-732.86 -133.40 0.06 6623.314463
30.83 307.40 0.13 8019.114984
897.68 67.93 0.12 7896.032735
152.84 -391.35 0.10 5742.130216
-795.89 227.91 0.12 6151.282129
-678.49 -42.69 0.06 10771.453397
-669.14 -229.92 0.11 6668.102217
-246.01 -547.57 0.12 8468.491735
-663.97 -685.48 0.09 6284.275496
120.45 956.60 0.07 7949.541863
-730.56 -291.04 0.08 6059.780778
-699.51 472.88 0.07 5564.646032
163.32 949.59 0.10 5399.920861
-523.21 758.13 0.06 7028.270987
-360.14 136.33 0.15 6141.882101
456.44 69.16 0.11 10599.596273
287.79 -616.37 0.09 5766.321618
542.68 600.65 0.06 6279.291529
235.42 -507.13 0.08 9357.221160
429.28 141.27 0.06 8305.647749
417.87 772.97 0.14 6274.011134
-643.18 310.10 0.08 5703.880679
345.82 832.78 0.12 10005.143842
-550.96 753.79 0.14 9220.065856
242.72 -504.71 0.14 8913.291707
700.92 -554.24 0.14 10362.791992
-40.27 -102.69 0.11 7111.577545
-522.97 325.55 0.13 5912.270404
-103.48 -461.40 0.09 8577.301465
-671.43 -646.09 0.15 9031.254013
-540.64 724.47 0.14 7162.770422
-180.85 -277.66 0.13 10341.989358
799.44 -241.94 0.09 5603.695281
-66.72 -743.60 0.08 10765.688894
434.69 168.22 0.10 5469.290146
-863.53 275.06 0.14 6913.831265
-778.88 -108.80 0.05 9570.543713
109.67 178.06 0.13 10180.392671
575.72 62.99 0.13 9894.107215
39.86 49.58 0.05 6303.821477
106.28 -298.71 0.12 10178.670937
776.05 -390.74 0.13 8740.542494
-78.42 -371.48 0.09 8309.928234
-998.57 16.20 0.15 9139.793947
483.65 -397.25 0.09 7330.970418
-137.49 -477.33 0.11 7787.470801
-460.87 -527.13 0.14 9456.122974
-198.86 -680.60 0.14 6463.530222
763.00 600.85 0.10 7867.090322
-98.46 286.95 0.07 9858.221151
63.67 -357.20 0.15 8520.767429
415.80 -398.81 0.13 5945.018552
-518.17 -530.86 0.05 9092.812541
503.66 347.14 0.09 10708.075671
-530.24 -284.02 0.09 10416.320816
690.10 237.27 0.09 6851.203644
516.98 75.38 0.10 7643.063241
797.64 -99.87 0.06 5073.695902
486.28 799.86 0.07 8387.561871
-136.58 -607.51 0.15 6695.058725
475.29 -481.03 0.10 6224.584586
247.25 -238.72 0.15 6205.418749
-311.93 163.31 0.05 5983.319220
-849.42 494.11 0.09 9574.705614
662.27 373.43 0.08 10735.983903
-208.15 613.08 0.05 9583.051525
494.13 -764.86 0.06 5659.069671
773.33 573.79 0.12 7762.248172
-48.88 206.58 0.14 8497.183540
723.99 -415.11 0.13 6673.192834
-190.30 510.19 0.14 6370.531258
394.55 -123.37 0.15 7996.069428
501.10 458.68 0.10 8139.677314
-589.81 240.32 0.07 9135.863029
-77.42 411.13 0.12 6250.101742
378.00 -131.06 0.06 9160.652415
874.88 -247.81 0.09 6489.604049
28.94 320.53 0.14 10746.640943
658.93 -312.94 0.15 9094.246512
424.83 435.06 0.10 8210.193511
-742.62 -203.65 0.08 10108.975341
499.19 -36.68 0.12 8537.046768
-518.06 381.23 0.06 10515.185143
297.99 -661.76 0.14 5127.234786
-230.39 831.50 0.11 5913.993471
43.32 438.33 0.13 8419.474133
-641.21 -621.59 0.05 5663.483654
793.19 -129.40 0.13 8129.322117
-702.86 665.48 0.11 6885.717136
208.44 536.83 0.14 6414.972940
-57.79 830.21 0.11 7699.582887
-675.82 590.93 0.14 6589.808462
297.15 -702.06 0.14 10311.919813
340.35 734.53 0.13 7567.893770
-21.55 969.79 0.12 9906.344685
-67.56 -618.62 0.08 6278.964723
419.50 -250.23 0.12 8193.361889
236.33 -403.96 0.06 8228.162013
-515.80 759.68 0.13 5582.169963
-198.60 869.57 0.14 8049.020774
106.43 159.28 0.08 5707.912539
333.13 605.16 0.10 9124.517979
-782.91 272.63 0.14 9221.043366
198.82 211.06 0.07 6920.339792
-47.93 -400.01 0.07 6740.783328
131.22 624.48 0.14 8138.161733
-649.88 -468.45 0.14 6276.063803
-178.31 818.41 0.14 7189.009788
-153.60 650.82 0.10 8267.779200
497.24 -641.69 0.09 9319.987285
172.07 2.85 0.15 5058.138875
142.44 471.40 0.11 7607.620861
-785.10 -142.34 0.13 10300.320340
-296.25 316.11 0.14 6937.708576
821.38 -184.07 0.09 10073.254508
87.50 944.45 0.14 7604.184994
-441.62 169.25 0.12 6064.007935
-278.54 -530.37 0.06 8768.924073
302.64 13.82 0.08 9280.297260
192.24 -65.82 0.10 7072.865595
544.71 -103.79 0.14 8371.568436
209.23 107.25 0.08 9830.085820
-834.90 55.60 0.10 6950.221386
761.64 -435.84 0.10 5596.374538
241.01 -720.23 0.12 7883.919406
53.50 -529.12 0.14 8473.258364
-58.38 553.04 0.11 10338.435281
580.98 -622.24 0.10 7290.988770
514.42 708.07 0.11 6163.248659
-131.79 758.69 0.09 5113.357195
903.46 -19.37 0.10 7779.921029
745.00 411.77 0.10 10451.583010
79.00 569.07 0.13 7536.817826
-199.48 -98.04 0.11 8227.506386
-856.58 -448.35 0.06 6255.802180
-726.56 -132.82 0.09 7152.851121
-847.01 -491.81 0.13 7538.425906
219.65 542.87 0.13 7541.658415
68.06 -57.34 0.05 8152.684468
-246.94 -578.67 0.09 6250.894866
-299.49 -107.13 0.11 5674.599705
-43.03 -37.38 0.15 6604.474913
-945.84 -323.72 0.06 10026.613027
804.23 205.17 0.11 7444.922575
158.95 -98.51 0.14 7835.596580
-429.63 -268.14 0.12 9362.714989
-892.70 245.71 0.13 8628.969288
453.22 308.35 0.12 7793.161045
-127.78 -337.21 0.11 10116.436356
-239.05 196.80 0.15 8993.169511
557.04 -217.39 0.07 5322.661262
-481.39 401.39 0.07 9266.356705
796.43 518.00 0.05 9294.087485
794.09 -391.08 0.05 9571.466337
636.29 545.71 0.08 9902.150942
-469.50 578.66 0.11 7028.448928
609.64 -598.28 0.08 5923.037063
-50.73 -116.31 0.14 8010.772269
567.86 -59.25 0.14 10317.735829
-348.34 -567.76 0.11 8399.340517
-146.38 24.54 0.07 5843.790290
-89.95 -902.66 0.15 8907.727005
283.27 47.87 0.12 5640.519251
122.25 -297.13 0.08 9906.770244
-254.11 849.64 0.15 5047.395536
-222.59 512.63 0.09 9428.767526
957.05 208.11 0.13 7896.727395
539.75 -3.74 0.11 6929.005438
-552.49 291.22 0.13 9497.964870
135.91 -91.04 0.06 7012.311814
-702.92 594.36 0.14 6691.169386
-268.72 -755.13 0.06 9906.524805
-358.08 219.56 0.10 5034.571998
-262.88 -493.46 0.12 8214.354487
-223.54 -2.26 0.08 10017.932227
-560.30 606.07 0.10 8728.603822
-176.84 -455.67 0.10 5112.455810
-66.12 -476.20 0.06 8948.903268
311.54 -678.76 0.11 7058.459302
19.22 -652.41 0.06 9783.277130
542.59 286.80 0.07 8160.194580
93.45 15.68 0.14 5969.132722
66.07 -383.69 0.10 7668.150434
112.57 894.26 0.05 8927.862238
-343.02 227.53 0.05 10366.937963
449.54 -309.08 0.06 5204.948905
233.71 601.92 0.14 9465.163688
597.71 -52.83 0.10 6902.814829
-884.64 -303.19 0.08 9416.842909
313.34 503.67 0.14 7709.472393
-324.73 478.93 0.13 6594.558380
-740.77 96.42 0.05 8031.228399
379.11 356.90 0.10 9931.668653
833.91 -139.72 0.13 9595.668108
-460.83 130.77 0.10 9703.826342
746.96 239.09 0.10 6728.639580
453.40 447.44 0.13 5777.720621
204.79 555.26 0.10 6776.402874
54.01 -99.60 0.09 7228.169180
-121.90 371.65 0.11 9876.573686
183.89 -52.03 0.12 8811.681477
-327.54 178.98 0.06 5225.346468
-118.57 -795.89 0.09 5059.147430
-97.72 617.52 0.06 8447.862769
764.66 -542.57 0.14 8360.532986
33.52 205.37 0.12 5491.996686
-888.53 90.73 0.09 7403.900489
285.96 645.98 0.11 8912.079736
-222.42 504.79 0.08 8688.431021
74.15 -746.68 0.07 8605.249303
235.74 953.55 0.11 5955.185194
459.93 326.91 0.12 5560.630717
-438.03 -127.83 0.14 5345.907168
730.62 141.76 0.14 9225.906898
-884.97 -359.13 0.08 9946.082216
-507.02 396.60 0.05 9375.510743
-574.55 107.00 0.10 8721.059854
-912.45 -153.30 0.06 7666.304080
-681.98 -656.59 0.09 6438.184877
331.15 -582.40 0.08 9027.651394
98.73 -734.31 0.12 7535.418271
778.79 411.15 0.09 7164.355642
474.38 677.10 0.06 10548.546449
-474.06 -51.41 0.07 10046.659973
544.26 596.08 0.12 10743.473086
137.51 -793.73 0.12 8325.027522
983.39 134.54 0.15 9910.637424
846.86 -0.76 0.14 6842.222232
-630.92 401.13 0.07 8231.967929
121.55 -815.12 0.10 8668.597377
-531.00 450.93 0.11 7182.578927
20.23 931.35 0.10 8913.228541
-144.32 -475.48 0.12 10461.496721
519.62 494.14 0.09 5234.485899
-480.05 490.80 0.11 5703.391505
-679.20 -523.68 0.09 5321.607518
-347.44 839.37 0.08 10536.542849
438.50 594.68 0.08 5926.999707
-513.60 391.88 0.09 6217.578994
623.79 -290.68 0.11 8729.434224
236.79 -150.82 0.08 6927.729355
-287.16 -100.13 0.12 8880.589805
-944.39 -202.16 0.13 10567.402859
474.86 183.30 0.06 8941.358097
-167.64 -527.95 0.14 6777.697685
-974.58 10.89 0.09 5713.903895
-811.75 225.26 0.09 5670.670978
-770.00 -230.39 0.10 10151.100991
630.78 193.54 0.06 8205.472111
603.78 353.75 0.13 8966.927222
-453.94 45.62 0.07 10330.576072
712.58 672.79 0.10 5950.140419
-92.19 -915.68 0.05 10077.620215
537.40 549.91 0.06 8852.447631
356.22 -649.09 0.08 9475.177467
-207.96 663.21 0.15 8195.947083
-235.53 -323.58 0.13 8148.266279
964.44 -200.87 0.10 9361.502799
-487.77 654.34 0.05 8701.148818
287.46 -368.86 0.08 7768.717354
-626.57 -166.00 0.11 10297.238431
426.25 879.04 0.06 7312.837086
591.72 19.53 0.08 7597.150544
-171.57 332.24 0.07 8802.387977
-473.34 816.55 0.09 8462.312426
326.66 469.56 0.08 6584.323479
-226.04 -699.13 0.14 6793.190142
-431.42 -622.79 0.06 6601.340836
798.09 481.86 0.08 10425.702397
116.87 385.55 0.10 6631.627366
427.99 819.10 0.13 6738.222579
-443.71 -795.87 0.19 5070.395010
-281.97 -698.13 0.15 6014.571831
-541.23 686.51 0.18 8434.672769
-531.58 -254.06 0.18 10160.915206
-149.93 -249.99 0.15 7236.504400
-30.77 283.10 0.18 6382.745112
109.91 466.76 0.17 10199.939235
742.00 -357.23 0.17 10639.208831
-419.07 92.64 0.15 7907.209982
-513.79 289.17 0.17 8657.695277
112.52 567.17 0.15 10004.671762
-418.42 -711.52 0.17 7778.287895
836.92 -318.76 0.15 5231.758251
-806.27 -370.84 0.15 9348.580856
353.61 330.18 0.18 6715.118693
701.99 -494.21 0.20 5773.376845
784.17 69.53 0.18 7194.545120
-427.82 813.89 0.16 5238.731424
-812.10 -487.37 0.19 5753.601175
368.30 696.75 0.20 8084.808060
-715.00 555.35 0.18 9069.797592
-504.95 555.54 0.19 5208.305588
497.21 -838.76 0.18 9619.918864
-596.02 -380.90 0.19 5785.401918
805.56 -581.79 0.18 8152.544733
13.04 -977.86 0.18 6846.149843
833.94 -391.81 0.20 9132.292001
-304.80 324.38 0.20 6749.741085
219.55 784.78 0.19 6865.933527
-272.11 -49.00 0.17 5391.385706
-420.57 -275.49 0.16 8559.515087
-216.37 483.17 0.18 6243.090806
-644.98 -100.06 0.16 7657.440487
224.04 727.08 0.17 9544.034544
213.37 43.53 0.20 5921.138761
378.44 596.40 0.18 6792.836959
806.70 -173.81 0.17 5601.475621
-20.68 -987.79 0.18 9867.042404
-869.48 115.28 0.18 7710.342465
-584.30 662.61 0.16 10494.959013
-679.50 228.59 0.15 10664.770677
182.58 -936.72 0.18 6425.404975
865.79 -409.01 0.17 7128.529162
886.74 -9.24 0.18 8392.468307
709.23 -71.85 0.18 6127.136540
418.14 753.85 0.16 8181.990764
-292.69 521.55 0.19 9311.566157
-27.00 641.94 0.15 5350.041040
-480.56 -252.10 0.17 7842.251178
-472.64 673.63 0.16 6156.914792
119.07 -508.04 0.19 7444.494027
-307.82 -92.11 0.16 7196.159387
328.38 -129.15 0.18 7970.680586
336.45 -304.97 0.20 7944.047160
-221.39 82.63 0.17 6385.605143
-799.93 26.47 0.16 7502.258143
-45.01 55.93 0.16 9898.460877
-582.85 -88.85 0.18 8912.847684
-593.02 -571.45 0.19 9187.977894
58.27 697.72 0.15 6469.212805
519.48 -490.21 0.18 6028.574878
392.10 157.93 0.19 7084.205813
703.10 -555.83 0.19 10009.507408
251.32 -56.44 0.17 10308.020316
-212.33 624.04 0.19 10067.680851
-49.33 -115.90 0.19 9138.453971
117.50 -736.93 0.16 9204.904503
469.72 610.23 0.17 7459.414672
-143.18 -258.60 0.18 10039.743446
-839.16 163.79 0.18 9630.790127
965.26 136.72 0.17 5623.717476
-346.70 -172.60 0.17 7619.831883
400.59 -616.54 0.16 7076.516227
-198.21 -50.52 0.18 6560.371988
421.45 -61.03 0.18 6273.998842
498.02 -165.53 0.16 8844.882036
267.37 -204.16 0.17 8896.242881
502.13 -152.80 0.17 9690.577445
-484.35 -259.71 0.16 6959.699490
-737.75 -86.61 0.16 8990.886539
76.41 -633.35 0.19 5036.491266
-36.91 -519.17 0.17 8908.958851
77.79 -157.98 0.16 6425.957614
548.12 -564.62 0.20 5782.838899
18.53 799.23 0.19 10710.135684
-296.96 183.48 0.18 5997.504019
-518.18 -137.12 0.19 7484.671346
-338.27 258.19 0.19 10182.935731
-19.64 751.00 0.17 6305.434813
-432.64 -767.11 0.20 8931.159956
-139.77 -697.62 0.22 10205.070804
-261.40 -609.47 0.21 7766.224770
521.41 -126.23 0.22 5563.402120
502.32 -432.81 0.22 8267.715365
316.47 -174.07 0.25 7979.888921
26.09 -985.68 0.24 5704.558568
307.30 288.20 0.25 8149.252451
916.95 388.17 0.21 9563.356605
-50.77 675.20 0.25 9553.761956
-701.15 317.81 0.21 8691.044183
